[行业>市值]
+----------+--------+----------+--------+--------+-------+---------+---------+
|   行业   |  代码  |   名称   |  市值  |   pe   | 涨幅  | 3日涨幅 | 6日涨幅 |
+----------+--------+----------+--------+--------+-------+---------+---------+
| 通信设备 | 000063 | 中兴通讯 | 1167.0 |  13.2  | -0.1  |  -0.1   |  -2.4   |
| 通信设备 | 600522 | 中天科技 | 799.0  |  19.7  | -4.8  |  -2.2   |   0.2   |
| 通信设备 | 300628 | 亿联网络 | 648.5  |  33.3  | -0.8  |  -4.1   |  -1.6   |
| 通信设备 | 600487 | 亨通光电 | 363.1  |  26.4  | -3.9  |   3.7   |   9.2   |
| 通信设备 | 603236 | 移远通信 | 243.1  |  49.2  | -2.8  |  -4.1   |   0.8   |
| 通信设备 | 601869 | 长飞光纤 | 241.6  |  29.7  | -2.6  |   6.7   |   7.1   |
| 通信设备 | 300308 | 中际旭创 | 240.5  |  27.7  |  0.2  |  -0.7   |  -3.0   |
| 通信设备 | 603712 |  七一二  | 231.9  | 269.8  | -2.8  |  -3.1   |  -4.1   |
| 通信设备 | 002465 | 海格通信 | 201.9  |  96.7  | -1.5  |  -1.5   |  -2.9   |
| 通信设备 | 300627 | 华测导航 | 183.7  |  68.8  | -0.9  |  -1.7   |   4.2   |
| 通信设备 | 600562 | 国睿科技 | 182.7  |  53.0  | -2.7  |   1.4   |  -0.4   |
| 通信设备 | 000547 | 航天发展 | 180.6  |  31.3  | -3.8  |  -9.3   |  -4.2   |
| 通信设备 | 000032 | 深桑达Ａ  | 168.2  | -32.8  | -2.7  |   0.5   |  -1.7   |
| 通信设备 | 003031 | 中瓷电子 | 167.5  | 117.4  | -6.5  |  -0.9   |  12.7   |
| 通信设备 | 600498 | 烽火通信 | 167.4  | 126.3  | -3.0  |  -0.1   |  -1.8   |
| 通信设备 | 002151 | 北斗星通 | 155.8  |  85.0  | -2.5  |  -2.2   |  -3.8   |
| 通信设备 | 300638 |  广和通  | 148.5  |  35.5  | -3.6  |   0.0   |  -8.8   |
| 通信设备 | 600435 | 北方导航 | 134.8  |  95.3  |  0.4  |  -1.0   |   0.9   |
| 通信设备 | 002396 | 星网锐捷 | 127.9  |  26.6  | -1.8  |  -0.2   |  -2.6   |
| 通信设备 | 600776 | 东方通信 | 127.2  | 579.3  | -2.8  |  -1.4   |  -5.5   |
| 通信设备 | 002281 | 光迅科技 | 121.5  |  21.2  |  2.4  |   3.0   |   0.3   |
| 通信设备 | 300502 |  新易盛  | 115.6  |  21.8  | -3.6  |  -6.2   |  -10.8  |
| 通信设备 | 300101 | 振芯科技 | 112.8  |  41.7  | -1.6  |   1.2   |   0.9   |
| 通信设备 | 688100 | 威胜信息 | 109.8  |  42.1  | -3.8  |   0.7   |   2.6   |
| 通信设备 | 600734 |  ST实达  | 106.7  | -181.0 | -5.0  |   2.7   |  11.4   |
| 通信设备 | 300394 | 天孚通信 |  92.9  |  28.0  | -1.7  |  -3.1   |  -10.6  |
| 通信设备 | 003040 |  楚天龙  |  88.1  |  54.0  | -2.8  |  -1.6   |  -7.2   |
| 通信设备 | 002583 |  海能达  |  86.3  | -29.3  | -1.0  |   1.9   |   0.0   |
| 通信设备 | 600775 | 南京熊猫 |  85.4  | -126.0 | -2.4  |   1.7   |  -2.5   |
| 通信设备 | 300762 | 上海瀚讯 |  83.7  | -102.9 | -0.5  |   2.9   |  20.7   |
| 通信设备 | 300065 |  海兰信  |  79.8  | -68.6  | -2.5  |  -2.5   |  -4.2   |
| 通信设备 | 688027 | 国盾量子 |  78.6  | -100.2 | -2.8  |   0.2   |  -1.8   |
| 通信设备 | 002897 | 意华股份 |  77.8  |  43.3  | -0.7  |   6.1   |  -0.4   |
| 通信设备 | 002413 | 雷科防务 |  75.8  |  72.6  | -2.8  |   4.2   |   0.7   |
| 通信设备 | 002491 | 通鼎互联 |  69.1  |  28.2  |  3.5  |  12.8   |  10.5   |
| 通信设备 | 688311 | 盟升电子 |  69.0  | -138.9 | -2.9  |   5.3   |   0.6   |
| 通信设备 | 002446 | 盛路通信 |  66.1  |  26.6  | -0.8  |   2.0   |   4.5   |
| 通信设备 | 600990 | 四创电子 |  65.7  | -20.9  | -2.2  |  -0.3   |  -2.0   |
| 通信设备 | 002194 | 武汉凡谷 |  65.4  |  15.1  | -4.4  |  -3.7   |  -5.2   |
| 通信设备 | 688668 | 鼎通科技 |  65.2  |  50.6  |  2.9  |   2.3   |   4.4   |
| 通信设备 | 300620 | 光库科技 |  61.5  |  67.0  |  2.4  |   2.8   |  14.3   |
| 通信设备 | 300134 | 大富科技 |  60.8  | -52.9  | -2.0  |   1.7   |  -1.4   |
| 通信设备 | 002935 | 天奥电子 |  59.7  | -123.3 | -1.4  |  -0.8   |  -3.2   |
| 通信设备 | 300590 | 移为通信 |  58.6  |  77.3  | -1.8  |   0.2   |  -3.8   |
| 通信设备 | 000070 | 特发信息 |  56.7  | 200.0  |  1.2  |   2.8   |   0.9   |
| 通信设备 | 603118 | 共进股份 |  56.4  |  28.1  | -0.8  |  -1.5   |  -3.3   |
| 通信设备 | 002104 | 恒宝股份 |  56.0  | -277.3 | -1.4  |   0.2   |  -2.2   |
| 通信设备 | 000851 | 高鸿股份 |  55.8  | 677.5  | -3.8  |   6.2   |   2.1   |
| 通信设备 | 688182 | 灿勤科技 |  54.6  |  73.8  | -1.5  |  -2.5   |  -6.5   |
| 通信设备 | 600105 | 永鼎股份 |  52.4  |  91.1  | -0.3  |   4.8   |   2.8   |
| 通信设备 | 002017 | 东信和平 |  52.2  | 154.7  | -3.9  |  -1.4   |  -4.3   |
| 通信设备 | 300397 | 天和防务 |  51.9  | -180.3 | -4.9  |  -0.9   |  -3.6   |
| 通信设备 | 300205 | 天喻信息 |  51.4  | 1386.3 | -2.3  |   2.1   |  -2.0   |
| 通信设备 | 688313 | 仕佳光子 |  48.5  |  53.1  | -2.9  |  -2.7   |  -6.0   |
| 通信设备 | 300548 | 博创科技 |  48.3  |  33.6  | -3.9  |   0.1   |   0.0   |
| 通信设备 | 300504 | 天邑股份 |  48.3  |  17.2  | -0.8  |   2.4   |   1.0   |
| 通信设备 | 002792 | 通宇通讯 |  48.0  |  59.9  | -0.1  |   1.1   |  -2.8   |
| 通信设备 | 000561 | 烽火电子 |  48.0  | -34.1  | -2.3  |  -0.1   |   0.4   |
| 通信设备 | 002829 | 星网宇达 |  47.3  | -143.6 | -4.1  |  -2.9   |   0.4   |
| 通信设备 | 300565 | 科信技术 |  45.5  | -89.9  |  7.8  |  27.9   |  76.6   |
| 通信设备 | 300353 | 东土科技 |  45.5  | -17.4  | -1.9  |   0.1   |  -2.8   |
| 通信设备 | 600293 | 三峡新材 |  45.0  |  20.3  |  1.8  |   7.2   |   4.6   |
| 通信设备 | 688788 | 科思科技 |  44.9  | -42.9  | -0.6  |   0.6   |  -4.4   |
| 通信设备 | 300252 |  金信诺  |  43.9  | 139.4  | -2.2  |   0.8   |  -0.7   |
| 通信设备 | 002977 | 天箭科技 |  42.5  |  56.5  | -3.7  |  -5.8   |  -7.5   |
| 通信设备 | 688282 | 理工导航 |  41.0  |  72.1  | -1.1  |  -0.4   |  -1.7   |
| 通信设备 | 301139 |  C元道   |  40.0  |  50.4  | -13.2 |  -14.5  |  -14.5  |
| 通信设备 | 301191 | 菲菱科思 |  39.5  |  14.8  | -4.0  |  -4.3   |  -8.3   |
| 通信设备 | 300629 |  新劲刚  |  37.9  |  27.5  | -0.7  |  -1.1   |  -2.0   |
| 通信设备 | 301189 | 奥尼电子 |  36.1  |  70.1  | -1.8  |  -1.1   |  -4.8   |
| 通信设备 | 000836 | 富通信息 |  34.9  | 260.8  | -0.3  |   2.9   |  -0.7   |
| 通信设备 | 300570 |  太辰光  |  34.3  |  36.4  | -1.6  |   1.4   |  -0.7   |
| 通信设备 | 002089 |  ST新海  |  33.7  | 358.1  |  0.4  |   0.8   |   6.1   |
| 通信设备 | 002902 | 铭普光磁 |  33.6  |  40.4  | -10.0 |  -12.5  |   4.7   |
| 通信设备 | 603803 | 瑞斯康达 |  32.8  |  29.3  |  0.8  |   4.4   |   2.4   |
| 通信设备 | 300213 | 佳讯飞鸿 |  32.6  | -269.3 | -1.6  |   1.3   |  -2.7   |
| 通信设备 | 600345 | 长江通信 |  30.0  |  33.1  | -1.3  |   1.5   |  -1.6   |
| 通信设备 | 300913 | 兆龙互连 |  29.3  |  34.8  |  0.1  |  -1.3   |   0.4   |
| 通信设备 | 688175 | 高凌信息 |  29.3  | 321.6  | -1.4  |  -1.8   |  -5.7   |
| 通信设备 | 600260 | *ST凯乐  |  28.9  |  -8.0  | -2.0  |  -3.3   |  -7.9   |
| 通信设备 | 300414 | 中光防雷 |  26.9  |  83.7  | -2.1  |   0.4   |  -1.2   |
| 通信设备 | 002296 | 辉煌科技 |  26.5  |  34.4  | -6.5  |   2.6   |   0.0   |
| 通信设备 | 300710 | 万隆光电 |  26.4  | 2601.3 | -2.4  |  -1.3   |  -7.2   |
| 通信设备 | 603083 | 剑桥科技 |  25.5  |  -5.9  | -2.6  |   1.5   |  -2.1   |
| 通信设备 | 300711 | 广哈通信 |  23.7  | -150.7 | -2.8  |   2.2   |  -0.8   |
| 通信设备 | 600083 | *ST博信  |  22.3  |  11.8  | -0.4  |   0.6   |  -1.3   |
| 通信设备 | 300698 | 万马科技 |  21.4  | -55.5  | -2.3  |  -0.6   |  -1.6   |
| 通信设备 | 002313 | *ST日海  |  21.4  | -10.9  | -3.1  |  -5.0   |  -8.6   |
| 通信设备 | 300563 | 神宇股份 |  21.1  |  30.0  | -1.7  |   0.8   |  -2.0   |
| 通信设备 | 688618 | 三旺通信 |  20.9  |  61.2  |  0.7  |   1.8   |  -1.9   |
| 通信设备 | 688080 |  映翰通  |  20.5  | 260.6  | -3.1  |   0.7   |  -0.6   |
| 通信设备 | 300689 | 澄天伟业 |  20.3  | 125.4  |  2.8  |   5.3   |   1.7   |
| 通信设备 | 300615 | 欣天科技 |  20.2  |  81.3  | -1.6  |   2.0   |  -2.9   |
| 通信设备 | 688159 | 有方科技 |  17.6  | -69.6  | -2.4  |   0.4   |  -8.7   |
| 通信设备 | 688418 | 震有科技 |  17.5  | -11.9  | -1.1  |   0.3   |  -1.9   |
| 通信设备 | 600355 | 精伦电子 |  16.4  | -54.5  | -1.5  |   5.4   |   4.4   |
| 通信设备 | 603042 | 华脉科技 |  15.8  | -31.0  | -1.3  |  -0.3   |  -3.1   |
| 通信设备 | 000586 | 汇源通信 |  15.8  | 102.8  | -1.1  |   0.7   |  -1.0   |
| 通信设备 | 300555 | 路通视信 |  15.5  |  72.6  | -0.9  |   1.8   |  -0.4   |
| 通信设备 | 600462 |  ST九有  |  13.3  | -19.7  | -4.4  |  -1.4   |  -3.1   |
+----------+--------+----------+--------+--------+-------+---------+---------+
 




 [行业>单日涨幅]
+----------+--------+----------+--------+--------+-------+---------+---------+
|   行业   |  代码  |   名称   |  市值  |   pe   | 涨幅  | 3日涨幅 | 6日涨幅 |
+----------+--------+----------+--------+--------+-------+---------+---------+
| 通信设备 | 300565 | 科信技术 |  45.5  | -89.9  |  7.8  |  27.9   |  76.6   |
| 通信设备 | 002491 | 通鼎互联 |  69.1  |  28.2  |  3.5  |  12.8   |  10.5   |
| 通信设备 | 688668 | 鼎通科技 |  65.2  |  50.6  |  2.9  |   2.3   |   4.4   |
| 通信设备 | 300689 | 澄天伟业 |  20.3  | 125.4  |  2.8  |   5.3   |   1.7   |
| 通信设备 | 002281 | 光迅科技 | 121.5  |  21.2  |  2.4  |   3.0   |   0.3   |
| 通信设备 | 300620 | 光库科技 |  61.5  |  67.0  |  2.4  |   2.8   |  14.3   |
| 通信设备 | 600293 | 三峡新材 |  45.0  |  20.3  |  1.8  |   7.2   |   4.6   |
| 通信设备 | 000070 | 特发信息 |  56.7  | 200.0  |  1.2  |   2.8   |   0.9   |
| 通信设备 | 603803 | 瑞斯康达 |  32.8  |  29.3  |  0.8  |   4.4   |   2.4   |
| 通信设备 | 688618 | 三旺通信 |  20.9  |  61.2  |  0.7  |   1.8   |  -1.9   |
| 通信设备 | 600435 | 北方导航 | 134.8  |  95.3  |  0.4  |  -1.0   |   0.9   |
| 通信设备 | 002089 |  ST新海  |  33.7  | 358.1  |  0.4  |   0.8   |   6.1   |
| 通信设备 | 300308 | 中际旭创 | 240.5  |  27.7  |  0.2  |  -0.7   |  -3.0   |
| 通信设备 | 300913 | 兆龙互连 |  29.3  |  34.8  |  0.1  |  -1.3   |   0.4   |
| 通信设备 | 000063 | 中兴通讯 | 1167.0 |  13.2  | -0.1  |  -0.1   |  -2.4   |
| 通信设备 | 002792 | 通宇通讯 |  48.0  |  59.9  | -0.1  |   1.1   |  -2.8   |
| 通信设备 | 600105 | 永鼎股份 |  52.4  |  91.1  | -0.3  |   4.8   |   2.8   |
| 通信设备 | 000836 | 富通信息 |  34.9  | 260.8  | -0.3  |   2.9   |  -0.7   |
| 通信设备 | 600083 | *ST博信  |  22.3  |  11.8  | -0.4  |   0.6   |  -1.3   |
| 通信设备 | 300762 | 上海瀚讯 |  83.7  | -102.9 | -0.5  |   2.9   |  20.7   |
| 通信设备 | 688788 | 科思科技 |  44.9  | -42.9  | -0.6  |   0.6   |  -4.4   |
| 通信设备 | 300629 |  新劲刚  |  37.9  |  27.5  | -0.7  |  -1.1   |  -2.0   |
| 通信设备 | 002897 | 意华股份 |  77.8  |  43.3  | -0.7  |   6.1   |  -0.4   |
| 通信设备 | 300628 | 亿联网络 | 648.5  |  33.3  | -0.8  |  -4.1   |  -1.6   |
| 通信设备 | 300504 | 天邑股份 |  48.3  |  17.2  | -0.8  |   2.4   |   1.0   |
| 通信设备 | 002446 | 盛路通信 |  66.1  |  26.6  | -0.8  |   2.0   |   4.5   |
| 通信设备 | 603118 | 共进股份 |  56.4  |  28.1  | -0.8  |  -1.5   |  -3.3   |
| 通信设备 | 300627 | 华测导航 | 183.7  |  68.8  | -0.9  |  -1.7   |   4.2   |
| 通信设备 | 300555 | 路通视信 |  15.5  |  72.6  | -0.9  |   1.8   |  -0.4   |
| 通信设备 | 002583 |  海能达  |  86.3  | -29.3  | -1.0  |   1.9   |   0.0   |
| 通信设备 | 688418 | 震有科技 |  17.5  | -11.9  | -1.1  |   0.3   |  -1.9   |
| 通信设备 | 000586 | 汇源通信 |  15.8  | 102.8  | -1.1  |   0.7   |  -1.0   |
| 通信设备 | 688282 | 理工导航 |  41.0  |  72.1  | -1.1  |  -0.4   |  -1.7   |
| 通信设备 | 600345 | 长江通信 |  30.0  |  33.1  | -1.3  |   1.5   |  -1.6   |
| 通信设备 | 603042 | 华脉科技 |  15.8  | -31.0  | -1.3  |  -0.3   |  -3.1   |
| 通信设备 | 002104 | 恒宝股份 |  56.0  | -277.3 | -1.4  |   0.2   |  -2.2   |
| 通信设备 | 688175 | 高凌信息 |  29.3  | 321.6  | -1.4  |  -1.8   |  -5.7   |
| 通信设备 | 002935 | 天奥电子 |  59.7  | -123.3 | -1.4  |  -0.8   |  -3.2   |
| 通信设备 | 002465 | 海格通信 | 201.9  |  96.7  | -1.5  |  -1.5   |  -2.9   |
| 通信设备 | 600355 | 精伦电子 |  16.4  | -54.5  | -1.5  |   5.4   |   4.4   |
| 通信设备 | 688182 | 灿勤科技 |  54.6  |  73.8  | -1.5  |  -2.5   |  -6.5   |
| 通信设备 | 300101 | 振芯科技 | 112.8  |  41.7  | -1.6  |   1.2   |   0.9   |
| 通信设备 | 300615 | 欣天科技 |  20.2  |  81.3  | -1.6  |   2.0   |  -2.9   |
| 通信设备 | 300213 | 佳讯飞鸿 |  32.6  | -269.3 | -1.6  |   1.3   |  -2.7   |
| 通信设备 | 300570 |  太辰光  |  34.3  |  36.4  | -1.6  |   1.4   |  -0.7   |
| 通信设备 | 300394 | 天孚通信 |  92.9  |  28.0  | -1.7  |  -3.1   |  -10.6  |
| 通信设备 | 300563 | 神宇股份 |  21.1  |  30.0  | -1.7  |   0.8   |  -2.0   |
| 通信设备 | 300590 | 移为通信 |  58.6  |  77.3  | -1.8  |   0.2   |  -3.8   |
| 通信设备 | 301189 | 奥尼电子 |  36.1  |  70.1  | -1.8  |  -1.1   |  -4.8   |
| 通信设备 | 002396 | 星网锐捷 | 127.9  |  26.6  | -1.8  |  -0.2   |  -2.6   |
| 通信设备 | 300353 | 东土科技 |  45.5  | -17.4  | -1.9  |   0.1   |  -2.8   |
| 通信设备 | 300134 | 大富科技 |  60.8  | -52.9  | -2.0  |   1.7   |  -1.4   |
| 通信设备 | 600260 | *ST凯乐  |  28.9  |  -8.0  | -2.0  |  -3.3   |  -7.9   |
| 通信设备 | 300414 | 中光防雷 |  26.9  |  83.7  | -2.1  |   0.4   |  -1.2   |
| 通信设备 | 300252 |  金信诺  |  43.9  | 139.4  | -2.2  |   0.8   |  -0.7   |
| 通信设备 | 600990 | 四创电子 |  65.7  | -20.9  | -2.2  |  -0.3   |  -2.0   |
| 通信设备 | 300205 | 天喻信息 |  51.4  | 1386.3 | -2.3  |   2.1   |  -2.0   |
| 通信设备 | 300698 | 万马科技 |  21.4  | -55.5  | -2.3  |  -0.6   |  -1.6   |
| 通信设备 | 000561 | 烽火电子 |  48.0  | -34.1  | -2.3  |  -0.1   |   0.4   |
| 通信设备 | 300710 | 万隆光电 |  26.4  | 2601.3 | -2.4  |  -1.3   |  -7.2   |
| 通信设备 | 600775 | 南京熊猫 |  85.4  | -126.0 | -2.4  |   1.7   |  -2.5   |
| 通信设备 | 688159 | 有方科技 |  17.6  | -69.6  | -2.4  |   0.4   |  -8.7   |
| 通信设备 | 002151 | 北斗星通 | 155.8  |  85.0  | -2.5  |  -2.2   |  -3.8   |
| 通信设备 | 300065 |  海兰信  |  79.8  | -68.6  | -2.5  |  -2.5   |  -4.2   |
| 通信设备 | 601869 | 长飞光纤 | 241.6  |  29.7  | -2.6  |   6.7   |   7.1   |
| 通信设备 | 603083 | 剑桥科技 |  25.5  |  -5.9  | -2.6  |   1.5   |  -2.1   |
| 通信设备 | 000032 | 深桑达Ａ  | 168.2  | -32.8  | -2.7  |   0.5   |  -1.7   |
| 通信设备 | 600562 | 国睿科技 | 182.7  |  53.0  | -2.7  |   1.4   |  -0.4   |
| 通信设备 | 003040 |  楚天龙  |  88.1  |  54.0  | -2.8  |  -1.6   |  -7.2   |
| 通信设备 | 603236 | 移远通信 | 243.1  |  49.2  | -2.8  |  -4.1   |   0.8   |
| 通信设备 | 688027 | 国盾量子 |  78.6  | -100.2 | -2.8  |   0.2   |  -1.8   |
| 通信设备 | 002413 | 雷科防务 |  75.8  |  72.6  | -2.8  |   4.2   |   0.7   |
| 通信设备 | 603712 |  七一二  | 231.9  | 269.8  | -2.8  |  -3.1   |  -4.1   |
| 通信设备 | 600776 | 东方通信 | 127.2  | 579.3  | -2.8  |  -1.4   |  -5.5   |
| 通信设备 | 300711 | 广哈通信 |  23.7  | -150.7 | -2.8  |   2.2   |  -0.8   |
| 通信设备 | 688311 | 盟升电子 |  69.0  | -138.9 | -2.9  |   5.3   |   0.6   |
| 通信设备 | 688313 | 仕佳光子 |  48.5  |  53.1  | -2.9  |  -2.7   |  -6.0   |
| 通信设备 | 600498 | 烽火通信 | 167.4  | 126.3  | -3.0  |  -0.1   |  -1.8   |
| 通信设备 | 002313 | *ST日海  |  21.4  | -10.9  | -3.1  |  -5.0   |  -8.6   |
| 通信设备 | 688080 |  映翰通  |  20.5  | 260.6  | -3.1  |   0.7   |  -0.6   |
| 通信设备 | 300638 |  广和通  | 148.5  |  35.5  | -3.6  |   0.0   |  -8.8   |
| 通信设备 | 300502 |  新易盛  | 115.6  |  21.8  | -3.6  |  -6.2   |  -10.8  |
| 通信设备 | 002977 | 天箭科技 |  42.5  |  56.5  | -3.7  |  -5.8   |  -7.5   |
| 通信设备 | 000547 | 航天发展 | 180.6  |  31.3  | -3.8  |  -9.3   |  -4.2   |
| 通信设备 | 688100 | 威胜信息 | 109.8  |  42.1  | -3.8  |   0.7   |   2.6   |
| 通信设备 | 000851 | 高鸿股份 |  55.8  | 677.5  | -3.8  |   6.2   |   2.1   |
| 通信设备 | 300548 | 博创科技 |  48.3  |  33.6  | -3.9  |   0.1   |   0.0   |
| 通信设备 | 002017 | 东信和平 |  52.2  | 154.7  | -3.9  |  -1.4   |  -4.3   |
| 通信设备 | 600487 | 亨通光电 | 363.1  |  26.4  | -3.9  |   3.7   |   9.2   |
| 通信设备 | 301191 | 菲菱科思 |  39.5  |  14.8  | -4.0  |  -4.3   |  -8.3   |
| 通信设备 | 002829 | 星网宇达 |  47.3  | -143.6 | -4.1  |  -2.9   |   0.4   |
| 通信设备 | 002194 | 武汉凡谷 |  65.4  |  15.1  | -4.4  |  -3.7   |  -5.2   |
| 通信设备 | 600462 |  ST九有  |  13.3  | -19.7  | -4.4  |  -1.4   |  -3.1   |
| 通信设备 | 600522 | 中天科技 | 799.0  |  19.7  | -4.8  |  -2.2   |   0.2   |
| 通信设备 | 300397 | 天和防务 |  51.9  | -180.3 | -4.9  |  -0.9   |  -3.6   |
| 通信设备 | 600734 |  ST实达  | 106.7  | -181.0 | -5.0  |   2.7   |  11.4   |
| 通信设备 | 002296 | 辉煌科技 |  26.5  |  34.4  | -6.5  |   2.6   |   0.0   |
| 通信设备 | 003031 | 中瓷电子 | 167.5  | 117.4  | -6.5  |  -0.9   |  12.7   |
| 通信设备 | 002902 | 铭普光磁 |  33.6  |  40.4  | -10.0 |  -12.5  |   4.7   |
| 通信设备 | 301139 |  C元道   |  40.0  |  50.4  | -13.2 |  -14.5  |  -14.5  |
+----------+--------+----------+--------+--------+-------+---------+---------+
