[行业>三日涨幅]
+--------------+--------+------------+--------+---------+------+---------+---------+
|     行业     |  代码  |    名称    |  市值  |   pe    | 涨幅 | 3日涨幅 | 6日涨幅 |
+--------------+--------+------------+--------+---------+------+---------+---------+
|   食品饮料   | 605198 |  德利股份  |  70.4  |  54.4   | 5.4  |   9.6   |  10.1   |
|   食品饮料   | 600191 |  *ST华资   |  25.3  |  -18.4  | 3.6  |   8.1   |   7.6   |
|   食品饮料   | 300858 |  科拓生物  |  39.9  |  42.6   | 3.5  |   5.0   |   1.3   |
|   食品饮料   | 603102 |  百合股份  |  30.2  |  24.2   | 4.8  |   3.8   |   2.5   |
|   食品饮料   | 300765 |   新诺威   |  92.2  |  20.8   | 4.8  |   3.8   |  18.5   |
|   食品饮料   | 300175 |  朗源股份  |  19.2  | -436.9  | 3.5  |   1.8   |   3.5   |
|   食品饮料   | 002495 |  佳隆股份  |  24.8  | -284.0  | 3.5  |   1.1   |   1.5   |
|   食品饮料   | 600298 |  安琪酵母  | 394.6  |  31.6   | 3.6  |   0.6   |  -3.9   |
|   食品饮料   | 002557 |  洽洽食品  | 258.3  |  31.1   | 3.2  |  -1.1   |  -5.0   |
|   风电设备   | 002487 |  大金重工  | 270.1  |  108.3  | 5.5  |  17.6   |  12.1   |
|   风电设备   | 603218 |  日月股份  | 275.3  |  115.6  | 5.5  |  11.5   |  12.8   |
|   风电设备   | 300850 |   新强联   | 326.7  |  83.6   | 5.4  |   9.4   |  13.3   |
|   风电设备   | 002202 |  金风科技  | 658.7  |  13.0   | 4.7  |   6.9   |   2.8   |
|   风电设备   | 300690 |  双一科技  |  31.3  |  71.5   | 5.2  |   6.4   |   4.7   |
|   风电设备   | 300185 |  通裕重工  | 118.5  |  56.9   | 4.1  |   5.6   |   7.8   |
|   风电设备   | 601615 |  明阳智能  | 757.2  |  13.4   | 5.2  |   5.5   |  -1.3   |
|   风电设备   | 603063 |  禾望电气  | 170.9  |  63.8   | 4.3  |   3.9   |   5.2   |
|   铁路公路   | 600350 |  山东高速  | 274.7  |   9.6   | 3.2  |   9.6   |   8.1   |
|   铁路公路   | 601107 |  四川成渝  | 129.4  |  12.9   | 4.2  |   7.6   |   6.0   |
|   铁路公路   | 000900 |  现代投资  |  66.2  |  10.3   | 3.1  |   7.4   |   7.1   |
|   铁路公路   | 601188 |  龙江交通  |  44.2  |  18.8   | 3.7  |   6.7   |   6.7   |
|   铁路公路   | 000429 |  粤高速Ａ   | 165.2  |   9.6   | 5.2  |   6.6   |   2.5   |
|   铁路公路   | 600548 |   深高速   | 215.9  |  13.1   | 3.2  |   4.4   |   4.1   |
|   铁路公路   | 600106 |  重庆路桥  |  58.7  |  97.3   | 3.8  |   3.5   |   5.0   |
|   铁路公路   | 600662 |  外服控股  | 150.7  |  21.8   | 4.3  |   3.1   |   3.3   |
|   铁路公路   | 603069 |  海汽集团  |  96.7  | -148.3  | 4.0  |  -0.8   |  -4.1   |
|   钢铁行业   | 002318 |  久立特材  | 154.4  |  19.9   | 3.1  |   0.0   |  -2.1   |
|   钢铁行业   | 300881 |  盛德鑫泰  |  23.5  |  44.9   | 4.3  |  -0.4   |  -3.5   |
|   造纸印刷   | 002521 |  齐峰新材  |  26.7  |  32.5   | 3.5  |   2.3   |   3.2   |
|   造纸印刷   | 603499 |  翔港科技  |  15.8  |  233.0  | 3.4  |   1.9   |   2.6   |
|   造纸印刷   | 600433 |  冠豪高新  |  73.2  |  47.9   | 5.3  |   1.8   |   0.8   |
|   造纸印刷   | 603607 |  京华激光  |  24.0  |  17.6   | 5.0  |   1.7   |   1.0   |
|   造纸印刷   | 600235 |  民丰特纸  |  19.7  |  31.1   | 4.1  |   1.4   |   0.7   |
|   造纸印刷   | 603058 |  永吉股份  |  29.2  |  -30.2  | 3.6  |   0.6   |   0.4   |
|   造纸印刷   | 002012 |  凯恩股份  |  28.3  |  50.0   | 3.2  |  -3.8   |  15.0   |
|   通用设备   | 603667 |  五洲新春  |  54.2  |  33.8   | 3.6  |   8.9   |   7.1   |
|   通用设备   | 002342 |  巨力索具  |  39.1  |  204.2  | 3.0  |   4.1   |   4.6   |
|   通用设备   | 002686 |   亿利达   |  31.6  |  151.4  | 3.5  |   3.5   |   4.3   |
|   通用设备   | 601002 |  晋亿实业  |  50.8  |  23.3   | 3.9  |   3.5   |   4.7   |
|   通用设备   | 603757 |  大元泵业  |  25.7  |  24.3   | 3.6  |   3.4   |   5.1   |
|   通用设备   | 601177 |  杭齿前进  |  36.7  |  18.6   | 3.3  |   3.1   |   8.7   |
|   通用设备   | 605060 |  联德股份  |  47.4  |  31.7   | 4.2  |   3.1   |   5.0   |
|   通用设备   | 002150 |  通润装备  |  25.0  |  20.4   | 4.2  |   2.9   |   6.5   |
|   通用设备   | 002347 |  泰尔股份  |  24.0  |  883.1  | 3.5  |   2.4   |   2.1   |
|   通用设备   | 300278 |   华昌达   |  70.1  |  98.6   | 5.8  |   1.9   |   1.0   |
|   通用设备   | 603269 |  海鸥股份  |  13.8  |  123.5  | 3.8  |   1.3   |   3.6   |
|   通用设备   | 603090 |  宏盛股份  |  28.5  |  258.6  | 4.2  |   0.5   |   7.7   |
|   通用设备   | 002426 |  胜利精密  |  82.6  |  263.7  | 4.3  |   0.4   |   0.8   |
|   通用设备   | 002871 |  伟隆股份  |  17.6  |  47.0   | 3.7  |   0.3   |   2.7   |
|   通用设备   | 603028 |   赛福天   |  26.1  |  70.4   | 3.9  |  -0.2   |  -2.8   |
|   通用设备   | 000880 |  潍柴重机  |  32.2  |  41.7   | 4.6  |  -0.4   |  -8.1   |
|   通用设备   | 300780 |  德恩精工  |  22.8  |  21.4   | 3.1  |  -0.7   |   3.5   |
|   通用设备   | 301137 |  哈焊华通  |  30.6  |  89.7   | 3.4  |  -0.7   |  -3.7   |
|   通用设备   | 300554 |  三超新材  |  14.9  |  -66.1  | 5.0  |  -0.9   |   1.3   |
|   通用设备   | 600114 |  东睦股份  |  53.0  |  192.4  | 3.6  |  -1.3   |   5.7   |
|   通用设备   | 300470 |  中密控股  |  77.0  |  31.2   | 3.2  |  -1.3   |   5.3   |
|   通用设备   | 300092 |  科新机电  |  23.8  |  17.6   | 3.7  |  -1.4   |   2.0   |
|   通用设备   | 300885 |  海昌新材  |  27.8  |  31.9   | 3.8  |  -1.4   |  -1.3   |
|   通用设备   | 002026 |  山东威达  |  53.6  |  20.9   | 5.8  |  -1.9   |   1.2   |
|   通用设备   | 300488 |  恒锋工具  |  40.4  |  34.6   | 4.2  |  -2.0   |  -0.3   |
|   通用设备   | 300943 |  春晖智控  |  30.3  |  63.0   | 5.5  |  -2.0   |   0.3   |
|   通用设备   | 300946 |   恒而达   |  42.0  |  39.5   | 3.2  |  -2.6   |  -2.9   |
|   通用设备   | 600481 |  双良节能  | 291.9  |  60.4   | 5.2  |  -2.9   |  -2.4   |
|   通用设备   | 300985 |  致远新能  |  37.5  | -232.1  | 4.5  |  -2.9   |   1.7   |
|   通用设备   | 300228 |  富瑞特装  |  36.0  |  -41.4  | 3.5  |  -3.0   |  -0.8   |
|   通用设备   | 300193 |  佳士科技  |  40.8  |  21.0   | 3.2  |  -3.2   |  -2.6   |
|   通用设备   | 002931 |  锋龙股份  |  20.8  |  31.4   | 3.1  |  -3.6   |   0.6   |
|   通用设备   | 300984 |  金沃股份  |  20.3  |  54.4   | 3.7  |  -3.8   |  -5.1   |
|   通用设备   | 002248 |  华东数控  |  23.8  |  145.4  | 3.8  |  -3.9   |  -0.5   |
|   通用设备   | 300971 |  博亚精工  |  19.5  |  36.0   | 3.4  |  -4.4   |  -4.1   |
|   通用设备   | 688017 |  绿的谐波  | 220.7  |  151.1  | 5.2  |  -7.7   |  -4.7   |
|   通信设备   | 000851 |  高鸿股份  |  61.3  |  744.0  | 4.8  |   5.6   |  14.6   |
|   通信设备   | 002897 |  意华股份  |  80.6  |  44.9   | 4.2  |   3.1   |   8.2   |
|   通信设备   | 600487 |  亨通光电  | 388.6  |  28.2   | 4.6  |   2.9   |  16.2   |
|   通信设备   | 000836 |  富通信息  |  35.5  |  265.3  | 4.6  |   1.4   |   4.3   |
|   通信设备   | 002583 |   海能达   |  87.7  |  -29.8  | 3.9  |   0.6   |   3.4   |
|   通信设备   | 002792 |  通宇通讯  |  48.4  |  60.2   | 3.1  |   0.6   |   1.9   |
|   通信设备   | 002089 |   ST新海   |  33.7  |  358.1  | 5.2  |   0.4   |   2.9   |
|   通信设备   | 300101 |  振芯科技  | 114.6  |  42.4   | 4.9  |   0.1   |   3.6   |
|   通信设备   | 600522 |  中天科技  | 838.9  |  20.6   | 3.1  |  -0.1   |   3.5   |
|   通信设备   | 300563 |  神宇股份  |  21.2  |  30.1   | 3.0  |  -1.5   |   0.2   |
|   通信设备   | 300698 |  万马科技  |  21.5  |  -55.6  | 5.9  |  -2.1   |   0.4   |
|   通信设备   | 300252 |   金信诺   |  43.6  |  138.3  | 3.1  |  -3.0   |  -1.4   |
|   通信设备   | 600990 |  四创电子  |  64.9  |  -20.6  | 3.0  |  -3.4   |  -2.2   |
|   通信设备   | 002296 |  辉煌科技  |  26.8  |  34.8   | 3.3  |  -5.4   |   2.2   |
|   通信服务   | 002148 |  北纬科技  |  26.9  |  102.7  | 4.1  |   0.6   |   1.5   |
|   通信服务   | 603602 |  纵横通信  |  19.3  |  -47.8  | 3.2  |  -0.5   |  -0.7   |
|   通信服务   | 300050 |  世纪鼎利  |  22.9  |  83.0   | 3.5  |  -1.2   |   6.8   |
|   通信服务   | 603322 |  超讯通信  |  31.4  |  192.0  | 3.5  |  -3.6   |  -6.9   |
|   软件开发   | 300365 |  恒华科技  |  49.0  |  -67.7  | 5.8  |  10.1   |  19.4   |
|   软件开发   | 300799 |  左江科技  |  76.3  |  -73.1  | 3.3  |   0.5   |   4.8   |
|   软件开发   | 688369 |  致远互联  |  37.7  |  -33.8  | 3.8  |   0.3   |   7.3   |
|   软件开发   | 300074 |  华平股份  |  19.8  | -170.8  | 3.1  |  -0.5   |   1.9   |
|   软件开发   | 603528 |  多伦科技  |  37.3  |  221.0  | 3.8  |  -1.3   |   0.5   |
|   软件开发   | 300608 |   思特奇   |  21.6  |  -10.0  | 3.2  |  -3.7   |  -2.9   |
|   软件开发   | 300588 |  熙菱信息  |  18.7  |  -30.3  | 4.1  |  -4.6   |  -7.4   |
|   软件开发   | 300624 |  万兴科技  |  39.0  | -273.9  | 3.1  |  -6.1   |  -4.5   |
|   软件开发   | 301117 |  佳缘科技  |  44.7  | -259.6  | 3.4  |  -8.2   |  -9.2   |
|   贸易行业   | 600153 |  建发股份  | 381.5  |   9.5   | 3.2  |   9.2   |   0.5   |
|   贸易行业   | 001316 |  润贝航科  |  32.3  |  42.9   | 3.6  |   0.9   |  -7.2   |
|   贸易行业   | 600647 |  同达创业  |  25.9  |  101.2  | 4.9  |   0.7   |   4.4   |
|   贸易行业   | 002505 |  鹏都农牧  | 226.9  |  167.6  | 5.3  |   0.0   |   0.0   |
|   贸易行业   | 600250 |  南纺股份  |  16.2  |  -10.9  | 3.6  |  -2.6   |  -2.4   |
|    贵金属    | 600311 |  *ST荣华   |  9.7   |  -30.1  | 5.0  |   9.8   |   7.3   |
|    贵金属    | 601069 |  西部黄金  |  86.8  |  -40.4  | 5.1  |  -0.3   |  -2.7   |
|     证券     | 600864 |  哈投股份  | 108.6  |  -5.7   | 4.0  |   5.0   |   4.2   |
|  计算机设备  | 300449 |  汉邦高科  |  15.2  |  -38.0  | 3.9  |   1.0   |   5.6   |
|  计算机设备  | 300551 |  古鳌科技  |  31.8  | -385.0  | 3.5  |  -1.2   |   1.3   |
|  计算机设备  | 300045 |  华力创通  |  46.2  |  673.9  | 4.0  |  -2.7   |   0.9   |
|   装修装饰   | 002856 |  美芝股份  |  14.6  |  978.0  | 3.3  |   5.5   |   7.5   |
|   装修装饰   | 002811 |  郑中设计  |  23.4  |  108.5  | 5.8  |   4.7   |   1.9   |
|   装修装饰   | 603828 |   柯利达   |  21.4  |  -14.2  | 3.5  |   4.2   |   4.5   |
|   装修装饰   | 002822 |  中装建设  |  37.7  |  -95.6  | 4.1  |   3.7   |   3.3   |
|   装修装饰   | 002713 |  东易日盛  |  27.8  |  -2.9   | 5.9  |   3.1   |  -0.3   |
|   装修装饰   | 300374 |  中铁装配  |  29.2  |  -19.2  | 4.8  |   2.9   |   3.2   |
|   装修装饰   | 300993 |  玉马遮阳  |  31.3  |  29.0   | 3.7  |   2.6   |   4.0   |
|   装修装饰   | 605155 |   西大门   |  19.4  |  24.9   | 3.1  |   1.3   |   1.1   |
|   装修装饰   | 605287 |  德才股份  |  24.8  |  14.5   | 3.5  |   0.7   |   0.7   |
|   装修装饰   | 002830 |  名雕股份  |  14.0  |  -43.7  | 3.9  |   0.7   |   1.1   |
|   装修装饰   | 002375 |  亚厦股份  |  68.6  |  19.9   | 3.4  |   0.0   |   0.6   |
|   装修装饰   | 002963 |   豪尔赛   |  18.3  |  -21.0  | 3.2  |  -1.2   |   0.5   |
|   装修建材   | 002225 |  濮耐股份  |  45.8  |  15.3   | 3.2  |   6.8   |  10.8   |
|   装修建材   | 000663 |  永安林业  |  24.9  |  55.3   | 5.3  |   6.3   |   3.8   |
|   装修建材   | 603856 |  东宏股份  |  34.3  |  19.8   | 5.0  |   6.2   |   5.6   |
|   装修建材   | 002785 |   万里石   |  51.9  |  236.2  | 3.5  |   4.1   |   2.4   |
|   装修建材   | 002162 |  悦心健康  |  42.8  |  -70.0  | 3.1  |   2.9   |   7.2   |
|   装修建材   | 002652 |  扬子新材  |  14.8  |  -54.6  | 3.6  |   2.1   |   3.6   |
|   装修建材   | 002088 |  鲁阳节能  | 114.8  |  23.6   | 4.4  |   1.5   |   0.4   |
|   装修建材   | 300234 |  开尔新材  |  32.9  |  85.8   | 5.9  |   0.9   |   0.6   |
|   装修建材   | 002853 |   皮阿诺   |  21.5  |  28.8   | 4.2  |  -0.5   |  -1.3   |
|   装修建材   | 603378 |  亚士创能  |  46.6  |  -30.6  | 3.1  |  -2.0   |  -5.8   |
|   装修建材   | 603801 |  志邦家居  |  73.4  |  35.8   | 3.2  |  -2.2   |  -8.7   |
|   船舶制造   | 600150 |  中国船舶  | 855.1  |  411.5  | 3.4  |   1.9   |   0.1   |
|   船舶制造   | 300600 |  国瑞科技  |  26.2  |  -85.2  | 3.4  |  -0.7   |  -1.3   |
|   船舶制造   | 300123 |  亚光科技  |  60.0  |  -27.5  | 3.1  |  -2.9   |  -1.6   |
|   航运港口   | 002040 |   南京港   |  33.2  |  22.5   | 3.5  |   5.6   |   4.2   |
|   航运港口   | 600190 |   锦州港   |  66.7  |  36.5   | 3.7  |   5.4   |   2.8   |
|   航运港口   | 000905 |  厦门港务  |  50.3  |  19.1   | 3.7  |   4.4   |   2.9   |
|   航运港口   | 600026 |  中远海能  | 436.5  |  436.0  | 5.4  |   3.0   |  -12.6  |
|   航空机场   | 601111 |  中国国航  | 1519.0 |  -4.3   | 4.6  |   3.5   |  -2.3   |
|   航空机场   | 600029 |  南方航空  | 1169.0 |  -6.5   | 3.5  |   3.1   |   1.3   |
|   航空机场   | 000099 |  中信海直  |  61.8  |  21.7   | 3.1  |   3.0   |   1.0   |
|   航空机场   | 603885 |  吉祥航空  | 325.6  |  -15.0  | 3.8  |   1.7   |  -0.8   |
|   航空机场   | 600004 |  白云机场  | 334.9  | -101.2  | 3.5  |   1.6   |   0.7   |
|   航空机场   | 601021 |  春秋航空  | 490.3  |  -28.1  | 4.5  |   0.6   |  -1.7   |
|   美容护理   | 688363 |  华熙生物  | 655.5  |  82.0   | 5.7  |   0.4   |  -0.6   |
|   美容护理   | 300132 |  青松股份  |  33.8  |  -13.8  | 3.3  |  -1.8   |  -4.5   |
|   综合行业   | 000652 |  泰达股份  |  60.9  |  392.8  | 4.8  |   3.8   |   3.0   |
|   综合行业   | 600113 |  浙江东日  |  29.6  |  16.2   | 5.7  |   3.0   |  -2.0   |
|   综合行业   | 600051 |  宁波联合  |  21.2  |  -95.3  | 3.2  |   2.2   |   1.8   |
|   纺织服装   | 600735 |   新华锦   |  29.7  |  66.6   | 3.9  |   2.1   |   1.2   |
|   纺织服装   | 300526 |  *ST中潜   |  14.6  |  -42.8  | 3.0  |   1.1   |  -2.7   |
|   纺织服装   | 601718 |  际华集团  | 141.8  |  33.3   | 4.5  |  -1.5   |   0.3   |
|   纺织服装   | 603908 |   牧高笛   |  60.0  |  40.8   | 4.0  |  -3.7   |  -3.4   |
|   石油行业   | 600777 |  新潮能源  | 184.3  |   8.8   | 3.0  |   5.0   |  -2.5   |
|   石油行业   | 600387 |   ST海越   |  28.9  |  42.3   | 3.2  |   0.2   |  -1.3   |
|   电网设备   | 300882 |  万胜智能  |  40.3  |  130.6  | 4.8  |  12.1   |  40.9   |
|   电网设备   | 603097 |  江苏华辰  |  41.1  |  35.8   | 5.2  |  10.9   |  12.6   |
|   电网设备   | 603861 |  白云电器  |  39.2  |  -18.0  | 4.9  |  10.6   |   9.6   |
|   电网设备   | 300040 |  九洲集团  |  47.5  |  28.4   | 4.2  |   9.3   |  11.4   |
|   电网设备   | 000400 |  许继电气  | 224.7  |  55.8   | 4.0  |   8.9   |  13.3   |
|   电网设备   | 603618 |  杭电股份  |  46.6  |  45.5   | 3.9  |   7.0   |   9.4   |
|   电网设备   | 600112 |  *ST天成   |  15.2  |  -10.8  | 4.9  |   6.0   |   0.3   |
|   电网设备   | 300510 |  金冠股份  |  42.4  | -101.8  | 5.8  |   6.0   |   7.8   |
|   电网设备   | 300062 |  中能电气  |  41.6  |  98.0   | 4.2  |   5.4   |   7.8   |
|   电网设备   | 601126 |  四方股份  | 136.1  |  26.4   | 5.8  |   5.2   |   2.2   |
|   电网设备   | 603556 |  海兴电力  |  80.8  |  14.4   | 4.0  |   5.2   |   5.6   |
|   电网设备   | 002121 |  科陆电子  |  98.6  |  -52.4  | 3.9  |   5.0   |  -0.4   |
|   电网设备   | 300265 |  通光线缆  |  34.1  |  60.9   | 3.5  |   4.3   |   7.7   |
|   电网设备   | 605066 |  天正电气  |  37.7  |  75.9   | 4.5  |   4.2   |   5.3   |
|   电网设备   | 600268 |  国电南自  |  69.6  |  -25.8  | 4.6  |   4.2   |   7.5   |
|   电网设备   | 600406 |  国电南瑞  | 1990.0 |  131.2  | 3.2  |   4.0   |   5.0   |
|   电网设备   | 002533 |  金杯电工  |  54.7  |  18.4   | 3.5  |   3.9   |   3.6   |
|   电网设备   | 001208 |  华菱线缆  |  74.3  |  63.8   | 3.6  |   3.9   |   7.2   |
|   电网设备   | 300933 |  中辰股份  |  39.9  |  48.7   | 5.1  |   3.8   |   8.1   |
|   电网设备   | 600550 |  保变电气  | 108.5  |  214.7  | 4.2  |   3.7   |   1.6   |
|   电网设备   | 603333 |  尚纬股份  |  39.9  |  49.1   | 3.0  |   3.5   |   6.8   |
|   电网设备   | 601616 |  广电电气  |  32.9  |  63.7   | 3.8  |   3.2   |   7.0   |
|   电网设备   | 300670 |  大烨智能  |  26.8  |  -89.5  | 3.3  |   3.0   |  14.2   |
|   电网设备   | 002346 |  柘中股份  |  60.0  |  40.8   | 5.3  |   3.0   |   5.0   |
|   电网设备   | 600379 |  宝光股份  |  36.3  |  134.5  | 3.9  |   2.9   |   5.5   |
|   电网设备   | 600973 |  宝胜股份  |  87.9  |  58.1   | 3.7  |   2.9   |  10.5   |
|   电网设备   | 688517 |  金冠电气  |  16.7  |  189.7  | 3.2  |   2.9   |   8.9   |
|   电网设备   | 300141 |  和顺电气  |  26.0  | -273.1  | 5.7  |   2.6   |   7.6   |
|   电网设备   | 600468 |  百利电气  |  50.1  |  45.7   | 3.8  |   2.4   |   3.3   |
|   电网设备   | 605196 |  华通线缆  |  41.6  |  45.5   | 5.9  |   2.1   |   3.0   |
|   电网设备   | 603530 |  神马电力  |  66.7  | 2053.9  | 3.1  |   1.7   |  -9.7   |
|   电网设备   | 002441 |   众业达   |  50.8  |   8.5   | 3.3  |   1.6   |   2.5   |
|   电网设备   | 300444 |  双杰电气  |  40.6  | -133.7  | 4.7  |   1.6   |   4.9   |
|   电网设备   | 002927 |  泰永长征  |  25.7  |  48.0   | 3.1  |   1.5   |   1.2   |
|   电网设备   | 300001 |   特锐德   | 192.5  |  281.9  | 3.1  |   1.2   |   5.2   |
|   电网设备   | 301012 |  扬电科技  |  34.3  |  35.5   | 3.3  |   1.1   |   2.4   |
|   电网设备   | 300423 |  昇辉科技  |  53.2  |  22.4   | 3.3  |   1.1   |   0.9   |
|   电网设备   | 605222 |  起帆电缆  |  92.4  |  15.4   | 4.7  |   1.0   |  -0.6   |
|   电网设备   | 603829 |  洛凯股份  |  17.0  | 16187.7 | 4.1  |   0.9   |   5.0   |
|   电网设备   | 000720 |  新能泰山  |  76.2  |  -58.5  | 3.3  |   0.5   |   2.2   |
|   电网设备   | 603577 |   汇金通   |  36.8  |  56.4   | 3.7  |   0.5   |  -2.3   |
|   电网设备   | 002857 |  三晖电气  |  20.9  | -167.9  | 3.3  |   0.4   |  -0.9   |
|   电网设备   | 600525 |  长园集团  |  70.0  |  37.3   | 3.3  |   0.4   |   3.3   |
|   电网设备   | 300341 |  麦克奥迪  |  46.3  |  25.4   | 3.2  |   0.3   |   1.2   |
|   电网设备   | 300490 |  华自科技  |  46.4  | -148.8  | 4.0  |  -0.7   |  -0.3   |
|   电网设备   | 002560 |  通达股份  |  33.2  |  69.2   | 3.6  |  -0.8   |   1.6   |
|   电网设备   | 300283 |  温州宏丰  |  26.7  |  95.0   | 3.7  |  -0.8   |   2.7   |
|   电网设备   | 002606 |  大连电瓷  |  46.6  |  20.1   | 5.3  |  -0.8   |  17.1   |
|   电网设备   | 000806 |  *ST银河   |  27.7  |  -47.2  | 5.0  |  -1.2   |   2.4   |
|   电网设备   | 688226 |  威腾电气  |  19.5  |  32.8   | 4.7  |  -1.3   |   5.7   |
|   电网设备   | 688330 |   宏力达   |  89.1  |  19.7   | 4.1  |  -1.3   |   1.4   |
|   电网设备   | 300477 |  合纵科技  |  80.2  |  22.0   | 3.2  |  -2.0   |  -6.4   |
|   电源设备   | 002366 |  *ST海核   |  41.1  |  -33.3  | 5.1  |   8.0   |  22.8   |
|   电源设备   | 600202 |   哈空调   |  22.1  |  93.5   | 4.2  |   4.2   |   8.7   |
|   电源设备   | 002630 |  华西能源  |  36.4  |  -5.9   | 5.5  |   3.0   |   3.4   |
|   电源设备   | 300105 |  龙源技术  |  33.1  | -113.3  | 3.4  |   2.6   |   7.8   |
|   电源设备   | 600475 |  华光环能  |  80.3  |   9.7   | 3.4  |   1.7   |  -0.6   |
|   电源设备   | 300491 |  通合科技  |  26.3  |  -79.6  | 4.8  |   1.3   |   1.8   |
|   电源设备   | 300713 |   英可瑞   |  23.8  |  357.9  | 5.5  |   1.1   |   1.3   |
|   电源设备   | 002665 |  首航高科  |  81.0  |  -37.6  | 3.9  |   0.9   |   3.2   |
|   电源设备   | 300153 |  科泰电源  |  28.2  |  150.2  | 4.5  |   0.7   |   3.0   |
|   电源设备   | 600405 |   动力源   |  33.4  |  -43.6  | 3.8  |  -0.5   |   3.8   |
|   电源设备   | 002518 |   科士达   | 175.3  |  80.8   | 5.5  |  -4.0   |  -2.3   |
|   电源设备   | 002335 |  科华数据  | 154.1  |  39.3   | 3.4  |  -6.2   |   3.4   |
|     电池     | 002733 |  雄韬股份  |  66.4  |  141.7  | 3.5  |  -0.6   |  -8.3   |
|     电池     | 002580 |  圣阳股份  |  39.2  |  45.6   | 3.9  |  -0.7   |  -1.4   |
|     电池     | 300207 |   欣旺达   | 526.2  |  138.6  | 5.3  |  -0.9   |   1.0   |
|     电池     | 300648 |  星云股份  |  59.0  |  -46.0  | 4.5  |  -1.4   |  -2.4   |
|     电池     | 300068 |  南都电源  | 136.0  |   7.1   | 4.0  |  -1.8   |  -3.1   |
|     电池     | 688063 |  派能科技  | 609.7  |  150.4  | 4.5  |  -2.1   |   9.8   |
|     电池     | 300014 |  亿纬锂能  | 1868.0 |  89.6   | 5.7  |  -4.5   |   4.4   |
|     电机     | 002576 |  通达动力  |  24.2  |  59.8   | 4.3  |   9.4   |   9.5   |
|     电机     | 301226 |  祥明智能  |  24.4  |  40.5   | 5.7  |   3.4   |   5.7   |
|     电机     | 002823 |  凯中精密  |  30.0  |  37.4   | 5.6  |   2.9   |   3.5   |
|     电机     | 600580 |  卧龙电驱  | 188.3  |  23.8   | 3.0  |   1.9   |   0.7   |
|     电机     | 300626 |  华瑞股份  |  16.3  |  63.6   | 5.3  |   0.2   |   0.4   |
|     电机     | 002249 |  大洋电机  | 146.9  |  25.0   | 6.0  |  -0.5   |   1.3   |
|     电机     | 300907 |  康平科技  |  19.4  |  94.3   | 3.9  |  -2.7   |   1.2   |
|     电机     | 301023 |  江南奕帆  |  23.4  |  28.8   | 4.3  |  -5.8   |  -3.0   |
|  电子化学品  | 300481 |  濮阳惠成  |  83.2  |  24.8   | 4.6  |   1.0   |  14.9   |
|   电子元件   | 002199 |  东晶电子  |  16.5  |  -80.2  | 3.0  |   1.9   |   3.0   |
|   电子元件   | 300903 |  科翔股份  |  55.2  |  74.5   | 3.6  |   0.7   |  -0.8   |
|   电子元件   | 002922 |   伊戈尔   |  60.0  |  42.9   | 4.3  |  -0.9   |   6.2   |
|   电子元件   | 300220 |  金运激光  |  18.5  |  -64.0  | 3.5  |  -2.0   |   2.7   |
|   电子元件   | 002484 |  江海股份  | 184.2  |  39.2   | 4.1  |  -3.5   |  -0.4   |
|   电子元件   | 300410 |  正业科技  |  30.2  |  91.4   | 3.5  |  -3.6   |  -0.8   |
|   电子元件   | 300852 |  四会富仕  |  35.9  |  25.9   | 3.1  |  -4.6   |  -2.2   |
|   电力行业   | 600995 |  文山电力  |  86.1  |  22.1   | 5.8  |   7.2   |  13.8   |
|   电力行业   | 600116 |  三峡水利  | 201.3  |  510.6  | 4.0  |   7.1   |   4.5   |
|   电力行业   | 600905 |  三峡能源  | 1952.0 |  19.0   | 3.3  |   6.7   |   5.9   |
|   电力行业   | 300125 |  聆达股份  |  43.2  |  -39.2  | 5.0  |   6.4   |  10.1   |
|   电力行业   | 000862 |  银星能源  |  55.4  |  54.6   | 5.2  |   6.2   |   3.8   |
|   电力行业   | 600795 |  国电电力  | 783.0  |  18.5   | 4.0  |   5.5   |   6.3   |
|   电力行业   | 600969 |  郴电国际  |  38.4  |  32.4   | 3.4  |   5.3   |   3.7   |
|   电力行业   | 605580 |  恒盛能源  |  27.7  |  17.1   | 3.7  |   4.4   |   3.0   |
|   电力行业   | 601619 |  嘉泽新能  | 111.0  |  14.0   | 3.4  |   4.3   |   4.8   |
|   电力行业   | 601016 |  节能风电  | 253.6  |  15.0   | 4.8  |   3.9   |   2.4   |
|   电力行业   | 001289 |  龙源电力  | 1918.0 |  21.3   | 3.3  |   2.9   |   3.5   |
|   电力行业   | 000591 |   太阳能   | 256.5  |  24.5   | 4.7  |   2.8   |   1.8   |
|   电力行业   | 600310 |  桂东电力  |  60.4  |  -16.4  | 3.3  |   2.7   |  -0.7   |
|   电力行业   | 600509 |  天富能源  |  62.6  |  -7.1   | 3.4  |   1.9   |   2.3   |
|   电力行业   | 605028 |  世茂能源  |  31.2  |  17.3   | 3.5  |   1.5   |  -0.8   |
|   电力行业   | 600032 |  浙江新能  | 312.0  |  38.2   | 3.7  |   1.4   |  -0.2   |
|   电力行业   | 601778 |  晶科科技  | 168.7  |  -70.5  | 4.1  |  -1.0   |   0.5   |
|   生物制品   | 300683 |  海特生物  |  56.3  |  183.0  | 3.4  |   0.3   |   9.4   |
|   珠宝首饰   | 002740 |  ST爱迪尔  |  17.3  |  -13.6  | 5.0  |  10.1   |   6.1   |
|   珠宝首饰   | 002574 |  明牌珠宝  |  25.8  |  18.0   | 3.2  |   0.2   |   1.0   |
|   珠宝首饰   | 600916 |  中国黄金  | 208.8  |  20.7   | 3.6  |  -1.8   |   4.7   |
|   玻璃玻纤   | 002080 |  中材科技  | 450.6  |  15.3   | 3.9  |  -1.2   |  -3.5   |
|   环保行业   | 301175 |  C中科环   | 128.1  |  65.7   | 5.8  |   8.3   |  127.8  |
|   环保行业   | 603588 |  高能环境  | 160.4  |  18.0   | 4.0  |   7.1   |   4.3   |
|   环保行业   | 603359 |  东珠生态  |  55.0  |  16.8   | 3.2  |   6.5   |   5.3   |
|   环保行业   | 002887 |  绿茵生态  |  28.3  |  24.6   | 5.2  |   5.8   |   6.5   |
|   环保行业   | 000826 |  启迪环境  |  47.9  |  -5.0   | 4.0  |   5.0   |   5.0   |
|   环保行业   | 300203 |  聚光科技  | 118.9  |  -50.4  | 4.2  |   4.3   |   5.2   |
|   环保行业   | 000005 |   ST星源   |  18.3  |  292.5  | 3.6  |   4.2   |   3.0   |
|   环保行业   | 688069 |   德林海   |  27.7  |  224.4  | 4.3  |   4.2   |   3.7   |
|   环保行业   | 603817 |  海峡环保  |  37.8  |  23.8   | 3.5  |   3.8   |   2.6   |
|   环保行业   | 300335 |  迪森股份  |  18.7  |  179.7  | 3.3  |   2.7   |   4.2   |
|   环保行业   | 000711 |  京蓝科技  |  28.2  |  -8.1   | 3.8  |   2.6   |   3.4   |
|   环保行业   | 300355 |  蒙草生态  |  64.8  |  51.7   | 3.6  |   2.2   |   3.8   |
|   环保行业   | 300867 |  圣元环保  |  59.8  |  20.5   | 3.2  |   2.2   |   0.6   |
|   环保行业   | 300425 |  中建环能  |  33.5  |  34.3   | 3.8  |   2.1   |   2.7   |
|   环保行业   | 002573 |  清新环境  |  84.8  |  18.3   | 3.2  |   2.0   |   0.7   |
|   环保行业   | 002973 |  侨银股份  |  51.5  |  16.7   | 3.5  |   1.8   |   1.4   |
|   环保行业   | 300774 |   倍杰特   |  87.3  |  58.8   | 4.0  |   1.7   |  -0.6   |
|   环保行业   | 603126 |  中材节能  |  44.0  |  34.3   | 4.0  |   1.6   |  -1.0   |
|   环保行业   | 300187 |  永清环保  |  38.3  |  118.4  | 3.5  |   1.5   |   1.0   |
|   环保行业   | 300137 |  先河环保  |  30.8  |  138.3  | 3.3  |   1.2   |   0.0   |
|   环保行业   | 300140 |  中环装备  |  29.6  | -162.1  | 4.8  |   1.2   |   3.4   |
|   环保行业   | 688565 |  力源科技  |  15.0  |  61.5   | 4.3  |   1.2   |   1.1   |
|   环保行业   | 600388 |   ST龙净   | 132.6  |  18.6   | 3.6  |   0.5   |  -8.6   |
|   环保行业   | 300385 |  雪浪环境  |  22.8  |  254.1  | 3.0  |   0.3   |  -0.7   |
|   环保行业   | 301068 |  大地海洋  |  21.7  |  95.2   | 4.8  |   0.3   |  -0.3   |
|   环保行业   | 300948 |  冠中生态  |  22.3  |  165.8  | 3.4  |   0.0   |  -0.1   |
|   环保行业   | 300779 |  惠城环保  |  13.5  |  -61.7  | 4.1  |  -0.3   |   0.6   |
|   环保行业   | 301049 |  超越科技  |  21.8  |  64.6   | 4.7  |  -0.6   |  -0.3   |
|   环保行业   | 300864 |  南大环境  |  34.9  |  24.2   | 3.3  |  -0.8   |  -0.3   |
|   环保行业   | 300815 |   玉禾田   |  58.0  |  11.2   | 3.9  |  -0.8   |  -2.3   |
|   环保行业   | 300334 |  津膜科技  |  23.1  |  -44.6  | 5.1  |  -0.9   |  -1.6   |
|   环保行业   | 688101 |   三达膜   |  49.1  |  21.1   | 3.4  |  -1.3   |  -0.6   |
|   环保行业   | 000035 |  中国天楹  | 131.7  |  77.2   | 3.8  |  -1.9   |  -3.5   |
|   环保行业   | 300854 |  中兰环保  |  18.6  |  -53.9  | 4.5  |  -2.1   |  -6.8   |
|   环保行业   | 300929 |  华骐环保  |  17.7  |  27.2   | 3.5  |  -2.3   |  -3.5   |
|   物流行业   | 603713 |  密尔克卫  | 234.1  |  43.8   | 5.0  |   3.9   |   2.9   |
|   物流行业   | 002682 |  龙洲股份  |  26.1  |  -34.6  | 5.2  |   3.6   |   2.2   |
|   物流行业   | 300013 |  新宁物流  |  21.2  |  89.5   | 5.6  |   3.3   |   1.9   |
|   物流行业   | 600575 |  淮河能源  | 126.3  |  14.9   | 4.5  |   3.2   |   0.3   |
|   物流行业   | 002183 |   怡亚通   | 178.2  |  78.3   | 5.9  |   3.0   |  -2.3   |
|   物流行业   | 603066 |  音飞储存  |  28.8  |  33.0   | 3.6  |   2.9   |  -0.1   |
|   物流行业   | 603813 |  原尚股份  |  13.5  |  27.9   | 3.4  |   1.7   |  -0.6   |
|   物流行业   | 002210 |  飞马国际  |  67.6  | -288.6  | 4.5  |   1.6   |   0.4   |
|   物流行业   | 001202 |  炬申股份  |  18.5  |  43.9   | 4.3  |   0.9   |  -1.1   |
|   物流行业   | 600125 |  铁龙物流  |  70.6  |  14.2   | 3.4  |   0.2   |   0.9   |
|   物流行业   | 603128 |  华贸物流  | 124.4  |  12.3   | 3.1  |  -3.1   |  -6.5   |
|     燃气     | 000669 |   ST金鸿   |  12.0  |  -49.5  | 3.5  |   2.9   |   4.8   |
|     燃气     | 002259 |   ST升达   |  20.7  | -138.4  | 3.4  |  -2.1   |  -4.5   |
|     燃气     | 300332 |  天壕环境  | 109.4  |  20.7   | 3.1  |  -2.6   |  -2.2   |
|   煤炭行业   | 600348 |  XD华阳股  | 348.7  |   6.7   | 5.2  |   8.7   |  -0.6   |
|   煤炭行业   | 000571 |   ST大洲   |  20.2  |  14.3   | 5.1  |   5.5   |  11.2   |
|     游戏     | 002113 |   ST天润   |  18.1  |  -25.3  | 3.5  |   6.2   |   4.3   |
|     游戏     | 002517 |  恺英网络  | 121.2  |  12.2   | 4.3  |   2.5   |  -1.8   |
|     游戏     | 300052 |   中青宝   |  57.9  |  333.4  | 5.8  |   0.3   |   2.7   |
|     游戏     | 300113 |  顺网科技  | 100.7  |  80.3   | 4.7  |   0.1   |   0.4   |
|     游戏     | 300533 |  冰川网络  |  40.0  |   4.6   | 4.8  |  -1.0   |   1.7   |
|     游戏     | 002174 |  游族网络  |  85.4  |  26.7   | 3.6  |  -2.1   |  -3.4   |
|   消费电子   | 300787 |  海能实业  |  52.1  |  22.3   | 4.3  |   7.0   |  20.1   |
|   消费电子   | 002947 |   恒铭达   |  40.7  |  29.3   | 3.1  |   0.1   |  -1.9   |
|   消费电子   | 002976 |  瑞玛精密  |  24.9  |  35.8   | 4.9  |   0.1   |  -0.1   |
|   消费电子   | 600898 |  国美通讯  |  17.2  |  -41.2  | 3.1  |  -0.5   |  -1.1   |
|   消费电子   | 301135 |  瑞德智能  |  28.5  |  75.5   | 4.2  |  -1.3   |   6.8   |
|   消费电子   | 300822 |  贝仕达克  |  26.3  |  37.2   | 3.5  |  -2.2   |  -0.1   |
|   消费电子   | 605277 |  新亚电子  |  35.0  |  25.5   | 3.6  |  -2.4   |  -3.4   |
|   消费电子   | 603626 |  科森科技  |  40.6  |  172.8  | 4.4  |  -2.8   |   0.6   |
|   消费电子   | 002937 |  兴瑞科技  |  51.0  |  37.5   | 3.4  |  -2.8   |  -2.1   |
|   消费电子   | 688678 |   福立旺   |  41.0  |  26.9   | 4.0  |  -3.9   |  -2.4   |
|  汽车零部件  | 002997 |  瑞鹄模具  |  40.9  |  68.0   | 3.3  |  11.2   |  29.6   |
|  汽车零部件  | 301133 |  金钟股份  |  31.2  |  48.5   | 5.7  |   7.3   |   8.4   |
|  汽车零部件  | 002085 |  万丰奥威  | 126.0  |  17.9   | 3.8  |   4.5   |   7.9   |
|  汽车零部件  | 603009 |  北特科技  |  28.0  |  29.2   | 3.9  |   3.0   |  16.2   |
|  汽车零部件  | 603179 |  新泉股份  | 140.3  |  42.0   | 4.8  |   2.5   |  -0.6   |
|  汽车零部件  | 600698 |  湖南天雁  |  53.5  | 3343.0  | 5.0  |   2.0   |   3.3   |
|  汽车零部件  | 605088 |  冠盛股份  |  22.6  |  23.7   | 4.9  |   0.9   |   2.6   |
|  汽车零部件  | 300694 |  蠡湖股份  |  22.3  |  58.2   | 5.2  |   0.4   |   1.0   |
|  汽车零部件  | 000570 |  苏常柴Ａ   |  35.6  |  -28.7  | 4.1  |   0.0   |  -1.8   |
|  汽车零部件  | 002434 |   万里扬   | 115.8  |  30.7   | 3.8  |   0.0   |   1.1   |
|  汽车零部件  | 002448 |  中原内配  |  43.7  |  24.7   | 3.7  |   0.0   |   7.2   |
|  汽车零部件  | 300652 |   雷迪克   |  22.9  |  27.3   | 5.2  |  -0.1   |   5.7   |
|  汽车零部件  | 000622 |  恒立实业  |  20.0  | -155.9  | 3.3  |  -0.4   |   2.8   |
|  汽车零部件  | 000030 |  富奥股份  | 105.0  |  110.0  | 3.0  |  -0.5   |   0.2   |
|  汽车零部件  | 300680 |  隆盛科技  |  49.5  |  42.6   | 3.5  |  -1.4   |   0.2   |
|  汽车零部件  | 300611 |  美力科技  |  20.4  |  282.8  | 3.4  |  -1.8   |   3.8   |
|  汽车零部件  | 300745 |  欣锐科技  |  56.9  |  201.4  | 3.4  |  -3.5   |  -2.3   |
|  汽车零部件  | 301005 |  超捷股份  |  22.1  |  33.9   | 4.4  |  -3.5   |  -4.7   |
|  汽车零部件  | 301020 |  密封科技  |  30.5  |  37.2   | 3.4  |  -4.6   |  -3.2   |
|  汽车零部件  | 002590 |  万安科技  |  38.6  | -396.1  | 3.5  |  -6.3   |  -2.5   |
|   汽车服务   | 605151 |   西上海   |  21.9  |  18.4   | 3.2  |  -6.4   |  -6.0   |
|   汽车整车   | 000957 |  中通客车  | 125.1  |  -88.6  | 3.5  |  11.1   |  -1.0   |
|   汽车整车   | 000951 |  中国重汽  | 161.4  |  32.5   | 4.5  |  -4.1   |   0.1   |
|   水泥建材   | 002596 |  海南瑞泽  |  42.0  |  256.4  | 5.5  |   7.7   |  10.2   |
|   水泥建材   | 600720 |   祁连山   |  96.9  |  863.8  | 3.1  |   6.8   |   3.1   |
|   水泥建材   | 002743 |  富煌钢构  |  27.3  |  48.5   | 5.2  |   6.6   |   6.0   |
|   水泥建材   | 002302 |  西部建设  | 101.6  |  77.1   | 4.0  |   5.2   |   3.3   |
|   水泥建材   | 600678 |  四川金顶  |  22.3  |  65.8   | 5.1  |   3.9   |   1.9   |
|   橡胶制品   | 000589 |  贵州轮胎  |  49.6  |  22.0   | 3.1  |  -1.1   |  -0.5   |
|   有色金属   | 301266 |  宇邦新材  |  59.3  |  73.6   | 4.0  |  11.5   |  14.8   |
|   有色金属   | 300057 |  万顺新材  |  75.6  |  35.0   | 5.9  |  11.2   |  12.8   |
|   有色金属   | 603937 |  丽岛新材  |  24.5  |  22.2   | 4.1  |   2.3   |   2.3   |
|   有色金属   | 600595 |  中孚实业  | 160.6  |   9.5   | 3.6  |   1.3   |  -0.2   |
|   有色金属   | 000688 |  国城矿业  | 183.1  |  106.8  | 3.0  |   0.1   |  -2.4   |
|   有色金属   | 603045 |  福达合金  |  22.6  |  147.3  | 4.7  |   0.0   |   5.7   |
|   有色金属   | 603527 |  众源新材  |  32.5  |  31.1   | 5.0  |  -0.3   |   5.3   |
|   有色金属   | 603115 |  海星股份  |  54.4  |  21.3   | 3.3  |  -1.5   |  -2.6   |
|   有色金属   | 002996 |  顺博合金  |  70.6  |  13.9   | 3.8  |  -1.7   |   0.0   |
|   有色金属   | 688786 |  悦安新材  |  36.7  |  34.0   | 4.3  |  -2.0   |  -1.1   |
|   旅游酒店   | 300859 |  西域旅游  |  54.2  |  -77.1  | 3.1  |   4.6   |  -2.4   |
|   旅游酒店   | 000428 |  华天酒店  |  44.5  |  -33.5  | 3.8  |   3.1   |  -1.1   |
|   旅游酒店   | 000796 |   ST凯撒   |  42.8  |  -17.0  | 4.9  |   2.7   |  -3.8   |
|   文化传媒   | 600996 |  贵广网络  |  78.2  |  677.1  | 5.9  |   9.6   |   8.1   |
|   文化传媒   | 600136 |   ST明诚   |  11.2  |  -1.9   | 3.2  |   4.9   |   6.1   |
|   文化传媒   | 301052 |  果麦文化  |  25.1  |  149.7  | 5.5  |   4.8   |   2.5   |
|   文化传媒   | 000892 |  欢瑞世纪  |  34.2  |  69.3   | 4.2  |   3.6   |   7.1   |
|   文化传媒   | 300528 |  幸福蓝海  |  25.4  |  -16.7  | 4.4  |   3.2   |  -0.9   |
|   文化传媒   | 300027 |  华谊兄弟  |  78.8  |  -14.9  | 3.6  |   1.1   |  -4.7   |
|   文化传媒   | 002654 |  万润科技  |  33.0  | -133.7  | 3.8  |   0.3   |   1.1   |
|   文化传媒   | 002343 |  慈文传媒  |  25.9  |  14.4   | 4.4  |  -0.4   |  -1.8   |
|   文化传媒   | 300280 |  紫天科技  |  34.2  |  13.1   | 4.0  |  -3.1   |  -4.7   |
|   文化传媒   | 300805 |  电声股份  |  32.8  | -148.3  | 3.9  |  -3.5   |   1.0   |
|     教育     | 300688 |  创业黑马  |  28.3  |  -36.3  | 3.9  |  -1.2   |  -2.0   |
|  房地产服务  | 002377 |  国创高新  |  32.4  |  -7.5   | 4.4  |   1.1   |  12.7   |
|  房地产开发  | 000514 |   渝开发   |  40.9  |  -84.0  | 5.2  |   6.1   |  -0.2   |
|  房地产开发  | 000797 |  中国武夷  |  51.4  |  122.4  | 3.1  |   4.8   |   2.5   |
|  房地产开发  | 000926 |  福星股份  |  44.7  |  30.2   | 3.1  |   4.4   |   3.1   |
|  房地产开发  | 600510 |   黑牡丹   |  86.8  |  74.2   | 4.5  |   3.9   |  -0.8   |
|  房地产开发  | 600692 |  亚通股份  |  21.4  |  184.1  | 3.4  |   2.5   |  -0.3   |
|  房地产开发  | 600603 |  广汇物流  |  81.3  |  39.2   | 4.8  |   2.2   |  -0.9   |
|  房地产开发  | 000886 |  海南高速  |  47.1  | 1076.6  | 5.1  |   2.1   |   6.7   |
|  房地产开发  | 600791 |  京能置业  |  19.7  |  -25.2  | 3.1  |   2.1   |   2.4   |
|  房地产开发  | 600807 |  济南高新  |  35.8  |  -6.5   | 3.0  |   1.5   |   5.7   |
|  房地产开发  | 600657 |  信达地产  | 176.8  |  145.6  | 4.5  |   1.5   |  -6.1   |
|  房地产开发  | 000616 |   ST海投   |  19.9  |  -97.8  | 5.3  |   1.5   |  -4.1   |
|  房地产开发  | 600382 |   ST广珠   |  34.7  |  14.8   | 5.0  |   1.4   |  -2.0   |
|  房地产开发  | 600773 |  西藏城投  | 165.2  |  151.0  | 4.2  |  -7.4   |  -4.2   |
|   工程机械   | 600815 |  厦工股份  |  55.5  | -726.2  | 4.3  |   5.7   |   4.0   |
|   工程机械   | 001288 |  运机集团  |  26.6  |  31.5   | 3.0  |   5.4   |   7.6   |
|   工程机械   | 600984 |  建设机械  |  81.3  |  -37.7  | 4.3  |   3.9   |   1.7   |
|   工程机械   | 000680 |  山推股份  |  88.4  |   6.1   | 3.5  |   3.1   |   6.5   |
|   工程机械   | 601226 |  华电重工  |  63.7  |  -14.6  | 5.0  |   1.3   |   8.6   |
|   工程机械   | 603611 |  诺力股份  |  45.0  |  15.6   | 3.2  |  -0.3   |  -0.9   |
|   工程建设   | 002761 |  浙江建投  | 367.8  |  28.0   | 5.2  |  18.1   |  13.8   |
|   工程建设   | 603955 |  大千生态  |  19.8  |  163.1  | 5.5  |   7.3   |   4.5   |
|   工程建设   | 002135 |  东南网架  | 108.4  |  15.9   | 3.2  |   3.9   |   1.6   |
|   工程建设   | 600769 |  祥龙电业  |  33.2  |  329.7  | 3.6  |  -0.2   |   5.6   |
|   工程建设   | 603098 |  森特股份  | 181.5  |  110.1  | 3.8  |  -1.0   |  -2.7   |
| 工程咨询服务 | 002883 |  中设股份  |  17.7  |  39.4   | 4.3  |   7.7   |   8.8   |
| 工程咨询服务 | 300675 |   建科院   |  24.8  |  -27.6  | 3.8  |   6.5   |   5.6   |
| 工程咨询服务 | 603909 |  建发合诚  |  28.2  |  116.6  | 3.8  |   5.6   |   3.8   |
| 工程咨询服务 | 300746 |  汉嘉设计  |  26.8  |  47.0   | 5.9  |   5.0   |   4.2   |
| 工程咨询服务 | 002949 |  华阳国际  |  26.8  | -175.9  | 3.1  |   2.3   |  -0.7   |
| 工程咨询服务 | 603860 |  中公高科  |  14.6  |  -87.5  | 3.1  |   1.2   |   0.1   |
|    小金属    | 002056 |  横店东磁  | 383.3  |  26.2   | 3.2  |  -2.7   |  -6.8   |
|    小金属    | 300224 |  正海磁材  | 123.6  |  36.9   | 3.2  |  -2.9   |  -5.3   |
|    小金属    | 000970 |  中科三环  | 212.6  |  32.0   | 3.3  |  -4.3   |  -5.4   |
|   家电行业   | 002005 |   ST德豪   |  31.7  |  -15.6  | 5.2  |  16.0   |  15.3   |
|   家电行业   | 000521 |  长虹美菱  |  45.8  |  222.6  | 3.2  |  11.8   |  15.9   |
|   家电行业   | 002860 |   星帅尔   |  43.8  |  29.1   | 4.2  |   7.5   |   2.6   |
|   家电行业   | 600619 |  海立股份  |  77.9  |  45.8   | 3.8  |   6.4   |   8.0   |
|   家电行业   | 688696 |  极米科技  | 222.5  |  45.8   | 3.8  |   6.2   |   6.9   |
|   家电行业   | 601956 |  东贝集团  |  38.2  |  29.5   | 3.2  |   5.3   |  14.8   |
|   家电行业   | 002403 |   爱仕达   |  27.4  |  -25.5  | 3.2  |   2.4   |   6.5   |
|   家电行业   | 603578 |  三星新材  |  23.0  |  16.6   | 3.4  |   2.2   |   0.2   |
|   家电行业   | 301008 |  宏昌科技  |  21.6  |  50.0   | 3.6  |   1.7   |   1.7   |
|   家电行业   | 603112 |  华翔股份  |  68.6  |  17.1   | 3.8  |   1.5   |   0.0   |
|   家电行业   | 603677 |  奇精机械  |  22.1  |  25.2   | 3.4  |   0.3   |   1.0   |
|   家电行业   | 600060 |  海信视像  | 169.9  |  14.2   | 4.8  |   0.0   |   4.2   |
|   家电行业   | 002420 |  毅昌科技  |  26.4  |  75.2   | 4.3  |  -0.5   |  -5.6   |
|   家电行业   | 603311 |  金海高科  |  26.2  |  28.8   | 4.6  |  -4.1   |  -4.2   |
|   家用轻工   | 301101 |  明月镜片  |  69.6  |  78.7   | 6.0  |   1.2   |   7.2   |
|   家用轻工   | 301004 |  嘉益股份  |  23.5  |  17.8   | 5.3  |  -1.7   |  -0.3   |
|   多元金融   | 600139 |  *ST西源   |  19.3  |  -13.2  | 5.0  |  15.9   |  29.2   |
|   多元金融   | 000666 |  经纬纺机  |  65.4  |  12.0   | 4.5  |   6.9   |   6.0   |
|   多元金融   | 600318 |  新力金融  |  39.2  |  426.6  | 3.7  |   6.4   |   5.1   |
|   多元金融   | 000567 |  海德股份  | 143.3  |  28.1   | 3.4  |   2.9   |   0.5   |
|   塑料制品   | 300610 |  晨化股份  |  43.0  |  26.1   | 3.1  |  16.2   |   8.9   |
|   塑料制品   | 603150 |  万朗磁塑  |  24.4  |  17.2   | 3.1  |   2.8   |   0.4   |
|   塑料制品   | 603580 |  艾艾精工  |  14.6  | -1241.0 | 4.7  |   2.5   |   3.1   |
|   塑料制品   | 300586 |  美联新材  |  98.0  |  26.9   | 5.2  |   1.5   |  -0.7   |
|   塑料制品   | 000859 |  国风新材  |  59.1  |  14.8   | 3.9  |   0.9   |  -0.6   |
|   塑料制品   | 002522 |  浙江众成  |  50.8  |  24.9   | 3.9  |   0.9   |   0.2   |
|   塑料制品   | 002825 |  纳尔股份  |  27.6  |  30.3   | 4.3  |  -0.3   |   8.9   |
|   塑料制品   | 300305 |  裕兴股份  |  38.6  |  16.2   | 4.2  |  -0.5   |  -1.7   |
|   塑料制品   | 300539 |  横河精密  |  18.1  |  90.1   | 3.3  |  -1.6   |   1.2   |
|   塑料制品   | 300717 |  华信新材  |  13.8  |  76.2   | 3.1  |  -1.6   |   0.1   |
|   塑料制品   | 300221 |  银禧科技  |  24.9  | -455.9  | 4.0  |  -2.1   |  -2.1   |
|   商业百货   | 300622 |  博士眼镜  |  44.8  |  162.6  | 4.1  |   7.7   |   7.5   |
|   商业百货   | 000701 |  厦门信达  |  33.7  |  112.0  | 5.4  |   3.8   |   3.0   |
|   商业百货   | 600790 |   轻纺城   |  53.9  |  18.0   | 4.2  |   3.7   |   2.8   |
|   商业百货   | 603214 |   爱婴室   |  24.8  |  -50.5  | 3.6  |   0.6   |   3.8   |
|   商业百货   | 301078 |   孩子王   | 166.4  | -128.2  | 4.7  |   0.4   |   9.0   |
|   商业百货   | 002336 |   人人乐   |  26.0  |  -8.6   | 3.9  |  -1.8   |   0.0   |
|    半导体    | 300139 |  晓程科技  |  24.0  |  -12.0  | 4.5  |  -1.9   |   0.5   |
|    半导体    | 688052 |   纳芯微   | 404.3  |  119.9  | 5.2  |  -3.4   |   6.7   |
|   医药商业   | 002411 |  *ST必康   |  88.6  |   8.2   | 5.1  |  15.8   |   3.0   |
|   医疗服务   | 301126 |  达嘉维康  |  39.0  |  51.3   | 3.3  |   3.9   |  10.1   |
|   医疗服务   | 301239 |  普瑞眼科  |  87.4  |  58.5   | 3.9  |   3.7   |  10.8   |
|   医疗服务   | 300143 |  盈康生命  |  73.6  |  76.3   | 4.7  |   3.5   |   2.9   |
|   医疗服务   | 002172 |  澳洋健康  |  27.9  |  21.5   | 3.8  |  -0.8   |   1.1   |
|   医疗服务   | 688246 |  嘉和美康  |  34.8  |  -31.2  | 3.1  |  -0.8   |  -2.5   |
|   医疗器械   | 300049 |  福瑞股份  |  36.9  |  106.8  | 5.5  |  15.8   |  13.9   |
|   医疗器械   | 603392 |  万泰生物  | 1373.0 |  25.8   | 3.3  |  -2.2   |  -3.8   |
|   化肥行业   | 600078 |  *ST澄星   |  90.4  |  33.5   | 5.0  |  15.8   |  11.0   |
|   化学原料   | 301149 |  隆华新材  |  64.4  |  46.6   | 4.5  |   2.8   |   0.8   |
|   化学原料   | 600277 |  亿利洁能  | 171.6  |  30.3   | 3.9  |   1.9   |  -4.4   |
|   化学原料   | 301090 |  华润材料  | 156.2  |  19.1   | 3.4  |  -0.3   |  -1.5   |
|   化学原料   | 301118 |  恒光股份  |  43.3  |  15.4   | 3.5  |  -4.1   |  -11.4  |
|   化学原料   | 000683 |  远兴能源  | 349.5  |  11.0   | 4.8  |  -4.3   |  -13.4  |
|   化学制药   | 300086 |  康芝药业  |  31.6  |  -17.1  | 3.8  |   4.5   |   9.3   |
|   化学制药   | 600200 |  江苏吴中  |  55.6  |  182.4  | 6.0  |   3.9   |   0.9   |
|   化学制药   | 002082 |   万邦德   |  61.7  |  62.2   | 4.0  |   2.1   |   2.0   |
|   化学制药   | 603229 |  奥翔药业  | 199.9  |  70.7   | 5.8  |   0.5   |  18.4   |
|   化学制药   | 000963 |  华东医药  | 800.9  |  28.4   | 3.6  |   0.1   |  -3.7   |
|   化学制品   | 002319 |  乐通股份  |  29.2  | -159.4  | 5.6  |   9.3   |   7.6   |
|   化学制品   | 688350 |  富淼科技  |  23.3  |  20.9   | 3.9  |   8.2   |   7.1   |
|   化学制品   | 605020 |  永和股份  |  70.3  |  24.2   | 4.8  |   8.2   |   1.9   |
|   化学制品   | 002669 |  康达新材  |  36.1  |  -86.8  | 3.2  |   5.3   |   9.0   |
|   化学制品   | 300135 |  宝利国际  |  24.4  |  -25.0  | 3.1  |   3.1   |   4.7   |
|   化学制品   | 002211 |   ST宏达   |  13.8  |  -32.6  | 3.9  |   2.2   |  -8.3   |
|   化学制品   | 002246 |  北化股份  |  46.4  |  73.2   | 3.8  |   1.9   |  -1.0   |
|   化学制品   | 000881 |  中广核技  |  84.0  |  55.1   | 3.3  |   1.0   |  -0.2   |
|   化学制品   | 301092 |  争光股份  |  39.4  |  49.7   | 3.8  |   0.8   |  -0.9   |
|   化学制品   | 300041 |  回天新材  |  72.1  |  20.4   | 5.3  |   0.7   |  -3.5   |
|   化学制品   | 605366 |  宏柏新材  |  93.7  |  19.5   | 5.5  |   0.4   |  -7.2   |
|   化学制品   | 688157 |  松井股份  |  77.4  |  96.6   | 4.1  |   0.2   |  -0.8   |
|   化学制品   | 603041 |   美思德   |  22.6  |  25.4   | 3.3  |   0.2   |  -0.3   |
|   化学制品   | 002917 |   金奥博   |  35.0  | -5293.4 | 4.0  |   0.0   |   0.7   |
|   化学制品   | 002971 |  和远气体  |  36.5  |  35.3   | 3.1  |  -0.1   |  -2.4   |
|   化学制品   | 002986 |  宇新股份  |  51.6  |  16.3   | 3.8  |  -0.1   |  -2.9   |
|   化学制品   | 300072 |  三聚环保  | 120.8  |  -17.1  | 3.6  |  -0.3   |  -2.0   |
|   化学制品   | 300163 |  先锋新材  |  16.2  | -362.4  | 3.3  |  -0.6   |   1.8   |
|   化学制品   | 301037 |   保立佳   |  19.7  |  70.8   | 3.7  |  -0.8   |  -1.5   |
|   化学制品   | 600165 |  新日恒力  |  66.8  |  -72.8  | 3.8  |  -1.1   |  -3.6   |
|   化学制品   | 300535 |  达威股份  |  13.9  |  77.9   | 3.3  |  -1.1   |   0.2   |
|   化学制品   | 003002 |  壶化股份  |  29.7  |  234.4  | 5.0  |  -1.1   |   0.5   |
|   化学制品   | 300798 |  锦鸡股份  |  29.7  |  88.7   | 3.0  |  -1.5   |  -3.0   |
|   化学制品   | 600160 |  巨化股份  | 362.8  |  38.7   | 4.2  |  -1.5   |  -4.7   |
|   化学制品   | 688398 |  赛特新材  |  21.7  |  50.1   | 4.4  |  -1.9   |  -1.6   |
|   化学制品   | 002165 |   红宝丽   |  31.4  |  -25.6  | 3.4  |  -2.7   |  -5.3   |
|   化学制品   | 603683 |  晶华新材  |  19.4  | 1442.6  | 3.9  |  -2.9   |  -4.5   |
|   化学制品   | 002709 |  天赐材料  | 1167.0 |  19.5   | 4.5  |  -3.0   |  -9.1   |
|   化学制品   | 300343 |  联创股份  | 178.3  |  14.5   | 3.1  |  -4.5   |  -11.9  |
|   包装材料   | 000812 |  陕西金叶  |  44.3  |  170.3  | 4.0  |   3.8   |  -0.7   |
|   包装材料   | 002951 |  金时科技  |  37.6  |  982.1  | 4.6  |   2.0   |   3.7   |
|   包装材料   | 603022 |   新通联   |  18.2  |  56.9   | 3.3  |   1.3   |   0.1   |
|   包装材料   | 002846 |  英联股份  |  20.6  |  -96.9  | 3.7  |   0.9   |   2.0   |
|   包装材料   | 002599 |  盛通股份  |  26.1  |  -26.3  | 3.6  |  -0.4   |   0.2   |
|   农药兽药   | 600731 |  湖南海利  |  34.7  |  12.9   | 4.2  |   0.5   |   3.9   |
|   农牧饲渔   | 600313 |  农发种业  | 138.3  |  182.1  | 5.2  |   8.9   |   5.0   |
|   农牧饲渔   | 300106 |  西部牧业  |  19.5  |  213.0  | 3.7  |   3.2   |   1.3   |
|   农牧饲渔   | 002772 |  众兴菌业  |  28.7  |  50.6   | 4.0  |   3.2   |   2.2   |
|   农牧饲渔   | 002696 |  百洋股份  |  25.0  |  94.2   | 4.8  |  -0.4   |  -1.1   |
|   农牧饲渔   | 002124 |  天邦食品  | 148.1  |  -5.5   | 4.0  |  -0.6   |   5.6   |
|   公用事业   | 001210 |  金房节能  |  27.5  |   7.0   | 4.6  |   6.9   |   2.7   |
|   公用事业   | 000692 |  惠天热电  |  20.8  |  -0.8   | 4.3  |   4.8   |   5.7   |
|   公用事业   | 002893 |  华通热力  |  19.2  |   3.3   | 4.5  |   4.5   |  13.0   |
|   公用事业   | 605011 |  杭州热电  |  76.7  |  46.5   | 4.0  |   4.3   |   2.7   |
|  光学光电子  | 002992 |  宝明科技  |  42.9  |  -42.9  | 3.9  |   9.9   |  46.3   |
|  光学光电子  | 600666 |  *ST瑞德   |  16.2  |  -5.6   | 4.8  |   8.2   |   4.8   |
|  光学光电子  | 300120 |  经纬辉开  |  32.6  |  29.9   | 3.4  |  -1.5   |   2.9   |
|  光学光电子  | 003019 |  宸展光电  |  36.8  |  15.6   | 3.0  |  -2.6   |  -7.9   |
|  光学光电子  | 300162 |  雷曼光电  |  24.8  |  77.4   | 3.2  |  -3.3   |  -2.7   |
|  光学光电子  | 300582 |   英飞特   |  42.4  |  55.9   | 3.8  |  -4.3   |  -2.3   |
|   光伏设备   | 002309 |   ST中利   |  39.8  |  -15.7  | 5.1  |   6.8   |   2.5   |
|   光伏设备   | 603806 |   福斯特   | 885.7  |  65.3   | 5.8  |   6.1   |   5.3   |
|   光伏设备   | 688599 |  天合光能  | 1511.0 |  69.5   | 5.4  |   2.6   |  14.2   |
|   光伏设备   | 300029 |   ST天龙   |  12.8  |   9.9   | 3.7  |   2.1   |   2.6   |
|   光伏设备   | 601865 |   福莱特   | 804.7  |  46.1   | 5.8  |   2.0   |   1.6   |
|   光伏设备   | 002218 |  拓日新能  |  83.4  |  198.6  | 3.7  |   1.4   |  -1.9   |
|   光伏设备   | 688348 |  昱能科技  | 423.8  |  344.9  | 3.7  |  -1.0   |  -2.3   |
|   光伏设备   | 601012 |  隆基绿能  | 4668.0 |  43.8   | 4.5  |  -1.0   |  -4.0   |
|   光伏设备   | 300118 |  东方日升  | 272.5  |  32.0   | 5.7  |  -1.2   |   1.9   |
|   仪器仪表   | 301129 |  瑞纳智能  |  52.6  |  123.2  | 5.9  |  23.0   |  22.2   |
|   仪器仪表   | 688337 | 普源精电-U |  83.2  |  485.8  | 3.9  |   3.2   |  12.3   |
|   仪器仪表   | 002658 |   雪迪龙   |  46.9  |  15.0   | 4.2  |   2.9   |   2.1   |
|   仪器仪表   | 601222 |  林洋能源  | 183.8  |  25.7   | 4.1  |   1.5   |   4.3   |
|   仪器仪表   | 603700 |  宁水集团  |  28.6  |  119.9  | 4.4  |   1.1   |   0.6   |
|   仪器仪表   | 300515 |  三德科技  |  20.9  |  35.2   | 3.5  |  -0.8   |   1.7   |
|   仪器仪表   | 002819 |  东方中科  |  70.2  | -197.8  | 3.8  |  -1.0   |  -1.3   |
|   仪器仪表   | 300112 |  万讯自控  |  28.0  |  86.7   | 4.5  |  -1.4   |   1.7   |
|   仪器仪表   | 688320 |  禾川科技  |  69.5  |  87.6   | 4.2  |  -3.4   |  -7.0   |
|   交运设备   | 000976 |  华铁股份  |  72.8  |  36.7   | 4.3  |   3.9   |   8.8   |
|   交运设备   | 300011 |  鼎汉技术  |  34.2  |  -25.1  | 4.1  |   1.7   |   4.6   |
|   交运设备   | 603529 |  爱玛科技  | 311.4  |  24.5   | 5.3  |   0.5   |   7.1   |
|   交运设备   | 300462 |  华铭智能  |  18.2  |  -35.8  | 4.4  |  -0.5   |   3.4   |
|   交运设备   | 000925 |  众合科技  |  43.6  |  54.8   | 3.7  |  -1.1   |   0.0   |
|   交运设备   | 300351 |  永贵电器  |  60.8  |  39.4   | 4.5  |  -4.7   |  -0.3   |
|  互联网服务  | 002316 |  *ST亚联   |  10.8  |  -13.0  | 5.0  |  15.6   |  20.7   |
|  互联网服务  | 300682 |  朗新科技  | 303.4  |  147.6  | 4.9  |  12.8   |  16.1   |
|  互联网服务  | 000606 |  *ST顺利   |  11.0  |  -13.6  | 5.1  |   7.5   |  14.3   |
|  互联网服务  | 002417 |  *ST深南   |  9.2   |  -56.6  | 5.0  |   5.3   |  -4.5   |
|  互联网服务  | 002642 |  荣联科技  |  39.4  |  311.0  | 3.3  |   2.1   |   1.0   |
|  互联网服务  | 300245 |  天玑科技  |  24.9  | -104.0  | 3.8  |  -1.7   |  -1.8   |
|  互联网服务  | 300399 |  天利科技  |  20.8  |  488.4  | 3.1  |  -1.9   |  -0.8   |
|  互联网服务  | 002657 |  中科金财  |  48.5  |  -63.1  | 4.6  |  -9.4   |  -5.8   |
|   专用设备   | 002430 |  杭氧股份  | 359.5  |  27.9   | 5.8  |  10.4   |  17.7   |
|   专用设备   | 600560 |  金自天正  |  24.4  |  45.0   | 3.0  |   7.1   |   9.9   |
|   专用设备   | 688700 |  东威科技  | 139.8  |  88.6   | 3.2  |   5.6   |  20.3   |
|   专用设备   | 002483 |  润邦股份  |  63.0  |  32.0   | 5.5  |   4.5   |   2.5   |
|   专用设备   | 600320 |  振华重工  | 193.3  |  316.1  | 3.1  |   3.4   |   7.3   |
|   专用设备   | 002490 |  山东墨龙  |  33.3  |  -12.4  | 4.5  |   3.0   |   2.2   |
|   专用设备   | 603488 |  展鹏科技  |  21.4  | 1212.6  | 4.9  |   2.8   |   2.7   |
|   专用设备   | 300411 |  金盾股份  |  35.1  |  31.3   | 4.2  |   2.5   |   9.4   |
|   专用设备   | 600302 |  标准股份  |  18.2  |  -53.1  | 5.6  |   2.3   |   3.5   |
|   专用设备   | 600843 |  上工申贝  |  38.9  |  23.2   | 5.2  |   2.2   |   3.0   |
|   专用设备   | 601606 |  长城军工  |  86.5  |  -72.2  | 3.2  |   1.7   |   2.0   |
|   专用设备   | 300823 |  建科机械  |  18.3  |  36.9   | 5.2  |   1.6   |   3.1   |
|   专用设备   | 603036 |  如通股份  |  18.5  |  33.5   | 5.5  |   1.6   |   3.0   |
|   专用设备   | 300195 |  长荣股份  |  24.6  |  47.5   | 3.0  |   1.6   |   5.6   |
|   专用设备   | 600444 |  国机通用  |  19.6  |  53.5   | 4.8  |   1.5   |   1.7   |
|   专用设备   | 300669 |  沪宁股份  |  18.3  |  51.8   | 3.2  |   0.8   |   2.4   |
|   专用设备   | 603300 |  华铁应急  | 113.9  |  26.6   | 4.6  |   0.8   |   4.0   |
|   专用设备   | 300509 |   新美星   |  18.3  |  36.0   | 3.5  |   0.7   |   3.4   |
|   专用设备   | 601399 |  国机重装  | 242.4  |  77.6   | 3.1  |   0.6   |   2.4   |
|   专用设备   | 603855 |  华荣股份  |  83.8  |  34.9   | 4.8  |   0.5   |  -0.1   |
|   专用设备   | 002529 |  海源复材  |  47.8  |  779.8  | 5.9  |   0.3   |  -0.9   |
|   专用设备   | 601608 |  中信重工  | 177.5  |  56.8   | 3.5  |   0.2   |  -0.2   |
|   专用设备   | 301056 |  森赫股份  |  22.5  |  65.5   | 3.7  |  -0.1   |   1.7   |
|   专用设备   | 603169 |  兰石重装  |  89.0  |  79.9   | 4.1  |  -0.1   |   0.6   |
|   专用设备   | 301070 |  开勒股份  |  16.6  |  -80.3  | 3.5  |  -0.3   |   0.3   |
|   专用设备   | 601038 |  一拖股份  | 122.6  |   6.4   | 3.2  |  -0.7   |  -3.5   |
|   专用设备   | 300549 |  优德精密  |  17.7  |  78.7   | 4.2  |  -0.9   |  -0.1   |
|   专用设备   | 300776 |  帝尔激光  | 295.2  |  79.4   | 3.2  |  -1.0   |  -0.5   |
|   专用设备   | 300461 |  田中精机  |  20.0  |  -45.5  | 5.6  |  -1.0   |   0.1   |
|   专用设备   | 300540 |  蜀道装备  |  34.6  |  56.7   | 4.7  |  -1.6   |  -0.5   |
|   专用设备   | 300471 |  厚普股份  |  59.8  |  -82.8  | 5.2  |  -2.3   |  -0.8   |
|   专用设备   | 688001 |  华兴源创  | 116.6  |  71.3   | 3.7  |  -2.4   |  -1.1   |
|   专用设备   | 688529 |  豪森股份  |  37.7  |  34.7   | 3.5  |  -2.6   |  -2.8   |
|   专用设备   | 300402 |  宝色股份  |  41.1  |  72.5   | 4.3  |  -3.1   |   0.9   |
|   专用设备   | 688022 |  瀚川智能  |  67.5  | 1063.7  | 3.7  |  -3.5   |   5.8   |
|   专用设备   | 300950 |   德固特   |  23.8  |  110.2  | 4.4  |  -3.9   |  -0.8   |
|   专用设备   | 688128 |  中国电研  |  87.5  |  44.5   | 3.4  |  -4.1   |  -6.6   |
|   专用设备   | 300521 |   爱司凯   |  15.5  | -158.8  | 3.3  |  -4.5   |  -2.8   |
|   专用设备   | 300499 |  高澜股份  |  35.0  |  105.5  | 4.5  |  -4.7   |   1.6   |
|   专用设备   | 002073 |  软控股份  |  69.1  |  161.9  | 4.6  |  -5.2   |   0.3   |
|   专用设备   | 301011 |  华立科技  |  25.7  |  408.6  | 3.9  |  -5.4   |  -5.5   |
|   专用设备   | 300802 |  矩子科技  |  58.5  |  64.7   | 3.8  |  -5.8   |  23.8   |
|   专业服务   | 301289 |  国缆检测  |  25.6  |  38.2   | 4.5  |   2.0   |  -1.7   |
|   专业服务   | 603060 |  国检集团  |  92.6  |  -82.5  | 4.1  |   1.3   |   8.1   |
|   专业服务   | 300384 |  三联虹普  |  58.6  |  24.7   | 5.8  |   1.1   |   0.6   |
|   专业服务   | 003035 |  南网能源  | 259.5  |  72.5   | 4.7  |  -0.4   |   4.7   |
|      —       | 839167 |  同享科技  |  15.6  |  38.9   | 5.4  |   6.2   |  14.9   |
|      —       | 871970 |  大禹生物  |  5.4   |  15.3   | 3.7  |   3.0   |   1.7   |
+--------------+--------+------------+--------+---------+------+---------+---------+
