[行业>市值]
+----------+--------+----------+--------+-------+------+---------+---------+
|   行业   |  代码  |   名称   |  市值  |  pe   | 涨幅 | 3日涨幅 | 6日涨幅 |
+----------+--------+----------+--------+-------+------+---------+---------+
| 汽车整车 | 002594 |  比亚迪  | 9531.0 | 294.8 | 4.0  |   8.8   |   9.8   |
| 汽车整车 | 601633 | 长城汽车 | 3462.0 | 53.0  | 6.5  |   5.4   |   9.9   |
| 汽车整车 | 600104 | 上汽集团 | 2036.0 |  9.2  | 1.2  |  -1.8   |   0.8   |
| 汽车整车 | 601238 | 广汽集团 | 1677.0 | 13.9  | 2.1  |  -0.5   |  10.1   |
| 汽车整车 | 000625 | 长安汽车 | 1197.0 |  6.6  | 2.7  |   1.2   |  11.0   |
| 汽车整车 | 601127 | 小康股份 | 906.8  | -27.0 | 0.1  |   4.9   |  28.4   |
| 汽车整车 | 000800 | 一汽解放 | 421.7  | 23.3  | 1.7  |  -1.4   |  -1.3   |
| 汽车整车 | 600733 | 北汽蓝谷 | 353.7  | -9.2  | 4.6  |  -2.7   |   9.7   |
| 汽车整车 | 600418 | 江淮汽车 | 291.3  | -25.1 | 10.0 |   9.5   |  16.3   |
| 汽车整车 | 601777 | 力帆科技 | 229.1  | 112.6 | 9.9  |   5.6   |   9.0   |
| 汽车整车 | 301039 | 中集车辆 | 225.4  | 45.3  | 2.4  |  -3.4   |  -1.1   |
| 汽车整车 | 600006 | 东风汽车 | 201.2  | 42.4  | 8.6  |  22.2   |  62.8   |
| 汽车整车 | 000980 |  ST众泰  | 184.5  | -29.4 | -1.4 |  -3.7   |  -3.5   |
| 汽车整车 | 600166 | 福田汽车 | 182.8  | 33.8  | 3.7  |  -3.8   |   5.3   |
| 汽车整车 | 600066 | 宇通客车 | 182.6  | -39.5 | 2.9  |  -4.2   |  -2.9   |
| 汽车整车 | 000951 | 中国重汽 | 146.4  | 29.5  | -0.3 |  -1.9   |  -3.4   |
| 汽车整车 | 000550 | 江铃汽车 | 137.8  | 17.8  | 3.0  |  -5.8   |  -7.3   |
| 汽车整车 | 000572 | 海马汽车 | 101.0  | -41.4 | 10.0 |   4.4   |  10.2   |
| 汽车整车 | 000957 | 中通客车 |  94.9  | -67.2 | 0.0  |   0.0   |  17.2   |
| 汽车整车 | 600686 | 金龙汽车 |  47.8  | 308.0 | 4.4  |  -10.1  |  -8.8   |
| 汽车整车 | 000868 | 安凯客车 |  44.0  | -27.5 | 4.9  |   3.8   |  16.5   |
| 汽车整车 | 600213 | 亚星客车 |  25.4  | -14.6 | 4.1  |  -13.8  |  -17.7  |
| 汽车整车 | 600303 |  ST曙光  |  23.2  | -17.8 | 1.8  |  -5.5   |  -5.2   |
+----------+--------+----------+--------+-------+------+---------+---------+
 




 [行业>单日涨幅]
+----------+--------+----------+--------+-------+------+---------+---------+
|   行业   |  代码  |   名称   |  市值  |  pe   | 涨幅 | 3日涨幅 | 6日涨幅 |
+----------+--------+----------+--------+-------+------+---------+---------+
| 汽车整车 | 000572 | 海马汽车 | 101.0  | -41.4 | 10.0 |   4.4   |  10.2   |
| 汽车整车 | 600418 | 江淮汽车 | 291.3  | -25.1 | 10.0 |   9.5   |  16.3   |
| 汽车整车 | 601777 | 力帆科技 | 229.1  | 112.6 | 9.9  |   5.6   |   9.0   |
| 汽车整车 | 600006 | 东风汽车 | 201.2  | 42.4  | 8.6  |  22.2   |  62.8   |
| 汽车整车 | 601633 | 长城汽车 | 3462.0 | 53.0  | 6.5  |   5.4   |   9.9   |
| 汽车整车 | 000868 | 安凯客车 |  44.0  | -27.5 | 4.9  |   3.8   |  16.5   |
| 汽车整车 | 600733 | 北汽蓝谷 | 353.7  | -9.2  | 4.6  |  -2.7   |   9.7   |
| 汽车整车 | 600686 | 金龙汽车 |  47.8  | 308.0 | 4.4  |  -10.1  |  -8.8   |
| 汽车整车 | 600213 | 亚星客车 |  25.4  | -14.6 | 4.1  |  -13.8  |  -17.7  |
| 汽车整车 | 002594 |  比亚迪  | 9531.0 | 294.8 | 4.0  |   8.8   |   9.8   |
| 汽车整车 | 600166 | 福田汽车 | 182.8  | 33.8  | 3.7  |  -3.8   |   5.3   |
| 汽车整车 | 000550 | 江铃汽车 | 137.8  | 17.8  | 3.0  |  -5.8   |  -7.3   |
| 汽车整车 | 600066 | 宇通客车 | 182.6  | -39.5 | 2.9  |  -4.2   |  -2.9   |
| 汽车整车 | 000625 | 长安汽车 | 1197.0 |  6.6  | 2.7  |   1.2   |  11.0   |
| 汽车整车 | 301039 | 中集车辆 | 225.4  | 45.3  | 2.4  |  -3.4   |  -1.1   |
| 汽车整车 | 601238 | 广汽集团 | 1677.0 | 13.9  | 2.1  |  -0.5   |  10.1   |
| 汽车整车 | 600303 |  ST曙光  |  23.2  | -17.8 | 1.8  |  -5.5   |  -5.2   |
| 汽车整车 | 000800 | 一汽解放 | 421.7  | 23.3  | 1.7  |  -1.4   |  -1.3   |
| 汽车整车 | 600104 | 上汽集团 | 2036.0 |  9.2  | 1.2  |  -1.8   |   0.8   |
| 汽车整车 | 601127 | 小康股份 | 906.8  | -27.0 | 0.1  |   4.9   |  28.4   |
| 汽车整车 | 000957 | 中通客车 |  94.9  | -67.2 | 0.0  |   0.0   |  17.2   |
| 汽车整车 | 000951 | 中国重汽 | 146.4  | 29.5  | -0.3 |  -1.9   |  -3.4   |
| 汽车整车 | 000980 |  ST众泰  | 184.5  | -29.4 | -1.4 |  -3.7   |  -3.5   |
+----------+--------+----------+--------+-------+------+---------+---------+
