+--------------+--------+------------+----------+-------+------+------+-------+-------+-------+-------+-------+-------+-------+
|     行业     |  代码  |    名称    | 涨幅统计 |   9   |  8   |  7   |   6   |   5   |   4   |   3   |   2   |   1   |   0   |
+--------------+--------+------------+----------+-------+------+------+-------+-------+-------+-------+-------+-------+-------+
|  汽车零部件  | 603211 |   N晋拓    |  159.4%  | 10.0  | 10.0 | 10.0 | 10.0  | 10.0  | 10.0  | 10.0  | 10.0  | 10.0  | 10.0  |
|   电力行业   | 001258 |  立新能源  |  114.6%  |       |      | 10.1 | 10.1  | 10.0  | 10.0  |  9.9  | 10.1  |  9.9  | 10.0  |
|     电机     | 603728 |  鸣志电器  |  84.5%   | 10.0  | 10.0 | 10.0 | 10.0  | 10.0  | 10.0  | -2.2  |  1.2  | -4.4  | 10.0  |
|   纺织服装   | 300526 |  *ST中潜   |  78.1%   | 19.9  | -1.1 | 8.2  | -0.1  |  5.4  |  1.1  |  9.7  | 20.0  | -5.1  |  4.3  |
|   通信设备   | 300565 |  科信技术  |  73.5%   |  6.9  | 8.9  | 0.9  | -3.2  |  2.0  | 12.9  |  2.1  |  3.2  |  4.8  | 20.0  |
|   软件开发   | 301269 |  C华大九   |  73.2%   |       |      |      |       |       |       | 15.5  | 14.1  | 20.0  |  9.5  |
|   通用设备   | 300554 |  三超新材  |  69.8%   |  6.5  | 0.5  | -0.5 | -3.3  | 14.3  | -5.4  | -4.4  | 15.7  | 14.8  | 20.0  |
|   电力行业   | 300125 |  聆达股份  |  64.3%   |       | 20.0 | 6.4  |  5.8  |  0.1  |  1.5  | -5.8  | 10.6  | -1.7  | 17.0  |
|   多元金融   | 001236 |   N弘业    |  58.6%   |       |      |      |       |       |       |       |       | 44.1  | 10.1  |
|   专用设备   | 688255 |   凯尔达   |  58.6%   |       |      | 20.0 |  9.1  |  6.7  | -8.9  |  7.2  | 16.1  | -6.7  |  7.4  |
|   化学制品   | 300848 |  美瑞新材  |  58.0%   |       |      |      | 20.0  | 14.7  |  5.5  | -3.3  |  4.1  |  6.3  |  1.6  |
|   专用设备   | 301312 |   智立方   |  57.0%   |       |      |      | 12.5  | 14.9  | -2.8  | -1.7  | 10.0  | 13.2  |  2.0  |
|    半导体    | 002077 |  大港股份  |  56.4%   | -8.2  | -1.6 | 10.1 | -5.5  |  3.4  | 10.0  | 10.0  | 10.0  | 10.0  | 10.0  |
|    半导体    | 688380 |   N中微    |  55.9%   |       |      |      |       |       |       |       |       | 82.1  | -14.4 |
|  汽车零部件  | 301181 |  标榜股份  |  54.7%   |       | 20.0 | 20.0 | -1.2  |  9.9  | -5.1  | -7.6  |  0.8  | -6.6  | 20.0  |
|   航天航空   | 688070 |  纵横股份  |  54.0%   | 11.9  | 2.1  | 4.4  |  0.5  |  6.2  | -3.1  |  5.5  | -0.3  |  3.2  | 14.9  |
|     电池     | 300068 |  南都电源  |  53.5%   | -1.9  | 10.3 | 4.7  |  0.3  | 20.0  |  6.1  | -5.7  | -3.3  | 11.1  |  4.7  |
|   玻璃玻纤   | 600586 |  金晶科技  |  53.4%   |       |      | 10.0 | 10.0  |  9.9  | 10.1  | -4.6  | 10.0  | -9.3  | 10.0  |
|  汽车零部件  | 603286 |  日盈电子  |  53.2%   | -3.3  | -0.7 | 4.9  | 10.0  | 10.0  | 10.0  | 10.0  | -2.5  |  6.0  |  0.5  |
|    半导体    | 301308 |  N江波龙   |  51.9%   |       |      |      |       |       |       |       |       | 77.8  | -14.6 |
|   专用设备   | 688383 |   新益昌   |  51.8%   |       |      |      |       |       | 15.6  |  8.9  | -1.8  | 15.3  |  6.4  |
|   家电行业   | 603366 |  日出东方  |  48.2%   | -1.5  | 10.0 | 10.0 | 10.1  | 10.0  |  0.0  |  3.5  |  3.4  | -4.3  |  0.4  |
|   软件开发   | 301197 |   N工大    |  47.0%   |       |      |      |       |       |       |       |       |       | 47.0  |
|   通用设备   | 002896 |  中大力德  |  46.5%   |  0.3  | 10.0 | 10.0 | 10.0  | 10.0  |  6.5  | -2.8  | 10.0  | -10.0 | -2.6  |
|   专用设备   | 603800 |  道森股份  |  45.7%   |       |      |      |       | 10.0  | 10.0  |  6.5  | 10.0  | -1.1  |  3.9  |
|     电池     | 301121 |   N紫建    |  45.4%   |       |      |      |       |       |       |       |       |       | 45.4  |
|  互联网服务  | 688258 |  卓易信息  |  45.3%   |  0.9  | 1.5  | 1.6  |  8.8  |  8.6  | -7.4  |  3.1  |  1.7  | 16.2  |  4.8  |
|    半导体    | 688206 |  概伦电子  |  44.7%   |       |      |      |       |       |       | 15.7  | 16.7  | 12.9  | -5.1  |
|   消费电子   | 001229 |   N魅视    |  44.0%   |       |      |      |       |       |       |       |       |       | 44.0  |
|  房地产开发  | 600641 |  万业企业  |  43.1%   |  2.4  | 10.0 | 7.0  | -2.3  |  6.2  |  8.2  | -3.1  | -0.8  | 10.0  |  0.1  |
|   石油行业   | 000819 |  岳阳兴长  |  43.0%   | 10.0  | 8.2  | 0.9  |  4.6  |  0.2  |  5.1  |  5.5  | -1.2  |  2.5  |  1.1  |
|  电子化学品  | 300537 |  广信材料  |  42.5%   |       |      |      |       | 20.0  | 14.9  |  1.1  |  8.8  | -0.3  | -5.8  |
|   专用设备   | 688596 |  正帆科技  |  42.4%   |       |      | 11.2 | -2.6  | -0.1  | -1.6  |  8.7  |  8.0  |  8.7  |  4.9  |
|   仪器仪表   | 688115 |   思林杰   |  42.1%   |       |      | 10.0 | 14.7  | 10.2  | -2.4  | -3.0  |  2.8  | -4.5  | 10.0  |
|   生物制品   | 688373 |  N盟科-U   |  41.9%   |       |      |      |       |       |       |       |       | 33.3  |  6.4  |
|   消费电子   | 688260 |  昀冢科技  |  41.6%   |       |      | 11.9 |  0.0  | 16.4  |  2.7  | -0.3  |  1.9  |  0.7  |  3.5  |
|   仪器仪表   | 688320 |  禾川科技  |  41.0%   |  5.6  | 20.0 | 10.1 | -0.3  |  0.5  |  3.7  |  4.6  | -0.2  | -3.6  | -3.4  |
|   软件开发   | 603138 |  海量数据  |  40.5%   |       |      |      | 10.0  | -1.6  | -3.8  |  6.7  | 10.0  |  4.6  | 10.0  |
|   农药兽药   | 002868 |  绿康生化  |  40.0%   | -0.8  | 0.8  | -2.3 | -1.2  | 10.0  | 10.0  | 10.0  | 10.0  | 10.0  | -10.0 |
|    半导体    | 688037 |   芯源微   |  39.5%   |       |      |      |       | 10.9  |  5.8  |  2.4  |  5.4  | 12.3  | -2.0  |
|  汽车零部件  | 002865 |  钧达股份  |  38.5%   | 10.0  | 10.0 | 8.8  |  1.2  | -4.1  |  2.8  | -4.9  |  4.2  | -3.1  | 10.0  |
|   家用轻工   | 603398 |  沐邦高科  |  38.4%   |       |      | 10.0 |  2.0  | 10.0  |  1.6  |  1.9  | -3.1  |  1.5  | 10.0  |
|  汽车零部件  | 603201 |   N常润    |  37.4%   |       |      |      | 44.0  | 10.0  | 10.0  | -10.0 | -9.7  | -5.6  |  2.8  |
|    半导体    | 002156 |  通富微电  |  37.0%   |       |      | 10.0 | -0.5  | -1.0  | -1.9  |  3.8  |  2.6  | 10.0  | 10.0  |
|   专用设备   | 300480 |  光力科技  |  37.0%   |       |      |      |       |       |       | 14.0  |  3.2  | 13.6  |  2.5  |
|  汽车零部件  | 300707 |  威唐工业  |  36.4%   |       | 12.7 | 9.2  |  1.7  | 10.5  |  2.4  | -5.7  |  1.7  | -5.6  |  6.3  |
|   有色金属   | 688786 |  悦安新材  |  36.1%   |       |      |      |       | 20.0  | 20.0  | 17.1  | -18.1 | -3.2  |  1.8  |
|   化学制品   | 003022 |  联泓新科  |  35.6%   |  2.7  | 10.0 | 10.0 | -1.4  | -1.0  |  5.9  | -3.8  |  1.8  | -2.0  | 10.0  |
|  互联网服务  | 300044 |  赛为智能  |  34.7%   |       |      |      | 19.9  | 19.9  | -10.5 | -8.2  | 15.9  | -8.9  |  8.0  |
|   环保行业   | 000035 |  中国天楹  |  34.5%   |  0.9  | 5.2  | 10.1 |  3.9  | -3.1  | -2.3  |  1.7  | -1.9  |  9.9  |  6.6  |
|   航天航空   | 688239 |  航宇科技  |  34.0%   |       |      | 17.7 | -2.2  |  1.2  |  4.0  |  3.0  | -2.4  |  5.2  |  4.7  |
|   通信服务   | 002231 |  奥维通信  |  33.8%   |       |      |      |       | 10.0  | -2.9  | 10.0  | -5.8  |  9.9  | 10.0  |
|   光伏设备   | 603396 |  金辰股份  |  33.5%   |  6.2  | 4.9  | 10.0 |  4.7  | 10.0  | -5.0  | -5.0  | -1.8  | -3.0  | 10.0  |
|  计算机设备  | 002512 |  达华智能  |  33.4%   |       |      |      |       |       |       |       | 10.1  | 10.1  | 10.1  |
|   电网设备   | 002471 |  中超控股  |  33.2%   |       |      |      |       |       |       |       | 10.2  |  9.9  | 10.0  |
|  汽车零部件  | 002536 |  飞龙股份  |  33.2%   |       | 10.0 | 10.1 |  3.2  | -7.8  | -0.5  | 10.0  | 10.0  |  0.0  | -4.0  |
|   家用轻工   | 002575 |  群兴玩具  |  32.7%   |       |      | 10.0 |  9.4  | -8.1  | 10.0  | 10.0  |  1.3  |  1.4  | -3.5  |
|  汽车零部件  | 002553 |  南方精工  |  32.3%   |  3.5  | 1.8  | -0.8 | 10.0  | -2.0  | -9.2  | -2.8  | 10.0  | 10.0  | 10.0  |
|  房地产开发  | 600603 |  广汇物流  |  32.3%   |       | 10.1 | 10.1 | 10.1  |  5.1  | -5.1  | -6.9  |  5.6  | -8.0  | 10.0  |
|   化纤行业   | 000301 |  东方盛虹  |  32.3%   |       | 10.0 | 8.1  | -1.7  |  1.5  | 10.0  | -6.4  | -0.1  |  2.0  |  6.1  |
|    半导体    | 688002 |  睿创微纳  |  31.8%   |       |      |      |       |       |       |       |       | 20.0  |  9.8  |
|   化学制品   | 603823 |   百合花   |  31.4%   |       |      |      | 10.0  |  6.1  | -2.9  |  7.1  | -0.1  | 10.0  | -1.5  |
|   通信设备   | 002897 |  意华股份  |  30.8%   |  1.0  | 10.0 | 7.0  | 10.0  | -0.9  | -4.9  | -2.9  | -3.0  |  2.6  | 10.0  |
|   汽车整车   | 600418 |  江淮汽车  |  30.1%   | 10.0  | 4.8  | -1.4 |  8.5  | 10.0  |  2.9  | -1.1  | -4.9  | -1.7  |  0.8  |
|  光学光电子  | 300650 |  太龙股份  |  30.0%   |       |      |      |       |       |       |       | 11.2  | 13.2  |  3.3  |
|   消费电子   | 002881 |  美格智能  |  30.0%   |       |      |      |       | 10.0  |  7.6  |  8.0  | -4.5  |  3.6  |  2.8  |
|   有色金属   | 002532 |  天山铝业  |  29.7%   |       |      |      |  9.9  | 10.0  |  9.0  | -5.3  |  2.0  | -0.7  |  2.5  |
|   橡胶制品   | 603650 |  彤程新材  |  29.7%   |       |      |      |       | 10.0  |  6.5  | 10.0  |  1.6  |  4.9  | -5.6  |
|   电子元件   | 002579 |  中京电子  |  29.5%   |       |      | 10.0 | -2.8  |  4.3  | 10.1  |  1.5  | -9.9  | 10.0  |  5.0  |
|    半导体    | 688521 | 芯原股份-U |  29.5%   |       |      |      |       |       |       |       |       | 20.0  |  7.9  |
|   环保行业   | 301030 |  仕净科技  |  29.2%   |       |      |      |       |       |       |       | 12.2  | -0.2  | 15.3  |
|    半导体    | 001309 |   德明利   |  29.2%   | -2.9  | 1.5  | 2.7  | 10.0  |  3.5  | 10.0  |  2.8  |  0.9  |  9.1  | -10.0 |
|   电源设备   | 002665 |  首航高科  |  29.0%   |  0.9  | 3.4  | 0.8  | 10.1  |  9.9  |  2.0  |  2.4  |  3.9  | -10.0 |  3.7  |
|    半导体    | 688699 |  明微电子  |  28.4%   |       |      |      |       |       |       |       |       | 20.0  |  7.0  |
|   塑料制品   | 300487 |  蓝晓科技  |  27.9%   |       |      |      |       | 20.0  |  3.8  | -4.4  |  6.3  | -0.8  |  1.9  |
|   专业服务   | 301306 |   N西测    |  27.8%   | 29.6  | 5.7  | -7.2 | -6.2  | -0.2  |  1.6  |  0.2  |  1.6  |  1.8  |  2.2  |
|      —       | 835985 |   N海泰    |  27.4%   |       |      |      |       |       |       |       |       |       | 27.4  |
|   文化传媒   | 300392 |  *ST腾信   |  27.3%   |       |      |      |       |       |       |       | 20.1  |  4.0  |  1.9  |
|   电网设备   | 300286 |   安科瑞   |  27.1%   | 11.3  | 2.0  | 1.9  |  0.6  |  1.4  | -2.2  | -1.7  |  2.6  |  7.1  |  1.9  |
|     电机     | 003021 |  兆威机电  |  26.9%   |       | 10.0 | 10.0 | -0.8  | -1.6  | -4.7  | -2.2  | -4.8  | 10.0  | 10.0  |
|   软件开发   | 603528 |  多伦科技  |  26.9%   |       |      |      |       |       |       |  9.9  |  9.9  | 10.0  | -4.5  |
|   电子元件   | 688375 |  国博电子  |  26.5%   |       |      |      |       | 12.4  | -3.5  |  3.2  |  0.0  | 13.3  | -0.2  |
|   专用设备   | 688218 |  江苏北人  |  26.1%   |  2.3  | 1.1  | 4.6  |  7.9  |  1.5  |  5.1  | -9.6  | 20.0  | -8.2  |  1.7  |
|   通用设备   | 603617 |  君禾股份  |  25.8%   |       | 10.0 | 3.4  | -0.2  | 10.0  |  4.1  | -6.3  |  0.2  | -0.7  |  3.9  |
|   专用设备   | 603076 |  乐惠国际  |  25.8%   | 10.0  | 8.8  | 1.6  | -1.6  |  2.6  | -2.1  | -2.1  | -1.6  |  6.7  |  1.9  |
|  汽车零部件  | 603768 |  常青股份  |  25.1%   | -4.4  | -0.6 | 6.6  |  1.0  |  4.2  | -3.7  |  0.1  | 10.0  |  0.6  | 10.0  |
|   医疗服务   | 301333 |  N诺思格   |  25.1%   |       |      |      |       |       | 14.1  |  4.5  | -1.8  | -4.6  | 12.0  |
|   医疗器械   | 300049 |  福瑞股份  |  24.4%   |       |      |      |       |       |       | 15.0  | -0.5  |  5.6  |  3.0  |
|   消费电子   | 300709 |  精研科技  |  24.3%   |       | 12.4 | 1.5  | -1.6  |  7.5  | -5.6  | -2.5  |  0.7  |  2.8  |  8.1  |
|  计算机设备  | 603516 |  淳中科技  |  24.2%   |       |      | 10.0 |  4.5  | -2.8  | -4.7  | 10.0  | 10.0  | -6.4  |  3.0  |
|   消费电子   | 002139 |  拓邦股份  |  24.1%   |  0.1  | 10.0 | 10.0 | -1.9  |  1.1  |  5.2  | -2.9  | -1.4  | -1.4  |  4.2  |
|   通用设备   | 002903 |  宇环数控  |  24.0%   |       |      |      | 10.0  | -0.1  | 10.0  |  3.6  | -2.3  |  2.5  | -1.1  |
|   家电行业   | 603355 |  莱克电气  |  24.0%   |       | 10.0 | 7.1  | -0.8  |  6.9  | -0.6  | -0.0  | -1.6  |  0.4  |  1.0  |
|  互联网服务  | 600536 |  中国软件  |  23.7%   |       |      |      |       |       |       | 10.0  | -0.1  | 10.0  |  2.3  |
|   化纤行业   | 000936 |  华西股份  |  23.7%   |       |      |      |       |       |       |       | 10.1  | 10.0  |  2.1  |
|   有色金属   | 688102 |  斯瑞新材  |  23.5%   |       |      |      |       | 14.0  | -3.2  |  6.1  | -3.1  |  0.0  |  8.7  |
|  互联网服务  | 603636 |  南威软件  |  23.3%   | 10.0  | 0.0  | 0.0  |  0.0  |  0.0  |  0.0  | -9.9  | 10.0  | 10.0  |  2.8  |
|   仪器仪表   | 002338 |  奥普光电  |  22.8%   |       | 10.0 | 3.2  |  3.7  | -0.5  | -4.4  |  4.8  | 10.0  | -5.8  |  0.9  |
|    半导体    | 688200 |  华峰测控  |  22.6%   |       |      |      |       |       |       |       |       | 20.0  |  2.2  |
|   通信设备   | 300397 |  天和防务  |  22.6%   |       |      |      |       |       | 20.0  | 14.2  | -7.1  | -2.6  | -1.2  |
|   航天航空   | 300474 |   景嘉微   |  22.6%   |       |      |      |       |       |       | 13.7  |  0.9  |  8.3  | -1.4  |
|      —       | 834062 |  科润智控  |  22.5%   |       | 14.7 | 4.8  | -3.1  | -3.8  |  4.6  | -0.2  |  2.3  |  2.2  |  0.2  |
|  汽车零部件  | 688071 |  华依科技  |  22.0%   |       | 12.5 | 2.1  | -0.3  |  1.2  | -2.8  | -2.2  |  0.2  |  9.7  |  0.6  |
|   消费电子   | 688007 |  光峰科技  |  21.9%   |       | 11.7 | 0.6  | -3.1  |  2.7  | -1.8  |  1.8  | -2.2  |  7.8  |  3.4  |
|   通用设备   | 605060 |  联德股份  |  21.7%   |       |      |      |       |       | 10.0  |  7.6  | -1.2  |  1.1  |  2.9  |
|   消费电子   | 301086 |   鸿富瀚   |  21.6%   | 13.6  | -2.6 | 0.4  |  7.3  |  0.1  | -3.9  | -3.1  |  2.2  |  4.7  |  2.4  |
|   电子元件   | 688511 |  天微电子  |  21.4%   |       |      |      |       |       |       | 20.0  | -5.0  |  2.0  |  4.4  |
|  汽车零部件  | 002715 |  登云股份  |  21.3%   |  2.0  | 2.8  | 10.0 | -0.1  | -1.5  | -5.1  | -3.3  |  5.1  |  3.0  |  7.6  |
|    半导体    | 688213 |  思特威-W  |  21.3%   |       |      | 16.7 | -1.5  | -0.3  | -2.7  |  1.1  | -0.8  | 14.1  | -4.8  |
|   软件开发   | 603990 |  麦迪科技  |  21.3%   |  7.0  | 2.8  | 6.3  |  2.8  |  6.0  | -4.2  | -1.6  | -1.7  | -6.7  | 10.0  |
|   专用设备   | 002367 |  康力电梯  |  21.0%   |       |      |      |       |       |       |       |       | 10.0  | 10.0  |
|   家电行业   | 603726 |  朗迪集团  |  21.0%   |       |      |      |       |       |       |       |       | 10.0  | 10.0  |
|    半导体    | 688107 | 安路科技-U |  21.0%   |       |      | 10.3 | -6.8  |  2.3  | -2.5  |  3.8  | 11.7  |  7.3  | -5.2  |
|   农药兽药   | 603639 |   海利尔   |  21.0%   |       |      |      |       |       |       |       |       | 10.0  | 10.0  |
|    半导体    | 002119 |  康强电子  |  21.0%   |       |      |      |       |       |       |       |       | 10.0  | 10.0  |
|  房地产开发  | 600773 |  西藏城投  |  21.0%   |       |      |      |       |       |       |       |       | 10.0  | 10.0  |
|  计算机设备  | 000034 |  神州数码  |  21.0%   | 10.0  | 3.4  | -3.9 | -3.4  |  1.5  | -3.8  |  4.8  |  0.1  |  1.7  | 10.0  |
|  光学光电子  | 002845 |   同兴达   |  21.0%   |       |      |      |       |       |       |       |       | 10.0  | 10.0  |
|   软件开发   | 688083 |  中望软件  |  20.9%   |       |      |      |       |       |       |       |       | 20.0  |  0.8  |
|  汽车零部件  | 300893 |  松原股份  |  20.9%   |  3.0  | 3.4  | -0.9 |  6.3  | -1.8  | -3.2  | -1.8  | -1.5  | -2.3  | 20.0  |
|   通信服务   | 002148 |  北纬科技  |  20.8%   |       |      |      |       |       |       |       |       |  9.9  |  9.9  |
|   通信设备   | 688788 |  科思科技  |  20.8%   |       | 10.6 | 6.5  | -2.4  |  1.2  | -1.3  |  8.2  | -1.4  |  1.2  | -2.6  |
|   软件开发   | 300799 |  左江科技  |  20.7%   |       |      |      |       |       |       | 10.1  |  0.3  | 13.6  | -3.9  |
|   电子元件   | 002869 |  金溢科技  |  20.7%   |  5.1  | 1.4  | -2.6 |  3.8  |  3.8  | -7.3  | -2.5  |  2.7  |  5.8  | 10.0  |
|  汽车零部件  | 603109 |  神驰机电  |  20.5%   |  2.4  | 1.1  | 2.1  |  3.1  | -1.0  | -5.1  |  5.5  |  4.2  | -2.7  | 10.0  |
|   专用设备   | 688170 |  德龙激光  |  20.4%   |       |      |      | 20.0  |  1.0  | -3.1  |  3.6  | -1.1  | -1.2  |  1.3  |
|  汽车零部件  | 605133 |  嵘泰股份  |  20.3%   | 10.0  | 10.0 | 10.0 | -4.1  | -5.2  |  0.6  | -6.7  | -1.8  | -1.9  | 10.0  |
|   电网设备   | 603530 |  神马电力  |  20.3%   |       |      |      | 10.0  | 10.0  | -6.6  |  4.7  | 10.0  |  2.7  | -10.0 |
|   光伏设备   | 600732 |  爱旭股份  |  20.2%   | 10.0  | 5.2  | 1.4  |  0.9  | -3.1  |  0.2  | -7.0  |  2.3  | -0.2  | 10.0  |
|   通信服务   | 688682 |   霍莱沃   |  20.1%   |       |      |      |       |       |       |       |       | 13.9  |  5.4  |
|   化学制品   | 301190 |  善水科技  |  20.0%   |       |      |      |       |       |       |       |       |       | 20.0  |
|   专用设备   | 688328 |   深科达   |  20.0%   |       |      |      |       |       |       |       |       |       | 20.0  |
|   软件开发   | 300378 |  鼎捷软件  |  20.0%   |       |      |      |       |       |       |       |       |       | 20.0  |
|    半导体    | 688286 |  敏芯股份  |  20.0%   |       |      |      |       |       |       |       | 19.4  |  6.1  | -5.2  |
|   通用设备   | 000837 |  秦川机床  |  20.0%   |       | 10.1 | 10.0 | 10.0  | 10.0  | 10.0  | -10.0 | -8.1  | -10.0 |  0.1  |
|   化学原料   | 301059 |   金三江   |  19.9%   |       |      |      |       |       |       |       | 11.5  | -4.8  | 13.0  |
|   消费电子   | 002782 |   可立克   |  19.8%   |  6.7  | 0.5  | 1.8  | 10.0  |  2.9  |  2.3  | -8.0  | -2.5  | -4.0  | 10.0  |
|   软件开发   | 688095 |  福昕软件  |  19.8%   |       |      |      |       |       |       |       |       | 18.6  |  1.0  |
|   消费电子   | 300131 |  英唐智控  |  19.7%   |       |      | 14.0 | -5.4  |  1.8  | -4.5  |  5.7  |  2.8  |  4.4  |  0.8  |
|   专用设备   | 300776 |  帝尔激光  |  19.7%   |       | 10.4 | -0.5 |  4.0  |  3.3  | -1.0  | -1.6  | -2.1  |  1.5  |  4.8  |
|  光学光电子  | 002876 |   三利谱   |  19.7%   |       |      |      |       |       |       |       | 10.0  |  8.3  |  0.4  |
|   电网设备   | 600550 |  保变电气  |  19.6%   |       |      |      |       |       |       |       | 10.0  | -1.1  | 10.0  |
|   专用设备   | 688162 |  巨一科技  |  19.6%   |       | 13.0 | 3.4  |  9.1  |  0.3  | -4.8  | -1.1  | -2.2  |  1.4  |  0.1  |
|   专用设备   | 301018 |  申菱环境  |  19.5%   | -3.6  | 14.4 | 3.5  | 20.0  | -0.3  | -2.5  | -8.8  | -3.5  | -6.3  |  8.7  |
|   酿酒行业   | 000596 |  古井贡酒  |  19.5%   |       |      |      |       | 10.0  |  6.5  | -0.8  |  4.4  | -2.2  |  0.8  |
|  光学光电子  | 688272 |   富吉瑞   |  19.4%   |       |      |      |       | 20.0  |  3.5  |  0.1  | -5.3  | -1.8  |  3.5  |
|   专用设备   | 603416 |  信捷电气  |  19.4%   |       | 10.0 | 4.5  |  2.6  |  5.3  |  5.0  | -7.7  |  1.1  |  2.6  | -4.4  |
|   通用设备   | 603915 |  国茂股份  |  19.4%   |       | 10.0 | 4.4  |  3.0  | 10.0  | -1.7  | -9.7  |  3.2  | -0.8  |  1.0  |
|   通信设备   | 300620 |  光库科技  |  19.4%   |       |      |      |       |       |       | 13.7  | -1.9  |  5.2  |  1.8  |
|   有色金属   | 300337 |  银邦股份  |  19.3%   |       |      |      |       | 16.5  |  3.9  | -7.6  | -1.1  | -2.0  | 10.1  |
|   化学制品   | 603192 |  汇得科技  |  19.1%   |       | 10.0 | 3.7  | -0.3  |  6.2  | -4.9  | -1.1  |  2.6  |  0.0  |  2.1  |
|  电子化学品  | 300481 |  濮阳惠成  |  19.0%   |       |      |      |       |       |       |       |       |       | 19.0  |
|   电子元件   | 002008 |  大族激光  |  18.9%   |       |      | 10.0 | -0.4  |  6.6  |  5.0  |  0.0  | -4.5  | -0.3  |  1.9  |
|   通用设备   | 300260 |  新莱应材  |  18.8%   |       |      |      |       |       |       | 11.2  |  0.9  |  9.0  | -2.9  |
|   专业服务   | 002564 |  天沃科技  |  18.8%   |       |      |      |       | 10.1  | 10.1  | 10.0  | 10.0  | -10.1 | -9.9  |
|   专用设备   | 300402 |  宝色股份  |  18.8%   |       |      |      |       |       |       | 20.0  | -1.6  | -1.6  |  2.2  |
|   仪器仪表   | 300720 |  海川智能  |  18.7%   |       |      |      |       | 13.4  | -5.2  | -2.8  |  9.0  |  2.4  |  1.8  |
|     电池     | 300648 |  星云股份  |  18.7%   | -3.1  | 5.4  | -2.2 |  0.1  |  4.2  | 20.0  | -6.9  |  3.7  | -4.7  |  3.1  |
|   装修装饰   | 603929 |  亚翔集成  |  18.6%   |       |      |      |       |       |       | 10.0  |  0.9  | 10.0  | -2.9  |
|  光学光电子  | 300691 |  联合光电  |  18.5%   |       |      |      |       |       |       | 18.0  | -4.8  | -0.7  |  6.2  |
|   化学制药   | 688192 | 迪哲医药-U |  18.2%   |       |      |      |       |       |       |       |       | 12.2  |  5.4  |
|   电子元件   | 301150 |  中一科技  |  18.2%   |       |      |      |       |       |       | 11.8  | -5.3  | -1.8  | 13.7  |
|   电力行业   | 600212 |  绿能慧充  |  18.2%   |       |      | 10.0 |  2.0  | -1.1  | -2.0  | -1.7  |  6.2  | -0.1  |  4.2  |
|   专用设备   | 688160 |  步科股份  |  17.9%   |       |      | 20.0 |  4.5  |  5.3  |  3.1  | -3.8  | -3.9  | -8.0  |  1.9  |
|   装修建材   | 002853 |   皮阿诺   |  17.7%   |       |      |      |       |       |       |       | 10.0  |  3.4  |  3.5  |
|  非金属材料  | 301071 |  力量钻石  |  17.7%   | 11.1  | 9.0  | 1.4  | -1.1  | -2.0  | -0.3  | -2.8  | -3.1  |  2.4  |  3.0  |
|    半导体    | 688661 |  和林微纳  |  17.7%   |       |      |      |       |       |       |       |       | 13.5  |  3.7  |
|  汽车零部件  | 002708 |  光洋股份  |  17.6%   |       |      | 10.0 |  1.4  | 10.0  |  5.7  | -8.5  |  0.5  | -4.5  |  3.3  |
|    半导体    | 688167 |  炬光科技  |  17.6%   |       | 13.0 | 2.3  | -0.3  |  0.9  |  6.0  | -1.8  | -1.8  | -0.8  | -0.3  |
|   环保行业   | 300056 |  中创环保  |  17.5%   |       |      |      | 14.7  |  0.0  | -4.2  | -6.0  | 11.6  |  0.0  |  1.8  |
|   电源设备   | 002534 |  西子洁能  |  17.5%   | -1.7  | 5.6  | -1.7 |  5.0  | 10.0  |  2.4  | -7.1  |  0.1  | -1.1  |  5.8  |
|     电机     | 603819 |  神力股份  |  17.3%   |       | 10.0 | 1.0  | -2.5  |  0.6  | -0.5  | -3.1  |  1.2  |  0.3  | 10.0  |
|  光学光电子  | 300301 |  *ST长方   |  17.3%   |       |      |      |       |       |       |       | 11.2  |  1.5  |  4.0  |
|   有色金属   | 003038 |  鑫铂股份  |  17.2%   |       | 10.0 | 8.1  |  1.1  | -2.2  | -4.4  |  0.3  | -2.9  | -1.2  |  8.3  |
|   电网设备   | 002058 |   威尔泰   |  16.9%   |       | 10.0 | 10.0 | -6.2  |  3.8  | -3.1  | -9.6  |  6.3  | -3.0  | 10.0  |
|   化纤行业   | 301057 |  汇隆新材  |  16.9%   |       |      |      |       |       |       |       |       |       | 16.9  |
|   通信设备   | 600355 |  精伦电子  |  16.8%   |       |      |      | 10.0  | -2.1  | -7.1  | 10.0  |  9.9  | -6.1  |  2.9  |
|   电网设备   | 603577 |   汇金通   |  16.7%   |       |      |      | 10.1  | 10.0  | -10.0 | -3.7  | 10.0  | -1.1  |  2.3  |
|    半导体    | 300706 |   阿石创   |  16.7%   |       |      |      |       | 10.2  |  5.1  | -5.2  |  2.9  |  4.5  | -1.1  |
|    半导体    | 603005 |  晶方科技  |  16.6%   |       |      |      |       |       |       |       |       | 10.0  |  6.0  |
|   塑料制品   | 002886 |  沃特股份  |  16.6%   |       |      |      |       |       |       |       | 10.0  |  0.6  |  5.3  |
| 工程咨询服务 | 603959 |  百利科技  |  16.6%   |       | 10.0 | 2.4  | -0.2  |  4.9  | -2.7  | -4.3  | -2.9  |  2.7  |  6.5  |
|   电子元件   | 605258 |  协和电子  |  16.5%   |       |      | 10.0 | -1.5  |  2.3  |  3.0  |  3.8  | -5.4  |  4.1  | -0.1  |
|   食品饮料   | 603170 |  宝立食品  |  16.4%   | 10.0  | 10.0 | 10.0 | -9.9  | -2.4  | -4.7  |  1.4  | -1.3  |  4.1  |  0.3  |
|   专用设备   | 835368 |  连城数控  |  16.4%   |       |      |      |       |       |       |       |       | 11.1  |  4.8  |
|   电子元件   | 002384 |  东山精密  |  16.3%   |       |      | 10.0 |  2.9  |  7.7  |  0.1  | -5.3  |  1.4  | -2.0  |  1.3  |
|   生物制品   | 688235 | 百济神州-U |  16.3%   |       |      |      |       |       |       |       |       | 12.1  |  3.8  |
|  汽车零部件  | 300978 |  东箭科技  |  16.3%   |       |      |      |       |       |       |       |       |       | 16.3  |
|   医疗器械   | 688217 |  睿昂基因  |  16.2%   |       | 13.4 | -1.9 | -3.0  | -0.6  | -3.8  |  1.1  |  4.5  |  3.0  |  3.4  |
|  电子化学品  | 688268 |  华特气体  |  16.2%   |       |      |      |       |       |       |       |       |  9.9  |  5.7  |
|   电网设备   | 002276 |  万马股份  |  16.1%   |       |      |      |       | 10.0  | -0.5  | -5.6  |  1.1  | 10.0  |  1.1  |
|   电子元件   | 603186 |  华正新材  |  16.0%   | -1.9  | 1.4  | 6.2  | -3.4  |  3.9  | -3.9  |  5.0  | -1.2  | 10.0  | -0.3  |
|    半导体    | 688262 |  国芯科技  |  15.9%   |       |      |      |       |       |       |       |       | 20.0  | -3.5  |
|  汽车零部件  | 002406 |  远东传动  |  15.8%   |       |      |      |       |       |       |       | 10.1  | -4.4  | 10.1  |
|    半导体    | 688234 |  天岳先进  |  15.8%   | -3.9  | 3.2  | -2.4 |  0.0  |  6.1  |  3.7  |  5.2  | -1.2  | 10.1  | -5.0  |
|   专用设备   | 002651 |  利君股份  |  15.6%   |       |      | 9.9  |  6.0  | -3.8  |  2.2  |  2.6  | -2.9  | -2.4  |  3.7  |
|  电子化学品  | 688359 |  三孚新科  |  15.5%   |       |      |      | 12.1  |  0.7  | -2.1  | -2.4  | -0.3  |  2.7  |  4.7  |
|   塑料制品   | 002585 |  双星新材  |  15.5%   | 10.0  | 6.1  | 1.7  |  2.2  |  1.1  | -4.4  | -3.1  | -4.3  |  0.4  |  5.7  |
|  汽车零部件  | 300969 |  恒帅股份  |  15.5%   |       | 10.9 | 0.1  |  1.6  |  0.7  |  5.4  | -3.4  |  6.3  | -4.7  | -1.4  |
|   煤炭行业   | 600348 |  华阳股份  |  15.5%   | 10.0  | 4.6  | 7.8  | -3.0  |  7.1  | -3.2  | -2.9  | -4.2  | -2.7  |  2.2  |
|   电网设备   | 603070 |  万控智造  |  15.5%   |       |      |      |       | 10.0  | -2.5  | -0.9  | 10.0  | -2.1  |  0.9  |
|   化学制药   | 300583 |  赛托生物  |  15.3%   |       |      |      |       |       |       |       | 12.5  | -0.3  |  2.8  |
|      —       | 430510 |  丰光精密  |  15.2%   |       |      |      | 10.1  | 19.3  | -10.5 |  1.5  | -1.2  | -2.0  | -0.2  |
|   消费电子   | 002947 |   恒铭达   |  15.2%   |       |      |      |       | 10.0  | -2.8  | -2.5  |  4.5  |  4.3  |  1.4  |
|  汽车零部件  | 003033 |  征和工业  |  15.0%   |  2.0  | 7.0  | 10.0 | -3.5  | -0.4  | -1.6  | -4.2  |  1.7  |  0.1  |  3.8  |
|   电子元件   | 603386 |  骏亚科技  |  14.9%   |       |      | 10.0 |  0.9  |  3.3  |  0.2  |  3.0  | -4.2  |  3.6  | -2.3  |
|   商业百货   | 002344 |  海宁皮城  |  14.9%   |       |      |      |       |       |       |       |       |  9.9  |  4.5  |
|    半导体    | 688261 |  东微半导  |  14.9%   |       |      |      |       |       |       |       | 11.3  |  4.9  | -1.6  |
|   塑料制品   | 002324 |   普利特   |  14.8%   |       |      |      | 10.0  |  0.6  | -2.0  |  2.2  | -1.4  |  2.8  |  2.2  |
|  光学光电子  | 300545 |  联得装备  |  14.8%   | 10.1  | 2.6  | 1.1  | -2.6  |  2.3  | -4.8  | -3.4  |  2.4  |  4.4  |  2.6  |
|   环保行业   | 688501 |  青达环保  |  14.7%   |       |      |      | 11.3  | -3.9  | -1.9  | 14.4  | -3.9  |  0.2  | -0.9  |
|   农牧饲渔   | 000592 |  平潭发展  |  14.5%   |       |      |      |       |       | 10.0  |  3.5  | -4.4  | -4.2  |  9.9  |
|   仪器仪表   | 688622 |  禾信仪器  |  14.4%   |       |      |      |       |       |       |       |       | 15.7  | -1.1  |
|   仪器仪表   | 001266 |  宏英智能  |  14.4%   |  0.3  | 1.4  | 3.3  | -1.2  | 10.0  |  1.8  |  1.2  | -3.8  | -3.8  |  5.0  |
|   橡胶制品   | 002068 |  黑猫股份  |  14.4%   |       |      |      |       | 10.0  | 10.0  |  2.2  | -3.5  | -7.7  |  3.8  |
|  电子化学品  | 300398 |  飞凯材料  |  14.3%   |       |      |      |       | 11.3  | -4.0  |  1.2  |  0.7  |  5.4  | -0.4  |
|   软件开发   | 002987 |   京北方   |  14.3%   |       |      |      |       |       |       |       |       | 10.0  |  3.9  |
|   生物制品   | 688331 |  荣昌生物  |  14.2%   |       |      |      |       |       |       |       |       | 12.7  |  1.4  |
|   仪器仪表   | 300553 |  集智股份  |  14.2%   |       | 10.1 | 2.7  | -0.4  | -1.4  | -1.8  |  1.1  | -0.7  |  0.1  |  4.2  |
|   专用设备   | 601606 |  长城军工  |  14.1%   |       |      |      |       |       | 10.0  | 10.0  | -1.4  | -4.3  | -0.1  |
|   仪器仪表   | 688600 |  皖仪科技  |  14.1%   |       |      |      |       |       |       |       |       | 14.8  | -0.6  |
|   有色金属   | 300963 |  中洲特材  |  14.1%   |       |      | 20.0 | -1.6  |  2.7  |  0.6  | -6.0  | -5.7  |  0.6  |  4.8  |
|   化学制品   | 000691 |  亚太实业  |  14.0%   |       |      |      |       |       |       | 10.0  | -3.5  | -2.5  | 10.1  |
|   交运设备   | 688187 |  时代电气  |  14.0%   |       |      |      |       |       |       |       |       | 20.0  | -5.0  |
|   综合行业   | 000009 |  中国宝安  |  14.0%   |       | 10.0 | -3.3 | -0.6  |  0.0  |  3.2  | -6.3  |  1.4  |  2.6  |  7.0  |
|   通用设备   | 002164 |  宁波东力  |  14.0%   |  2.0  | 10.0 | 10.1 | -4.2  |  5.8  |  3.0  | -5.8  | -5.2  | -3.8  |  2.8  |
|   电源设备   | 688551 |   科威尔   |  13.9%   |       |      |      |       |       |       |       |       |       | 13.9  |
|  互联网服务  | 002530 |  金财互联  |  13.9%   |       |      |      |       |       |       |       | 10.0  |  2.6  |  0.9  |
|   通信设备   | 000547 |  航天发展  |  13.9%   |       |      |      |       | 10.0  | 10.0  |  5.8  | -7.7  | -1.5  | -2.2  |
|  汽车零部件  | 002590 |  万安科技  |  13.9%   |       | 10.1 | -2.0 |  2.3  |  1.2  | -4.9  |  3.5  |  1.6  | -1.7  |  3.7  |
|   通用设备   | 002444 |  巨星科技  |  13.8%   |       |      |      |       | 10.0  | 10.0  | -3.0  | -1.2  | -3.0  |  1.2  |
|   商业百货   | 002818 |   富森美   |  13.8%   |       |      |      |       |       |       | 10.1  | 10.0  | -6.1  |  0.1  |
|   软件开发   | 300348 |  长亮科技  |  13.6%   |       |      |      |       |       |       |       |       | 15.7  | -1.8  |
|   农药兽药   | 600195 |  中牧股份  |  13.6%   |       |      |      |       |       |       |       | 10.0  |  2.2  |  1.0  |
|  汽车零部件  | 603586 |   金麒麟   |  13.5%   | -0.4  | 4.2  | 0.4  | -0.9  |  4.5  | 10.0  | -5.2  | -7.2  | 10.0  | -1.3  |
|  汽车零部件  | 688326 | 经纬恒润-W |  13.4%   |       |      |      | 11.8  |  5.4  |  7.4  | -7.6  |  0.6  | -8.8  |  5.8  |
|   化学制品   | 300041 |  回天新材  |  13.3%   |       |      |      |       |       |       |       | 10.5  | -2.7  |  5.4  |
|   交运设备   | 688569 |  铁科轨道  |  13.3%   |       |      |      |       |       |       |       |       |       | 13.3  |
|  房地产开发  | 000863 |  三湘印象  |  13.2%   | 10.1  | 0.3  | -0.3 | -2.2  | -2.6  | -6.7  | -2.5  | 10.0  |  7.0  |  0.8  |
|   软件开发   | 300454 |   深信服   |  13.0%   |       |      |      |       |       |       |       |       | 11.1  |  1.7  |
|   塑料制品   | 000973 |  佛塑科技  |  13.0%   |       |      |      |       |       |       |       |  9.9  | -2.4  |  5.3  |
|   航天航空   | 300424 |  航新科技  |  13.0%   |       | 17.7 | -3.3 | -1.8  | -1.7  | 14.1  | -0.8  | -6.5  | -2.5  | -0.3  |
|   电网设备   | 603861 |  白云电器  |  13.0%   |       |      |      |       |       |       |       | 10.0  |  4.0  | -1.2  |
|    半导体    | 002185 |  华天科技  |  12.9%   |       |      |      |       |       |       |       |       | 10.0  |  2.6  |
|     电池     | 002580 |  圣阳股份  |  12.8%   |  1.0  | 3.8  | 1.6  |  0.0  |  1.5  | -3.5  | 10.0  | -1.4  | -5.4  |  5.3  |
|  汽车零部件  | 002593 |  日上集团  |  12.8%   | 10.1  | 9.9  | 9.9  | 10.1  |  9.9  | -10.1 | -10.0 | -9.2  | -4.7  |  0.2  |
|   电子元件   | 688210 |  统联精密  |  12.8%   |       |      | 11.2 |  1.1  |  0.8  | -7.1  | -1.8  |  3.5  |  2.4  |  2.9  |
|  汽车零部件  | 002997 |  瑞鹄模具  |  12.8%   |  9.0  | 4.2  | 10.0 | -3.4  |  6.8  | -7.1  | -10.0 |  0.3  | -5.2  | 10.0  |
|    半导体    | 688110 |  东芯股份  |  12.8%   |       |      |      |       |       |       |       |       | 10.0  |  2.5  |
|   生物制品   | 688302 | 海创药业-U |  12.7%   |       |      |      |       |       |       |       |       | 12.1  |  0.6  |
|  汽车零部件  | 603655 |  朗博科技  |  12.7%   |       |      |      |       |       |       | 10.0  |  0.5  | -2.4  |  4.5  |
|   专用设备   | 605286 |  同力日升  |  12.7%   | -0.8  | 6.8  | -2.4 |  5.7  | -5.6  | -2.3  | -5.6  |  3.9  |  3.6  | 10.0  |
|   通用设备   | 003043 |  华亚智能  |  12.7%   |  2.1  | 1.4  | -2.5 | -3.1  |  0.1  | 10.0  | -2.1  |  4.3  |  6.2  | -3.5  |
|   化学原料   | 000635 |   英力特   |  12.6%   |       |      |      | 10.0  |  0.8  | -5.8  | -1.2  | 10.0  | -1.8  |  1.1  |
|    半导体    | 605111 |   新洁能   |  12.6%   |       |      |      |       |       |       |       |       | 10.0  |  2.3  |
|    半导体    | 002371 |  北方华创  |  12.6%   |       |      |      |       |       |       |       |       | 10.0  |  2.3  |
|   电力行业   | 000037 |  深南电A   |  12.6%   |       |      |      |       |       |       |       |  9.9  |  0.1  |  2.3  |
|  非金属材料  | 300395 |   菲利华   |  12.5%   |       |      |      |       |       |       |       |       |       | 12.5  |
|    半导体    | 688173 |   希荻微   |  12.4%   |       |      |      |       |       |       |       |       | 14.2  | -1.6  |
|  汽车零部件  | 002454 |  松芝股份  |  12.3%   | -1.2  | 6.1  | 1.8  | 10.0  |  3.9  | -9.5  |  1.6  |  0.8  | -1.5  |  0.9  |
|   电网设备   | 002560 |  通达股份  |  12.3%   | 10.1  | 1.6  | 0.3  |  0.3  | -2.6  |  1.3  |  3.0  |  2.1  | -5.3  |  1.6  |
|   文化传媒   | 000676 |  智度股份  |  12.3%   |       |      |      |       |       |       |  9.9  |  2.2  |  2.3  | -2.2  |
|   综合行业   | 000409 |  云鼎科技  |  12.3%   |       |      | 10.0 |  6.9  | -5.9  | -4.1  |  0.5  |  3.6  | -1.6  |  3.2  |
|   仪器仪表   | 688686 |   奥普特   |  12.1%   |       | 11.4 | -2.1 |  2.4  |  7.5  | -3.6  | -0.5  | -3.0  | -0.3  |  0.5  |
|   有色金属   | 601137 |  博威合金  |  12.1%   |       |      |      | 10.0  |  3.9  | -0.9  |  1.2  | -3.9  |  0.5  |  1.3  |
|   化学制品   | 002917 |   金奥博   |  12.1%   |       |      |      |       | 10.0  | 10.0  | -7.9  |  4.2  | -4.6  |  1.1  |
|   通信设备   | 000032 |  深桑达Ａ   |  12.1%   |       |      |      |       |       |       |       |       | 10.0  |  1.9  |
|   电网设备   | 600268 |  国电南自  |  12.1%   |       |      |      | 10.0  |  0.0  | -5.9  | -0.7  | 10.0  | -4.2  |  3.5  |
|   塑料制品   | 300539 |  横河精密  |  12.0%   |       |      | 20.0 | -4.7  |  1.5  | -8.2  |  0.1  |  1.8  | -1.6  |  5.0  |
|   电网设备   | 300265 |  通光线缆  |  12.0%   |       |      |      |       |       |       |       | 20.0  | -5.3  | -1.4  |
|   家电行业   | 600619 |  海立股份  |  11.8%   |       |      |      | 10.0  |  5.1  | -1.9  |  3.0  | -2.6  | -1.6  |  0.0  |
|  汽车零部件  | 603730 |  岱美股份  |  11.7%   |       | 10.0 | 2.9  | -1.5  |  3.0  | -0.5  | -7.2  | -3.2  |  3.5  |  5.2  |
|   纺织服装   | 300918 |  南山智尚  |  11.7%   |       |      |      |       |       |       |       |       |       | 11.7  |
|   专用设备   | 603283 |  赛腾股份  |  11.7%   | -3.3  | 4.5  | 10.0 | -1.9  | -3.7  |  1.4  | -2.1  |  0.3  |  6.4  |  0.5  |
|    半导体    | 300458 |  全志科技  |  11.7%   |       |      |      |       |       |       |       |       | 13.0  | -1.2  |
|   纺织服装   | 002404 |  嘉欣丝绸  |  11.6%   |       |      |      |       |       |       |       |       | 10.0  |  1.5  |
|   消费电子   | 300256 |  *ST星星   |  11.6%   |       |      |      |       |       |       |       | 14.4  | -4.2  |  1.8  |
|  房地产开发  | 000918 |   嘉凯城   |  11.5%   | 10.1  | -0.4 | 10.1 | -8.0  |  0.0  | -5.8  | -3.1  |  0.9  |  1.4  |  7.6  |
|   化学原料   | 002386 |  天原股份  |  11.5%   |       |      |      |       |       |       |       |       | 10.0  |  1.4  |
|   消费电子   | 002937 |  兴瑞科技  |  11.4%   | 10.0  | -1.4 | 1.8  |  5.4  |  8.3  | -1.9  | -5.2  | -4.6  | -1.0  |  0.7  |
|      —       | 839725 |  惠丰钻石  |  11.4%   | 22.0  | -5.5 | 3.7  | -9.8  | -1.1  | -8.5  | 16.8  |  1.4  | -0.2  | -3.4  |
|   电网设备   | 603097 |  江苏华辰  |  11.4%   | -0.6  | 2.8  | -1.8 |  7.3  |  0.2  |  4.3  | -9.2  | 10.0  | -2.0  |  1.1  |
|   软件开发   | 300302 |  同有科技  |  11.3%   |       |      |      |       |       |       |       | 16.8  | -5.1  |  0.5  |
|      —       | 832491 |   奥迪威   |  11.3%   |       |      |      |       | 12.2  | -7.1  |  2.9  |  4.1  | -0.3  | -0.1  |
|   电网设备   | 002346 |  柘中股份  |  11.3%   |       |      |      |       |       |       |       |       | 10.0  |  1.1  |
|   交运设备   | 000913 |  钱江摩托  |  11.3%   |  2.2  | 1.1  | 5.2  |  0.3  |  1.0  | -3.2  | -4.3  | -0.3  | -0.6  | 10.0  |
|   家电行业   | 300403 |  汉宇集团  |  11.2%   | -1.5  | 14.6 | 20.0 | -1.1  | -7.4  |  4.0  | -15.1 |  2.0  | -6.3  |  6.1  |
|   橡胶制品   | 002753 |  永东股份  |  11.2%   |       |      |      |       | 10.0  |  3.6  | -5.1  |  1.6  | -1.9  |  3.1  |
|   装修装饰   | 300993 |  玉马遮阳  |  11.2%   |       |      |      |       |       |       |       |       |       | 11.2  |
|     电池     | 688148 |  芳源股份  |  11.2%   |       |      |      | 13.7  | 11.4  | -1.1  | -3.0  | -3.4  |  0.8  | -6.1  |
|     燃气     | 300332 |  天壕环境  |  11.1%   |       |      |      |       |       |       |       |       |       | 11.1  |
|   消费电子   | 301123 |  奕东电子  |  11.1%   | 10.8  | 1.0  | 5.5  | -3.5  |  6.0  | -3.7  | -3.7  |  0.8  | -1.6  |  0.1  |
|  汽车零部件  | 002921 |  联诚精密  |  11.0%   |       |      | 10.0 | 10.0  | 10.0  | 10.0  | -10.0 | -10.0 | -8.0  |  1.7  |
|   医疗器械   | 688105 |   诺唯赞   |  11.0%   |       |      |      |       |       |       |       |       | 10.8  |  0.2  |
|   航运港口   | 001205 |  盛航股份  |  11.0%   |  3.6  | -2.7 | -0.7 | -3.4  |  3.2  | -3.0  |  0.1  |  4.5  | -0.4  | 10.0  |
|   航天航空   | 003009 |  中天火箭  |  11.0%   |       |      |      |       |       | 10.0  | 10.0  | -5.9  | -4.2  |  1.7  |
|   通信设备   | 688175 |  高凌信息  |  11.0%   |       |      |      |       |       |       | 10.1  | -2.6  |  0.3  |  3.1  |
|   消费电子   | 601231 |  环旭电子  |  11.0%   |       |      | 10.0 | -1.0  |  1.5  | -2.6  |  0.3  |  1.0  |  2.2  | -0.4  |
|   通信设备   | 300638 |   广和通   |  11.0%   |       |      |      |       |       |       |       |       |  9.9  |  1.0  |
|   医疗器械   | 688314 |  康拓医疗  |  10.9%   |       |      |      |       |       |       |       |       |       | 10.9  |
|      —       | 430047 |  诺思兰德  |  10.9%   | 20.0  | -5.8 | -2.0 | -2.5  |  0.3  | -3.4  |  3.1  |  3.3  |  1.0  | -1.4  |
|   有色金属   | 601388 |  怡球资源  |  10.9%   | -0.5  | 10.1 | 1.9  |  3.9  |  0.7  | -5.3  | -4.4  |  2.7  | -1.7  |  3.9  |
|   铁路公路   | 600834 |  申通地铁  |  10.8%   |       |      |      |       |       |       |       |       | 10.1  |  0.7  |
|   塑料制品   | 603051 |  鹿山新材  |  10.8%   |       | 10.0 | -4.4 |  5.3  |  1.2  |  1.6  | -1.3  | -6.3  | -2.6  |  8.0  |
|  汽车零部件  | 833533 |  骏创科技  |  10.8%   |       |      |      |       |       |       |       |       |       | 10.8  |
|   软件开发   | 301195 |  北路智控  |  10.8%   |       |      |      |       |       |       |       |       |       | 10.8  |
|  光学光电子  | 605118 |  力鼎光电  |  10.8%   |       |      |      |       |       |       | 10.0  | -4.3  |  3.2  |  2.0  |
|    半导体    | 603290 |  斯达半导  |  10.7%   |       |      |      |       |       |       |       |       | 10.0  |  0.7  |
|   电子元件   | 300476 |  胜宏科技  |  10.7%   |       |      |      |       | 11.4  |  0.7  | -3.2  |  1.1  |  3.8  | -2.8  |
|   航天航空   | 688237 |  超卓航科  |  10.7%   |       |      |      |       |       |       | 11.6  | -2.1  |  1.1  |  0.2  |
|   塑料制品   | 002768 |  国恩股份  |  10.7%   |       |      |      |       |       |       |       | 10.0  | -1.1  |  1.7  |
|  汽车零部件  | 002472 |  双环传动  |  10.6%   |       | 10.0 | 3.0  |  5.0  | -0.8  | -2.1  | -4.8  | -4.0  |  0.4  |  4.3  |
|   纺织服装   | 002083 |  孚日股份  |  10.6%   |       | 10.0 | -4.3 |  0.8  | -2.6  | -1.9  | -0.2  |  3.5  |  3.6  |  2.0  |
|   化学制品   | 002666 |  德联集团  |  10.5%   |       |      | 10.0 | 10.1  | 10.0  | 10.1  | -10.0 | -9.2  | -7.9  |  0.2  |
|    贵金属    | 000975 |  银泰黄金  |  10.5%   |       |      |      |       |       |       |       |       | 10.0  |  0.4  |
|   通信设备   | 000070 |  特发信息  |  10.4%   |       |      |      |       |       |       |       | 10.0  | -0.8  |  1.3  |
|   水泥建材   | 600477 |  杭萧钢构  |  10.4%   |  3.2  | 10.1 | 5.5  |  1.3  |  3.6  | -7.6  | -6.5  |  5.7  | -4.9  |  1.1  |
|  汽车零部件  | 000622 |  恒立实业  |  10.4%   |       |      |      |       |       |       | 10.0  | -1.2  | -2.0  |  3.7  |
|   家电行业   | 300217 |  东方电热  |  10.4%   |       |      |      |       |       |       |       |       |       | 10.4  |
|   化学制药   | 830946 |  森萱医药  |  10.3%   |       |      |      |       |       |       |       |       |       | 10.3  |
|  汽车零部件  | 002537 |  海联金汇  |  10.3%   |       |      |      |       |       |       |       |       | 10.0  |  0.3  |
|  汽车零部件  | 605005 |  合兴股份  |  10.3%   |       |      |      | 10.0  | -1.9  |  1.4  | -5.0  |  3.2  | -0.9  |  3.6  |
|   有色金属   | 603527 |  众源新材  |  10.2%   | -4.1  | 6.6  | 10.0 |  4.5  |  1.2  | -6.6  | -4.5  |  0.7  | -2.1  |  5.5  |
|   物流行业   | 001228 |   永泰运   |  10.2%   | -2.0  | 10.0 | 1.9  | -0.7  | -0.0  | -2.2  | -0.6  | -1.3  |  3.0  |  2.2  |
|   航天航空   | 688297 |  中无人机  |  10.2%   |       |      |      |       |       |       | 11.7  | -5.0  |  2.9  |  0.9  |
|   专用设备   | 300293 |  蓝英装备  |  10.2%   |       |      |      |       |       |       |       | 13.2  |  1.1  | -3.7  |
|   通用设备   | 300943 |  春晖智控  |  10.2%   |       |      | 11.7 |  1.1  | -0.9  | -6.2  |  7.0  | -1.9  |  0.7  | -0.6  |
|  光学光电子  | 688011 |  新光光电  |  10.1%   |       |      |      |       |       |       | 10.4  | -4.6  |  0.4  |  4.1  |
|   软件开发   | 003007 |  直真科技  |  10.1%   |       |      |      |       |       |       |       | 10.0  | -0.5  |  0.6  |
|   电力行业   | 000543 |  皖能电力  |  10.1%   |       |      |      |       |       |       |       |       |       | 10.1  |
|   塑料制品   | 002361 |  神剑股份  |  10.1%   |       |      |      |       |       |       |       |       |       | 10.1  |
|   通用设备   | 300607 |   拓斯达   |  10.1%   |       | 11.7 | 2.1  | -0.6  |  3.4  | -6.0  | -2.9  |  2.3  | -2.7  |  3.5  |
|   商业百货   | 000679 |  大连友谊  |  10.1%   |       |      |      |       |       |       |       |       |       | 10.1  |
|   纺织服装   | 002763 |  汇洁股份  |  10.1%   |       |      |      |       |       |       |       |       |       | 10.1  |
|  汽车零部件  | 000700 |  模塑科技  |  10.1%   |       |      |      |       |       |       |       |       |       | 10.1  |
|   专用设备   | 002073 |  软控股份  |  10.0%   |       |      |      |       |       |       |       |       |       | 10.1  |
|   化学原料   | 603663 |  三祥新材  |  10.0%   |       |      |      |       |       |       |       |       |       | 10.0  |
|   通用设备   | 002931 |  锋龙股份  |  10.0%   |       |      |      |       |       |       |       |       |       | 10.0  |
|     中药     | 603963 |  大理药业  |  10.0%   |       |      |      |       |       |       |       |       |       | 10.0  |
|   化学制药   | 603811 |  诚意药业  |  10.0%   |       |      |      |       |       |       |       |       |       | 10.0  |
|   纺织服装   | 600400 |  红豆股份  |  10.0%   |       |      |      |       |       |       |       |       |       | 10.0  |
|   有色金属   | 002160 |  常铝股份  |  10.0%   |       |      |      |       |       |       |       |       |       | 10.0  |
|   通用设备   | 688017 |  绿的谐波  |  10.0%   | -0.7  | 12.1 | 3.8  |  2.9  | -0.8  | -2.1  | -5.6  | -0.0  | -3.5  |  4.7  |
|   通用设备   | 002943 |  宇晶股份  |  10.0%   |       |      |      |       |       |       |       |       |       | 10.0  |
|   食品饮料   | 003000 |  劲仔食品  |  10.0%   |       |      |      |       |       |       |       |       |       | 10.0  |
|  汽车零部件  | 603922 |   金鸿顺   |  10.0%   |       |      |      |       |       |       |       |       |       | 10.0  |
|   铁路公路   | 603032 |  德新交运  |  10.0%   |       |      |      |       |       |       |       |       |       | 10.0  |
|     电机     | 002576 |  通达动力  |  10.0%   |       |      |      |       |       |       |       |       |       | 10.0  |
|   电力行业   | 600995 |  文山电力  |  10.0%   |       |      |      |       |       |       |       |       |       | 10.0  |
|   医疗服务   | 600721 |  百花医药  |  10.0%   |       |      |      |       |       |       |       |       |       | 10.0  |
|   通用设备   | 002158 |  汉钟精机  |  10.0%   |       |      |      |       |       |       |       |       |       | 10.0  |
|   化学制药   | 000756 |  新华制药  |  10.0%   |       |      |      |       |       |       |       |       |       | 10.0  |
|   通信设备   | 000561 |  烽火电子  |  10.0%   |       |      |      |       |       |       |       |       |       | 10.0  |
|  汽车零部件  | 002284 |  亚太股份  |  10.0%   |       |      |      |       |       |       |       |       |       | 10.0  |
|   通信服务   | 603322 |  超讯通信  |  10.0%   |       |      |      |       |       |       |       |       |       | 10.0  |
|   专用设备   | 600579 |   克劳斯   |  10.0%   |       |      |      |       |       |       |       |       |       | 10.0  |
|   通信服务   | 603559 |  中通国脉  |  10.0%   |       |      |      |       |       |       |       |       |       | 10.0  |
|  汽车零部件  | 002213 |  大为股份  |  10.0%   |       |      |      |       |       |       |       |       |       | 10.0  |
|     中药     | 002275 |  桂林三金  |  10.0%   |       |      |      |       |       |       |       |       |       | 10.0  |
|   专用设备   | 300833 |  浩洋股份  |  10.0%   |       |      |      |       |       |       | 15.3  | -3.5  | -0.3  | -0.9  |
|   装修装饰   | 600193 |  创兴资源  |  10.0%   |       |      |      |       |       |       |       |       |       | 10.0  |
|  汽车零部件  | 002516 |  旷达科技  |  10.0%   |       |      |      |       |       |       |       |       |       | 10.0  |
|  汽车零部件  | 000678 |  襄阳轴承  |  10.0%   | 10.0  | 10.0 | 10.0 | 10.0  | 10.0  | -7.0  | -10.0 | -10.0 | -6.8  | -2.8  |
|   生物制品   | 002693 |  双成药业  |  10.0%   |       |      |      |       |       |       |       |       |       | 10.0  |
|   造纸印刷   | 603058 |  永吉股份  |   9.9%   |       |      |      |       |       |       |       |       |       |  9.9  |
|   有色金属   | 601702 |  华峰铝业  |   9.9%   |       |      |      |       |       |       |       |       |       |  9.9  |
|  房地产开发  | 000620 |   新华联   |   9.9%   |       |      |      |       |       |       |       |       |       |  9.9  |
|   化学制药   | 000566 |  海南海药  |   9.9%   |       |      |      |       |       |       |       |       |       |  9.9  |
|   电网设备   | 002546 |  新联电子  |   9.9%   |       |      |      |       |       |       |       |       |       |  9.9  |
|   环保行业   | 300495 |  *ST美尚   |   9.9%   |       |      |      |       |       |       |       |       | 13.7  | -3.3  |
|   医疗服务   | 688238 |  和元生物  |   9.9%   |       |      |      |       |       |       |       |       |       |  9.9  |
|     电机     | 600580 |  卧龙电驱  |   9.9%   |       |      |      |       |       |       |       |       | 10.0  | -0.1  |
|   酿酒行业   | 600084 |  中葡股份  |   9.9%   |       |      |      |       |       |       |       |       |       |  9.8  |
|   通信设备   | 003040 |   楚天龙   |   9.8%   | 10.0  | 0.2  | 1.9  | -2.6  | -1.9  | -3.7  | -0.9  |  4.1  |  3.6  | -0.5  |
|   化学制药   | 002437 |  誉衡药业  |   9.8%   |       |      |      |       |       |       |       |       |       |  9.8  |
|  汽车零部件  | 600218 |  全柴动力  |   9.8%   |  0.5  | 0.8  | 3.6  | -1.0  | 10.0  | -0.9  | -7.0  | -0.2  |  2.2  |  2.1  |
|   食品饮料   | 600381 |  青海春天  |   9.8%   |       |      |      |       |       |       |       | 10.0  |  0.9  | -1.0  |
|   化学制品   | 002810 |  山东赫达  |   9.8%   |       | 10.0 | 4.1  |  0.6  | -1.7  | -5.3  |  0.7  |  2.2  |  0.8  | -1.2  |
|   专用设备   | 002337 |  赛象科技  |   9.7%   |  0.4  | 4.8  | -2.3 | 10.1  | 10.0  | 10.1  | -10.0 | -3.5  | -9.2  |  1.7  |
|   通用设备   | 002046 |  国机精工  |   9.7%   | 10.0  | 6.0  | -2.0 |  0.1  | -3.2  | -3.1  | -1.3  |  0.6  | -1.0  |  3.9  |
|  互联网服务  | 002421 |  达实智能  |   9.7%   |       |      |      |       |       |       |       | 10.0  | -2.7  |  2.5  |
|   家电行业   | 000541 |  佛山照明  |   9.7%   |       |      | 10.0 | -5.9  |  1.4  | -4.5  |  2.0  |  4.4  |  2.3  |  0.3  |
|  汽车零部件  | 002126 |  银轮股份  |   9.6%   |       | 10.0 | -1.9 |  9.0  | -1.7  | -0.8  | -5.7  | -3.6  | -1.1  |  6.4  |
|    半导体    | 003026 |  中晶科技  |   9.6%   |       |      |      |       |       |       |       | 10.0  |  3.7  | -3.9  |
|   珠宝首饰   | 603900 |  莱绅通灵  |   9.5%   |       |      |      |       |       |       | 10.0  | -2.9  | -0.8  |  3.5  |
|    半导体    | 688508 |   芯朋微   |   9.4%   |       |      |      |       |       |       |       |       | 14.0  | -4.0  |
|   光伏设备   | 300029 |   ST天龙   |   9.3%   |       | 10.0 | 3.9  | -0.6  | -3.0  | -6.5  | -1.2  |  4.6  |  4.4  | -1.7  |
|  汽车零部件  | 605208 |   永茂泰   |   9.2%   | 10.0  | 1.5  | 3.8  |  2.1  |  0.2  | -6.2  | -5.0  |  1.9  | -3.7  |  5.3  |
|   航天航空   | 603261 |  立航科技  |   9.1%   |       |      |      |       | 10.0  |  0.0  |  2.5  | -3.1  | -0.8  |  0.6  |
|   专用设备   | 002975 |  博杰股份  |   9.0%   |       |      |      |       |       | 10.0  |  1.1  |  3.0  | -5.5  |  0.7  |
|   软件开发   | 300098 |   高新兴   |   9.0%   |       |      |      |       | 16.0  | -6.7  | -1.4  |  0.2  | -1.9  |  3.9  |
|    半导体    | 688047 |  龙芯中科  |   9.0%   |       |      |      |       |       |       |       |       | 20.0  | -9.2  |
|     证券     | 601990 |  南京证券  |   9.0%   |       |      |      |       |       |       |       |       | 10.1  | -1.0  |
|   农牧饲渔   | 002688 |  金河生物  |   9.0%   |       |      |      |       |       |       |       | 10.1  |  1.8  | -2.8  |
|    半导体    | 688279 |  峰岹科技  |   8.9%   |       |      |      |       |       |       |       |       | 11.5  | -2.3  |
|   贸易行业   | 600753 |  东方银星  |   8.9%   |       |      |      |       |       |       |       |       | 10.0  | -1.0  |
|   光伏设备   | 002617 |  露笑科技  |   8.9%   | -1.4  | 2.0  | 10.0 | -4.6  |  0.4  | -4.3  |  4.3  |  5.4  | -2.2  | -0.1  |
|    半导体    | 688595 |  芯海科技  |   8.9%   |       |      |      |       |       |       |       |       | 13.9  | -4.4  |
|  光学光电子  | 002765 |  蓝黛科技  |   8.8%   | 10.0  | 10.0 | 6.2  | -7.0  | -3.2  |  2.7  | -10.0 |  3.5  | -3.6  |  2.0  |
|   通信服务   | 603602 |  纵横通信  |   8.8%   |       |      |      |       | 10.1  | -4.0  |  1.8  |  2.3  | -0.1  | -0.9  |
|   软件开发   | 002362 |  汉王科技  |   8.8%   |       | 10.0 | 10.0 | 10.0  | -10.0 | -10.0 | -3.0  |  3.6  | -1.1  |  1.4  |
|   化学制药   | 002898 |  赛隆药业  |   8.7%   |       | 10.0 | 0.8  | -1.6  |  2.0  | -4.0  | -2.5  |  1.6  | -1.0  |  3.7  |
|  互联网服务  | 002990 |  盛视科技  |   8.6%   |       |      |      | 10.0  | -3.6  | -1.4  |  0.7  |  2.0  | -1.1  |  2.4  |
|   橡胶制品   | 600469 |  风神股份  |   8.6%   |       |      | 10.0 |  3.7  | -2.1  | -4.0  | -0.2  | -2.7  |  1.2  |  3.1  |
|   专用设备   | 002730 |  电光科技  |   8.6%   |       | 10.0 | 10.0 | -7.6  |  1.1  | -5.8  | -0.3  |  1.8  |  0.9  | -0.3  |
|   消费电子   | 002402 |   和而泰   |   8.6%   |       |      |      |       |       |       | 10.0  |  0.5  |  1.5  | -3.2  |
|  房地产开发  | 600215 |   派斯林   |   8.6%   |       |      |      |       |       | 10.1  |  3.6  | -3.3  |  1.1  | -2.7  |
|  汽车零部件  | 301229 |   纽泰格   |   8.5%   | -1.8  | 3.5  | 4.6  | -3.6  |  0.8  | -7.1  | 20.0  | -5.6  | -3.4  |  3.4  |
|    半导体    | 001270 |  铖昌科技  |   8.5%   | -3.2  | 2.8  | -5.2 | -1.6  |  2.6  | -3.0  | 10.0  | -3.3  | 10.0  |  0.6  |
|   消费电子   | 603327 |  福蓉科技  |   8.5%   |       |      | 10.0 |  1.5  |  2.6  | -6.2  | -2.1  |  2.2  |  2.1  | -1.0  |
|   食品饮料   | 300829 |  金丹科技  |   8.5%   |       |      |      |       |       |       |       |       | 10.6  | -1.9  |
|   旅游酒店   | 002306 |  中科云网  |   8.4%   | 10.0  | -0.6 | -1.2 |  0.3  |  0.9  | -4.4  | -2.2  |  5.7  |  0.0  |  0.3  |
|  汽车零部件  | 605088 |  冠盛股份  |   8.4%   |  0.5  | 7.1  | -2.0 | 10.0  | -6.7  | -1.0  | -4.4  |  0.5  |  3.4  |  1.8  |
|    半导体    | 600460 |   士兰微   |   8.3%   |       |      |      |       |       |       |       |       | 10.0  | -1.6  |
|    半导体    | 688045 |   必易微   |   8.3%   |       |      |      | 12.6  |  0.8  | -3.0  | -0.4  | -1.2  | 10.0  | -9.2  |
|   电网设备   | 002606 |  大连电瓷  |   8.3%   |       |      |      |       |       |       |       | 10.1  | -2.3  |  0.7  |
|   通用设备   | 603028 |   赛福天   |   8.2%   |       | 10.0 | 2.6  | -1.8  |  0.8  | -5.2  | -1.2  |  3.2  | -0.9  |  1.1  |
|   文化传媒   | 002654 |  万润科技  |   8.2%   |       |      |      |       |       |       |       |  9.9  | -3.6  |  2.1  |
|   通用设备   | 300179 |   四方达   |   8.2%   | 13.8  | -0.6 | 1.5  |  0.0  | -1.6  | -4.3  | -2.6  | -2.2  | -0.9  |  5.8  |
|    半导体    | 605358 |   立昂微   |   8.2%   |       |      |      |       |       |       |       |       | 10.0  | -1.7  |
|   化学制品   | 000565 |  渝三峡Ａ   |   8.1%   |       |      | 10.0 | 10.0  |  5.5  | -10.0 | -9.4  |  4.9  | -1.9  |  0.9  |
|   农牧饲渔   | 000702 |  正虹科技  |   8.1%   |       |      |      | 10.0  | -0.5  | -3.5  | -4.3  |  2.8  |  0.0  |  4.0  |
|   船舶制造   | 600685 |  中船防务  |   8.0%   |       | 10.0 | 6.4  | -3.1  | -2.8  | -2.2  |  2.7  | -4.2  | -1.8  |  3.6  |
|     燃气     | 002911 |  佛燃能源  |   7.9%   | 10.0  | 10.0 | 10.0 |  5.1  |  0.8  |  1.2  | -9.8  | -10.0 |  0.3  | -7.1  |
|   消费电子   | 002976 |  瑞玛精密  |   7.8%   |  0.1  | 6.5  | 2.2  | -1.2  | 10.0  | -5.2  | -5.3  | -0.3  | -2.0  |  3.7  |
|  汽车零部件  | 603319 |   湘油泵   |   7.7%   |       | 10.0 | -2.1 |  0.9  |  3.0  | -2.5  | -3.3  |  0.8  | -1.8  |  3.1  |
|    半导体    | 688216 |  气派科技  |   7.6%   |       |      |      |       |       |       |       |       | 11.5  | -3.5  |
|   包装材料   | 002599 |  盛通股份  |   7.6%   |       |      |      |       | 10.0  |  8.0  | -9.9  | -2.2  |  1.9  |  0.9  |
|   专用设备   | 600501 |  航天晨光  |   7.5%   |       |      | 10.0 | -3.3  |  1.4  | -3.2  |  1.2  | -2.0  |  1.3  |  2.6  |
|   专用设备   | 688306 |  均普智能  |   7.5%   |       |      |      |       |       |       |       | 10.6  | -2.1  | -0.8  |
|    半导体    | 688536 |   思瑞浦   |   7.5%   |       |      |      |       |       |       |       | 10.0  |  2.3  | -4.5  |
|   消费电子   | 002861 |  瀛通通讯  |   7.4%   |       |      |      |       |       |       |       | 10.1  | -2.8  |  0.4  |
|  汽车零部件  | 301160 |  翔楼新材  |   7.4%   |       |      |      |       | 11.2  | -4.5  | -0.7  |  3.8  | -2.7  |  0.9  |
|  汽车零部件  | 603917 |  合力科技  |   7.4%   |  5.4  | 3.4  | 3.3  |  4.3  | -1.6  | 10.0  | -10.0 | -7.7  | -6.0  |  8.2  |
|   食品饮料   | 002507 |  涪陵榨菜  |   7.3%   |       |      |      |       | 10.0  | -2.4  | -0.7  |  2.2  |  0.4  | -2.0  |
|   电网设备   | 603191 |  望变电气  |   7.3%   | -0.3  | 2.5  | 2.3  |  0.3  |  1.9  | -0.0  | -4.4  | 10.0  | -3.8  | -0.8  |
|   光伏设备   | 688223 |  晶科能源  |   7.3%   |       | 10.9 | 1.7  |  0.5  | -2.7  |  1.2  | -3.3  |  0.0  | -0.8  |  0.2  |
|   仪器仪表   | 603700 |  宁水集团  |   7.2%   |       |      | 10.0 | -2.5  |  0.4  | -2.7  | -2.5  |  0.7  |  0.4  |  3.8  |
|   电子元件   | 300936 |  中英科技  |   7.2%   |       |      |      |       |       |       |  9.9  | -4.0  |  2.1  | -0.5  |
|   工程建设   | 603176 |  汇通集团  |   7.2%   |       |      |      |       |       |       |       | 10.0  | -1.8  | -0.7  |
|     电机     | 301023 |  江南奕帆  |   7.2%   |       | 14.4 | -1.0 |  1.8  |  3.1  | -3.6  | -4.5  |  1.0  | -3.2  |  0.1  |
|   电子元件   | 002138 |  顺络电子  |   7.2%   |       |      |      |       | 10.0  |  0.5  | -2.3  | -0.7  |  2.4  | -2.4  |
|   电网设备   | 601700 |  风范股份  |   7.2%   | 10.0  | 9.9  | 10.0 | -5.0  | -10.0 | -7.1  |  2.5  |  3.3  | -4.4  |  0.2  |
|  互联网服务  | 300079 |  数码视讯  |   7.2%   | 13.9  | 0.8  | -2.7 | -1.6  | -0.9  | -5.7  |  0.8  |  2.4  |  2.0  | -1.1  |
|   农药兽药   | 300119 |  瑞普生物  |   7.2%   |       |      |      |       |       |       |       | 10.4  | -2.9  |  0.0  |
|   电网设备   | 688597 |  煜邦电力  |   7.1%   |       |      | 12.9 | -0.6  | -3.0  | -5.2  |  3.0  |  6.4  | -5.2  | -0.1  |
|   电子元件   | 002938 |  鹏鼎控股  |   7.1%   |       |      |      |       | 10.0  |  2.1  | -2.9  | -1.6  |  1.6  | -1.8  |
|   光伏设备   | 300118 |  东方日升  |   7.0%   | 10.9  | 1.1  | -1.1 |  3.0  | -0.8  | -2.9  | -5.5  |  1.7  | -1.7  |  2.9  |
|   环保行业   | 300070 |   碧水源   |   7.0%   |       | 10.0 | -2.3 |  1.1  | -1.1  | -2.4  | -0.2  |  2.6  |  0.7  | -1.1  |
|   文化传媒   | 605577 |  龙版传媒  |   7.0%   |       |      |      |       |       |       |       | 10.0  | -2.8  |  0.1  |
|   物流行业   | 002682 |  龙洲股份  |   7.0%   |       | 10.0 | 3.4  | -1.3  | -4.7  | 10.0  | -7.0  | -1.0  | -2.8  |  1.7  |
|   专用设备   | 002529 |  海源复材  |   6.9%   | -1.5  | 3.8  | 10.0 | -2.5  | -0.8  | -5.6  | -3.9  |  5.5  | -3.0  |  5.8  |
|   通用设备   | 603757 |  大元泵业  |   6.7%   |       |      |      |       | 10.0  | 10.0  | -2.6  | -3.1  | -3.6  | -3.1  |
|   航天航空   | 000697 |  炼石航空  |   6.7%   |       |      |      |       |       |       | 10.0  | -3.3  | -0.5  |  0.7  |
|   通用设备   | 002559 |  亚威股份  |   6.7%   | -2.6  | 1.0  | 0.9  |  2.4  | -1.1  | -5.2  | -1.1  |  5.6  | -2.5  | 10.0  |
|   化学制品   | 603681 |  永冠新材  |   6.6%   |       |      |      | 10.0  |  2.1  | -3.2  | -5.8  | -1.1  |  1.2  |  4.0  |
|   化学制品   | 603217 |  元利科技  |   6.6%   |  0.4  | 3.4  | 1.3  |  0.6  | 10.0  | -4.2  | -3.9  | -2.2  |  0.1  |  1.6  |
|  房地产开发  | 000671 |   阳光城   |   6.6%   |  9.9  | 3.4  | 5.4  | -9.8  | -5.7  | -6.5  | -2.0  |  0.5  |  3.0  | 10.2  |
|   家电行业   | 000921 |  海信家电  |   6.6%   | 10.0  | -0.9 | 3.5  | -0.2  |  0.0  | -2.1  | -2.0  | -2.4  | -1.4  |  2.5  |
|   电网设备   | 688517 |  金冠电气  |   6.4%   |       |      |      |       |       |       |       | 11.8  | -6.4  |  1.6  |
|   通用设备   | 002426 |  胜利精密  |   6.4%   |  1.7  | 0.8  | 10.0 | -3.8  | -1.2  | -6.0  |  0.8  |  2.5  |  0.4  |  1.6  |
|   玻璃玻纤   | 600876 |  洛阳玻璃  |   6.4%   |       |      |      | 10.0  | -0.9  | -3.1  | -3.1  |  0.4  |  4.0  | -0.5  |
|   化学原料   | 600929 |  雪天盐业  |   6.3%   |       |      | 10.0 |  0.7  | -2.3  | -4.2  | -3.4  |  3.0  | -1.4  |  4.5  |
|    半导体    | 688230 |  芯导科技  |   6.3%   |       |      |      |       |       |       |       |       | 11.9  | -5.0  |
|   电子元件   | 002922 |   伊戈尔   |   6.3%   |       | 10.0 | 2.7  |  2.0  |  0.4  | -4.5  | -5.2  | -0.9  | -1.1  |  3.6  |
|   塑料制品   | 300980 |  祥源新材  |   6.3%   |       |      |      |       | 11.4  | -0.9  |  0.2  | -4.3  | -1.5  |  1.8  |
|   专用设备   | 300307 |  慈星股份  |   6.3%   |       |      | 19.9 | -4.3  | -1.5  | -6.1  | -2.7  |  4.0  | -3.3  |  2.3  |
|   专用设备   | 002667 |  鞍重股份  |   6.3%   |  2.6  | 1.6  | -2.0 | -2.3  |  0.4  | -7.1  | -1.5  | 10.0  |  1.0  |  4.3  |
|   贸易行业   | 301099 |  雅创电子  |   6.3%   | -2.3  | 1.8  | 1.7  | -2.0  |  2.5  | -3.8  | -2.5  | -1.2  | 11.7  |  1.1  |
|   农牧饲渔   | 600127 |  金健米业  |   6.2%   |       |      |      |       |       | 10.0  |  0.6  | -3.9  |  0.3  | -0.5  |
|  汽车零部件  | 603305 |  旭升股份  |   6.2%   | -0.3  | 2.0  | -0.5 | 10.0  |  1.1  | -4.0  |  6.6  |  0.7  | -7.6  | -1.0  |
|  计算机设备  | 600764 |  中国海防  |   6.1%   |       |      |      |       |       |  9.9  |  3.0  | -4.3  | -2.8  |  0.8  |
|   通用设备   | 605259 |  绿田机械  |   6.1%   |       |      |      |       |       | 10.0  | -3.6  | -0.6  | -0.4  |  1.2  |
|   电网设备   | 002622 |  融钰集团  |   6.1%   | 10.0  | 9.9  | -2.5 |  2.3  | -5.0  | -8.2  | -1.7  |  3.8  | -2.0  |  0.9  |
|   通用设备   | 002685 |  华东重机  |   6.0%   |       | 10.1 | 1.2  | -4.7  | 10.1  | -1.4  | -3.3  | -0.7  | -5.0  |  0.8  |
|   玻璃玻纤   | 600819 |  耀皮玻璃  |   6.0%   |       |      |      |  9.9  |  1.6  | -6.6  |  2.3  |  0.9  | -3.7  |  2.1  |
|   消费电子   | 002369 |  卓翼科技  |   5.9%   |  9.9  | 9.9  | 10.0 | 10.0  | -6.7  | -10.0 | -10.0 |  1.3  | -6.7  |  1.5  |
|   农牧饲渔   | 603336 |  宏辉果蔬  |   5.9%   |       |      |      |       |       |       |  9.9  | -2.8  | -0.9  |  0.0  |
|   钢铁行业   | 002478 |  常宝股份  |   5.9%   |       |      |      |       |       |       |       |       | 10.0  | -3.8  |
|  汽车零部件  | 002870 |  香山股份  |   5.8%   |       |      |      |       | 10.0  | -2.5  | -3.2  |  1.7  | -0.8  |  1.0  |
|   电网设备   | 300062 |  中能电气  |   5.8%   |       |      |      | 20.0  |  3.4  | -7.5  | -5.0  |  3.4  | -4.6  | -1.6  |
|   家电行业   | 002290 |  禾盛新材  |   5.8%   | 10.1  | 10.0 | 10.0 | 10.1  | -10.0 | -9.9  | -6.8  | -1.0  | -4.2  |  0.9  |
|  汽车零部件  | 603239 |  浙江仙通  |   5.8%   |       | 10.0 | -1.4 | -1.7  | -1.7  | -5.9  | -2.4  |  0.6  |  4.1  |  5.0  |
|    半导体    | 688256 |  寒武纪-U  |   5.7%   |       |      |      |       |       |       |       |       | 10.3  | -4.1  |
|  非金属材料  | 001296 |  长江材料  |   5.7%   |       |      |      |       |       |       | 10.0  | -2.6  | -1.6  |  0.2  |
|   化纤行业   | 002206 |   海利得   |   5.5%   |       |      |      |       | 10.0  | -4.3  | -2.4  |  0.1  |  0.5  |  2.1  |
|   通用设备   | 002552 |  宝鼎科技  |   5.5%   | 10.0  | 10.0 | 1.0  | -9.4  |  3.2  |  4.3  | -5.6  | -4.5  | -1.8  |  0.1  |
|  汽车零部件  | 300928 |  华安鑫创  |   5.4%   | -2.0  | 5.2  | -1.3 | 11.8  | -3.0  | -5.8  | -4.4  | -1.3  |  8.3  | -0.8  |
|   船舶制造   | 300123 |  亚光科技  |   5.4%   |       |      |      |       |       |       | 12.3  | -6.3  |  2.6  | -2.4  |
|   电子元件   | 002388 |  新亚制程  |   5.4%   |       |      |      |       |       |       |       | 10.0  | -5.8  |  1.7  |
|  汽车零部件  | 603982 |  泉峰汽车  |   5.4%   | 10.0  | 0.5  | 4.8  | -5.0  |  0.3  | -5.7  | -2.8  | -2.1  | -3.3  | 10.0  |
|  光学光电子  | 002808 |  恒久科技  |   5.3%   |       |      | 10.0 | -2.7  | -2.3  | 10.1  | 10.0  | -10.0 | -6.0  | -1.7  |
|  汽车零部件  | 600933 |   爱柯迪   |   5.3%   |       | 10.0 | 1.2  | -0.5  |  1.9  |  1.6  | -5.1  | -5.7  |  0.5  |  2.2  |
|  汽车零部件  | 603335 |   迪生力   |   5.3%   | -2.4  | 2.4  | 0.8  | -4.3  | 10.0  | -3.7  |  5.3  | -7.8  | -3.5  | 10.1  |
|   家电行业   | 002050 |  三花智控  |   5.2%   |       | 10.0 | -1.6 |  3.8  |  0.8  | -2.6  | -7.9  | -2.2  | -3.8  | 10.0  |
|   生物制品   | 000661 |  长春高新  |   5.1%   |       |      |      |       |       |       |       |       | 10.0  | -4.5  |
|  光学光电子  | 603679 |  华体科技  |   5.0%   | -1.5  | 1.7  | -0.9 |  3.5  | -3.4  | -6.2  | 10.0  |  1.1  | -1.5  |  3.0  |
|   电网设备   | 300356 |  *ST光一   |   5.0%   | -1.2  | -3.1 | 0.8  |  2.4  | -1.2  | -5.6  |  2.9  |  9.8  |  2.2  | -1.4  |
|   通用设备   | 002871 |  伟隆股份  |   5.0%   |  1.2  | -0.5 | -0.7 |  0.7  |  1.3  | -4.7  | -1.6  |  0.8  | -1.1  | 10.0  |
|   化学原料   | 002125 |  湘潭电化  |   5.0%   |  0.9  | 10.0 | 2.4  | -1.9  |  0.5  | -7.2  | -4.5  |  1.8  |  1.0  |  2.8  |
|   软件开发   | 301162 |  国能日新  |   4.8%   |       |      |      | 10.2  |  1.0  | -1.2  | -5.7  |  1.5  | -3.0  |  2.7  |
|   电子元件   | 301041 |   金百泽   |   4.7%   | -0.9  | -0.2 | 4.1  | -4.5  |  5.2  | -5.7  |  1.2  | 11.2  | -5.1  |  0.6  |
|     燃气     | 605169 |  洪通燃气  |   4.7%   |       | 10.0 | 3.3  | -0.2  | -0.1  | -6.7  | -2.7  |  3.3  | -0.7  | -0.6  |
|    半导体    | 688048 |  长光华芯  |   4.7%   |  0.9  | -0.9 | 6.8  | -5.8  |  0.5  | 10.1  | -3.1  |  1.0  | -2.8  | -1.1  |
|   通信设备   | 300629 |   新劲刚   |   4.6%   |       |      |      |       | 11.4  |  1.7  |  0.6  |  0.7  | -10.1 |  1.4  |
|   食品饮料   | 605567 |  春雪食品  |   4.6%   |       |      |      |       | 10.0  | -3.9  | -0.6  |  0.6  | -1.2  |  0.2  |
|   光伏设备   | 002218 |  拓日新能  |   4.6%   | 10.1  | 1.4  | 0.2  | -0.9  |  1.8  | -6.1  | -4.5  |  3.0  | -1.7  |  2.2  |
|   电子元件   | 002199 |  东晶电子  |   4.6%   |       | 10.1 | 10.0 | -7.2  | -6.9  | -6.5  |  1.4  |  2.5  |  3.1  | -0.4  |
|   电子元件   | 002161 |   远望谷   |   4.5%   | -1.0  | 0.3  | -3.6 | 10.0  |  0.0  | -7.6  |  1.0  |  6.6  | -0.8  |  0.5  |
|   航天航空   | 300159 |   ST新研   |   4.5%   |       |      |      |       |       |       | 12.6  | -6.8  |  0.0  | -0.4  |
|     电机     | 300660 |  江苏雷利  |   4.5%   | -0.7  | 4.2  | -2.5 | 15.6  |  4.6  | -4.1  | -13.0 |  2.0  | -5.2  |  6.1  |
|   消费电子   | 603633 |  徕木股份  |   4.5%   |       |      | 10.0 | -2.0  | -0.8  | -6.4  | -2.5  |  2.1  |  1.1  |  3.7  |
|     中药     | 603139 |  康惠制药  |   4.4%   | 10.0  | -0.8 | 2.4  | -3.6  | -2.5  | -7.8  |  3.7  |  2.9  |  1.9  | -0.8  |
|  汽车零部件  | 605128 |  上海沿浦  |   4.3%   |  1.1  | 1.1  | 2.0  | -2.5  | 10.0  | -5.3  | -4.8  | -0.8  | -0.3  |  4.5  |
|   美容护理   | 000615 |  奥园美谷  |   4.1%   |       | 10.1 | 1.0  | -3.0  | -0.8  | -5.3  | -0.9  |  5.6  | -1.2  | -0.7  |
|   通用设备   | 000530 |  冰山冷热  |   4.1%   |       |      |      |       |       |       |       | 10.0  | -6.7  |  1.4  |
|   旅游酒店   | 600593 |  大连圣亚  |   4.1%   | 10.0  | 5.2  | -4.7 | -2.7  |  0.1  | -6.3  | -2.6  |  4.7  | -0.4  |  1.7  |
|   专用设备   | 301138 |  华研精机  |   4.0%   |       |      | 10.6 | -4.1  |  2.4  | -6.3  | -2.2  |  2.5  | -1.1  |  3.1  |
|   工程机械   | 002272 |  川润股份  |   3.9%   |       |      |      |       |       |       |       | 10.0  | -7.5  |  2.1  |
|  光学光电子  | 002992 |  宝明科技  |   3.9%   |  6.5  | 2.8  | 2.1  | -0.3  | -8.2  |  2.6  | -10.0 | -0.9  |  0.7  | 10.0  |
|   电网设备   | 000533 |  顺钠股份  |   3.8%   |  0.9  | 6.0  | 1.3  | -1.5  |  9.9  |  0.6  | -9.9  |  3.4  | -6.4  |  0.9  |
|   橡胶制品   | 000599 |  青岛双星  |   3.8%   |       |      |      |       | 10.1  | 10.0  | 10.1  | -9.7  | -9.6  | -4.6  |
|   包装材料   | 000812 |  陕西金叶  |   3.8%   |       | 10.0 | 2.0  | -3.0  | -1.2  | -5.8  | -1.5  |  4.3  | -0.6  |  0.3  |
|  汽车零部件  | 603178 |  圣龙股份  |   3.7%   |       |      |      | 10.0  |  4.1  | -6.8  | -0.9  | -3.2  | -2.5  |  4.0  |
|   电网设备   | 002339 |  积成电子  |   3.6%   |  4.3  | -2.7 | 10.0 | 10.1  | 10.1  | -7.2  | -9.9  | -5.5  | -3.8  |  0.8  |
|   专用设备   | 600560 |  金自天正  |   3.5%   |       |      |      |       |       |       |       | 10.0  | -5.4  | -0.5  |
|  房地产开发  | 000961 |  中南建设  |   3.4%   |  9.9  | -1.4 | 6.3  | -6.3  | -2.8  | -4.3  | -3.4  |  0.8  |  2.7  |  3.0  |
|   化学制药   | 002370 |  亚太药业  |   3.4%   |  2.1  | 10.0 | -2.5 | -2.1  | -2.5  | -9.8  |  2.9  |  0.6  |  4.4  |  1.6  |
|   专用设备   | 002689 |  远大智能  |   3.3%   |       |      |      |       |  9.9  | -5.6  | -4.7  |  2.8  |  0.5  |  1.0  |
|  汽车零部件  | 002328 |  新朋股份  |   3.3%   | 10.1  | -0.7 | 3.5  | -2.2  | -1.4  | -6.7  | -4.7  |  1.6  |  0.2  |  4.5  |
|   通用设备   | 000595 |  宝塔实业  |   3.2%   |  0.5  | 10.1 | 10.0 | -8.9  |  6.0  |  2.1  | -6.3  | -6.6  | -4.7  |  3.1  |
|   食品饮料   | 600189 |   泉阳泉   |   3.2%   | 10.0  | -0.7 | -0.1 |  5.3  | -6.0  | -4.9  |  0.1  | -0.1  | -1.0  |  1.5  |
|   家电行业   | 002035 |  华帝股份  |   3.2%   |       | 10.0 | 2.7  | -1.9  |  0.9  | -6.5  | -3.5  |  2.4  | -0.7  |  0.3  |
|   公用事业   | 000692 |  惠天热电  |   3.0%   |  3.2  | -1.0 | -1.2 | -0.2  | -2.5  | -0.8  | -3.1  | 10.0  | -2.1  |  1.2  |
|  汽车零部件  | 603197 |  保隆科技  |   2.8%   |       | 10.0 | -4.2 |  5.2  | -2.6  |  4.5  | -7.1  | -3.5  | -3.6  |  5.3  |
|   医疗器械   | 300453 |  三鑫医疗  |   2.7%   |       |      | 14.4 | -6.2  | -2.2  | -4.6  |  0.3  |  0.3  | -0.1  |  2.0  |
|   化学制品   | 002549 |  凯美特气  |   2.7%   |       |      |      | 10.0  | -2.9  | -3.6  | -1.4  | -0.7  |  1.4  |  0.4  |
|   专用设备   | 300415 |   伊之密   |   2.4%   |       | 10.8 | 0.5  |  4.6  | -2.8  | -6.1  | -3.6  | -0.7  | -4.9  |  5.8  |
|   专用设备   | 688090 |  瑞松科技  |   2.4%   |       |      |      |       |       |       |       | 12.5  | -9.0  |  0.0  |
|   家电行业   | 002403 |   爱仕达   |   2.3%   |       | 10.0 | 0.9  | -2.9  |  2.1  | 10.0  | -10.0 | -4.5  | -2.7  |  1.0  |
|   包装材料   | 002846 |  英联股份  |   2.3%   | 10.1  | 10.0 | -3.8 | -4.8  | -1.5  | -7.4  |  0.8  | -0.1  | -1.6  |  2.3  |
|   专用设备   | 603289 |  泰瑞机器  |   2.2%   | 10.0  | 1.3  | -2.4 |  0.8  | -1.6  | -5.8  |  1.6  |  1.8  | -2.2  | -0.5  |
|   包装材料   | 002799 |  环球印务  |   2.0%   | 10.0  | 3.7  | -1.2 | -5.4  | -3.4  | -9.4  |  2.3  |  5.7  |  0.2  |  0.7  |
|   家电行业   | 002860 |   星帅尔   |   2.0%   |       |      | 10.0 | -3.1  |  0.7  | -7.2  | -3.5  | -0.1  |  0.7  |  5.4  |
|   船舶制造   | 300008 |  天海防务  |   1.8%   |       |      |      |       |       | 15.1  | -1.4  | -6.8  | -3.2  | -0.7  |
|   通信设备   | 002902 |  铭普光磁  |   1.6%   | 10.0  | -1.4 | 4.2  | -3.7  | -0.7  | -9.8  | -3.6  | -0.5  |  4.3  |  4.2  |
|    小金属    | 000795 |   英洛华   |   1.5%   |       |      | 10.0 |  0.6  | -1.7  | -6.0  |  0.0  |  0.0  | -1.2  |  0.6  |
|   电力行业   | 000531 |  穗恒运Ａ   |   1.5%   |  0.1  | -0.1 | -0.3 | 10.0  | 10.0  | -10.0 | -6.2  |  3.1  | -3.6  |  0.4  |
|   采掘行业   | 002828 |  贝肯能源  |   1.4%   |       |      |      |       |       |       |       |  9.9  | -3.3  | -4.7  |
|   通用设备   | 002342 |  巨力索具  |   1.1%   |  9.9  | -1.5 | 3.4  | -3.9  |  2.4  | -7.8  |  1.6  | -0.7  | -3.1  |  1.9  |
|     中药     | 000590 |  启迪药业  |   1.1%   | -2.1  | 0.8  | -2.0 | -1.5  |  0.5  | -7.0  | 10.0  |  0.3  |  1.9  |  1.0  |
|   专用设备   | 600835 |  上海机电  |   1.1%   |       |      |      | 10.0  |  1.2  | -1.5  | -4.5  |  0.1  | -3.4  | -0.1  |
|   装修建材   | 001216 |  华瓷股份  |   1.0%   | -1.7  | -0.5 | -1.0 |  0.4  |  1.9  | -3.9  | -1.6  | 10.0  | -0.5  | -1.4  |
|  汽车零部件  | 603926 |  铁流股份  |   0.9%   |       |      |      |       |       | 10.0  | -4.1  | -3.1  | -3.3  |  2.2  |
|   电力行业   | 600509 |  天富能源  |   0.9%   | -0.7  | -1.4 | 2.1  | -3.1  |  0.9  | -6.9  |  0.2  | 10.1  |  4.7  | -4.0  |
|   有色金属   | 002295 |  精艺股份  |   0.8%   |  2.7  | -0.7 | 10.0 | 10.0  |  3.4  | -10.0 | -10.0 | -3.1  |  1.0  | -0.3  |
|   纺织服装   | 002722 |  物产金轮  |   0.7%   |       |      |      |       |       |       | 10.0  | -2.7  | -6.8  |  1.0  |
|   生物制品   | 002581 |  未名医药  |   0.7%   |       |      |      |       | 10.0  | -3.6  |  0.1  |  2.1  |  0.8  | -7.7  |
|   文化传媒   | 002292 |  奥飞娱乐  |   0.6%   |       |      |      |       |       |       |  9.9  | -6.9  | -1.9  |  0.2  |
|      —       | 838670 |  恒进感应  |   0.4%   | 12.1  | 2.9  | -6.4 | -4.5  |  0.7  | -4.0  |  1.1  |  0.2  |  0.2  | -0.8  |
|   专用设备   | 001336 |  楚环科技  |   0.4%   | 10.0  | 10.0 | 10.0 | -9.5  | -8.3  |  5.7  | -0.8  | -5.5  | -8.8  |  0.6  |
|   专用设备   | 002209 |   达意隆   |   0.4%   | 10.0  | -2.1 | 1.6  | -1.8  | 10.0  |  0.7  |  1.1  | -10.0 | -8.9  |  1.8  |
|  汽车零部件  | 688533 |  上声电子  |   0.4%   |       |      |      | 10.6  | -3.2  |  1.0  | -4.8  | -3.1  | -3.0  |  3.8  |
|   物流行业   | 002210 |  飞马国际  |   0.0%   | -1.8  | -0.4 | 1.1  | -3.7  |  9.9  | -3.5  | -1.8  |  0.7  |  0.4  | -0.4  |
|   工程机械   | 600375 |  汉马科技  |  -0.1%   |       |      |      |       | 10.1  | -2.6  | -2.9  | -1.5  | -1.6  | -0.9  |
|   塑料制品   | 002825 |  纳尔股份  |  -0.2%   | -2.1  | -0.2 | 0.9  | -0.5  | 10.0  | -7.4  | -4.0  |  3.1  |  0.0  |  0.8  |
|   造纸印刷   | 002229 |  鸿博股份  |  -0.4%   |       |      |      |       | 10.0  | -10.0 | -10.0 |  0.2  |  9.9  |  1.4  |
|     燃气     | 000593 |  德龙汇能  |  -0.5%   |       | 10.0 | 1.2  | -4.2  | -1.1  | -6.3  | -1.0  |  1.7  | -1.2  |  1.2  |
|   专用设备   | 002527 |   新时达   |  -0.6%   |       | 10.0 | -3.3 |  0.6  |  1.7  | -0.8  | -6.5  | -0.1  | -3.1  |  1.7  |
|   化学制品   | 002669 |  康达新材  |  -1.0%   | -4.9  | -0.6 | -2.4 | -1.0  | 10.0  | -4.5  | -2.5  | -2.3  |  6.2  |  2.0  |
|   专用设备   | 603015 |  弘讯科技  |  -1.1%   | -5.8  | 5.2  | 2.2  | 10.0  |  1.9  | -9.2  | -4.7  |  4.6  | -7.2  |  3.7  |
|   电网设备   | 603897 |  长城科技  |  -1.3%   |       |      |      |       | 10.0  |  2.3  | -7.8  |  2.8  | -8.4  |  1.1  |
|  房地产服务  | 000056 |  皇庭国际  |  -1.5%   | 10.1  | 0.7  | 3.4  | -9.9  | -9.6  | -6.4  | -3.0  |  1.3  | 10.0  |  4.3  |
|   医疗器械   | 688317 |  之江生物  |  -1.5%   | -7.0  | 10.2 | 1.6  |  0.4  | -2.3  | -9.8  | -0.0  | -0.2  |  4.8  |  2.4  |
|   消费电子   | 002866 |  传艺科技  |  -1.7%   | -3.5  | 1.5  | 4.0  | -2.1  | -1.4  |  1.6  | -1.8  | -5.1  | -4.1  | 10.0  |
|   专用设备   | 002031 |  巨轮智能  |  -1.7%   | -7.6  | -1.2 | 10.1 | -2.4  |  1.3  |  2.4  | -6.9  |  9.9  | -3.6  | -2.2  |
|   电力行业   | 600644 |  乐山电力  |  -1.8%   |       | 10.0 | -1.1 | -1.8  | -1.7  | -8.4  | -2.0  |  2.9  | -0.2  |  1.4  |
|   有色金属   | 002996 |  顺博合金  |  -2.0%   | 10.0  | 3.2  | 2.6  |  0.3  | -1.8  | -1.6  | -4.6  | -9.9  | -8.1  | 10.0  |
|   纺织服装   | 003016 |  欣贺股份  |  -2.2%   |       |      |      | 10.0  |  0.4  | -9.7  | -3.9  |  1.5  | -0.5  |  1.0  |
|     燃气     | 000421 |  南京公用  |  -2.4%   |       | 10.0 | 10.0 |  0.7  | -9.5  | -8.7  | -2.7  | -0.2  |  1.2  | -1.2  |
|   贸易行业   | 600647 |  同达创业  |  -2.6%   |  0.0  | 0.0  | 0.0  |  0.0  |  0.0  | 10.0  | -8.2  |  0.7  | -10.0 |  6.4  |
|   装修建材   | 002323 |  雅博股份  |  -2.6%   |  2.8  | -5.0 | 9.9  | -4.2  |  2.9  | -7.5  | -5.3  |  4.2  | -0.7  |  1.6  |
|   纺织服装   | 002494 |  华斯股份  |  -2.7%   |       |      |      |       |  9.9  | 10.0  | -10.0 | -8.9  | -1.8  |  0.0  |
|   包装材料   | 002565 |  顺灏股份  |  -2.7%   | 10.1  | 0.8  | -1.8 | -2.9  | -1.7  | -9.5  | -0.2  |  3.1  | -0.7  |  1.2  |
|   水泥建材   | 002671 |  龙泉股份  |  -2.7%   |  0.8  | 5.5  | 10.1 | -4.8  | -6.1  | -6.5  | -1.9  |  1.7  | -0.6  |  0.2  |
|  汽车零部件  | 001319 |  铭科精技  |  -2.7%   |       |      |      |       |       | 10.0  | -10.0 | -4.3  | -2.9  |  5.7  |
|   电网设备   | 002857 |  三晖电气  |  -2.8%   |       |      |      |       | 10.0  |  2.6  | -8.3  | -3.0  | -1.6  | -1.7  |
|  汽车零部件  | 603085 |  天成自控  |  -2.8%   | -2.7  | 3.8  | 0.8  |  1.0  | -4.1  | -5.2  | -4.6  | -1.1  |  0.3  | 10.0  |
|   塑料制品   | 002395 |  双象股份  |  -3.2%   | 10.0  | 10.0 | 0.1  | -8.8  | -3.2  | -8.4  | -1.5  |  1.3  | -1.4  |  0.5  |
|   航运港口   | 601975 |  招商南油  |  -3.4%   |  3.9  | -0.8 | -1.9 | -0.8  | 10.0  | -6.6  | -4.0  | -4.5  |  2.6  | -0.3  |
|   通用设备   | 000880 |  潍柴重机  |  -3.4%   |       |      | 10.0 | -2.5  | -1.6  | -7.6  | -1.6  | -0.4  |  0.0  |  1.1  |
|   电源设备   | 002851 |  麦格米特  |  -3.4%   |       |      |      |       | 10.0  | -3.9  | -7.3  |  0.4  |  1.8  | -3.6  |
|   工程机械   | 601226 |  华电重工  |  -3.7%   | 10.0  | -3.2 | -1.0 |  0.9  | -0.7  | -7.9  | -2.8  |  1.7  | -0.9  |  1.1  |
|   公用事业   | 605162 |   新中港   |  -4.4%   | 10.0  | -5.3 | 0.5  | -2.0  |  0.7  | -9.2  | -1.1  |  2.6  | -0.6  |  1.1  |
|  汽车零部件  | 002703 |  浙江世宝  |  -4.5%   | -1.4  | 0.9  | 3.5  |  0.2  | 10.0  | -2.9  | -4.4  | -8.7  | -2.9  |  2.2  |
|   电网设备   | 600869 |  远东股份  |  -4.5%   | 10.0  | -2.5 | -0.8 | -2.3  | -4.5  | -4.8  |  0.1  |  4.0  | -3.7  |  0.8  |
|   旅游酒店   | 301073 |  君亭酒店  |  -4.7%   | 11.7  | -4.0 | 0.2  | -5.5  |  0.7  | -5.0  |  0.5  |  4.7  | -2.9  | -3.9  |
|   装修装饰   | 002989 |  中天精装  |  -4.9%   | 10.0  | -1.5 | -1.7 | -1.1  |  2.1  | -10.0 | -4.6  |  3.9  | -1.5  |  0.8  |
|   消费电子   | 002885 |   京泉华   |  -5.4%   |  2.6  | -4.0 | 0.7  | -3.8  | 10.0  | -0.1  | -1.9  | -4.4  | -10.0 |  6.7  |
|   家电行业   | 002543 |  万和电气  |  -5.7%   | 10.1  | -0.2 | 3.6  | -7.1  |  5.4  | -9.9  | -5.5  | -1.3  |  1.3  | -0.6  |
|  房地产开发  | 000736 |  中交地产  |  -6.6%   | 10.0  | 0.3  | 1.8  | -6.9  | -3.8  | -8.2  | -4.1  |  2.6  |  0.3  |  2.5  |
|   化学制品   | 002096 |  南岭民爆  |  -6.9%   |  0.0  | 10.0 | -0.2 |  0.3  | -3.2  | -7.7  | -2.5  | -1.2  | -2.6  |  0.9  |
|  汽车零部件  | 002101 |  广东鸿图  |  -7.3%   |  1.4  | 3.9  | -2.5 | -4.5  |  2.1  | -5.7  | -4.2  | -4.1  | -3.0  | 10.0  |
|   装修装饰   | 001212 |  中旗新材  |  -7.6%   |       |      |      | 10.0  | -2.3  | -10.0 | -4.8  | -3.6  |  0.8  |  3.3  |
|   有色金属   | 002379 |  宏创控股  |  -7.9%   |       |      | 10.0 |  9.9  | -10.0 | -10.0 | -7.4  |  1.0  | -1.2  |  1.8  |
|   通用设备   | 002843 |  泰嘉股份  |  -8.3%   | -0.4  | 3.8  | 4.2  | -1.7  | -4.6  | 10.0  | -10.0 | -7.8  | -9.6  | 10.0  |
|   通用设备   | 002514 |  宝馨科技  |  -9.2%   | -10.0 | 1.1  | 10.0 | 10.0  | 10.0  | -10.0 | -10.0 | -6.0  | -6.6  |  5.3  |
|     教育     | 002621 |   美吉姆   |  -9.7%   |       | 9.9  | -1.9 | -3.9  | -2.2  | -10.0 | -3.9  |  1.4  | -2.1  |  3.9  |
|   有色金属   | 002824 |  和胜股份  |  -10.1%  | -2.3  | 4.1  | 10.0 | -10.0 | -7.3  |  0.5  |  4.5  | -6.8  | -2.8  |  1.3  |
|   电网设备   | 002121 |  科陆电子  |  -10.8%  | -7.0  | 10.0 | 1.9  |  2.6  | -6.5  | -6.4  | -6.2  |  0.5  | -2.5  |  3.6  |
|   通用设备   | 002965 |  祥鑫科技  |  -11.2%  | -1.4  | 2.1  | -4.4 |  1.1  | -2.4  | -4.6  | -6.4  | -1.4  | -3.6  | 10.0  |
|   电网设备   | 002300 |  太阳电缆  |  -11.7%  | 10.0  | -4.1 | -1.4 | -6.5  | -4.4  | -7.9  |  0.9  |  6.2  | -3.9  |  0.1  |
|   通用设备   | 002150 |  通润装备  |  -12.5%  | 10.0  | 10.0 | 10.0 | -6.9  | -10.0 | -10.0 | -10.0 |  1.1  | -3.3  | -1.1  |
|   消费电子   | 002547 |  春兴精工  |  -13.1%  | -9.8  | 10.0 | 4.9  |  3.7  | -4.2  | -9.9  | -10.0 | 10.0  | -3.6  | -2.1  |
|   电力行业   | 000899 |  赣能股份  |  -15.3%  |       |      |      |       | 10.0  | -3.7  | -5.1  |  4.0  | -10.0 | -10.0 |
|   环保行业   | 000826 |  启迪环境  |  -17.0%  |  9.9  | -9.7 | -2.6 | -4.6  | -5.1  | -5.9  | -0.9  |  2.9  | -1.1  |  0.0  |
|     游戏     | 002168 |  惠程科技  |  -21.7%  |  9.9  | 10.0 | -0.8 | -6.5  | -10.0 | -10.0 | -9.3  | -3.3  | -2.5  |  0.7  |
|   化学制药   | 301089 |  拓新药业  |  -22.6%  | -6.3  | -3.0 | -5.9 | -5.8  |  0.9  | -9.6  | -4.9  |  1.0  | -1.5  | 11.3  |
|   综合行业   | 002591 |  恒大高新  |  -32.0%  | -8.2  | 10.0 | -2.6 | -10.0 | -10.0 | -10.0 | -2.7  |  3.6  | -6.1  |  0.1  |
+--------------+--------+------------+----------+-------+------+------+-------+-------+-------+-------+-------+-------+-------+
