+--------------+--------+------------+----------+-------+-------+-------+-------+-------+-------+-------+-------+-------+-------+
|     行业     |  代码  |    名称    | 涨幅统计 |   9   |   8   |   7   |   6   |   5   |   4   |   3   |   2   |   1   |   0   |
+--------------+--------+------------+----------+-------+-------+-------+-------+-------+-------+-------+-------+-------+-------+
|    半导体    | 000670 |   盈方微   |  311.1%  |       |       |       |       | 488.4 | -10.0 | -10.0 |  3.5  | -10.0 | -7.5  |
|   多元金融   | 001236 |   N弘业    |  159.4%  |  9.9  | 10.1  |  9.9  | 10.1  | 10.0  | 10.0  |  9.9  | 10.0  | 10.0  | 10.0  |
|   家用轻工   | 001222 |   N源飞    |  155.1%  |       |       |       | 44.0  | 10.0  | 10.0  | 10.0  | 10.0  | 10.0  | 10.0  |
|   文化传媒   | 001330 |   N博纳    |  146.6%  |       |       |       | 43.9  | 10.1  | 10.1  | 10.0  | 10.0  | 10.0  |  6.3  |
|   化学原料   | 301209 |   N联合    |  111.4%  |       |       |       |       |       |       |       | 160.9 | -19.0 |  0.0  |
|  光学光电子  | 688401 |   N路维    |  102.5%  |       |       |       |       |       |       |       |       | 129.2 | -11.6 |
|    半导体    | 688403 |   N汇成    |  90.8%   |       |       |       |       |       |       |       |       |       | 90.8  |
|     燃气     | 000593 |  德龙汇能  |  72.8%   |  2.5  | -1.2  |  0.2  |  0.0  |  9.9  |  9.9  | 10.0  | 10.0  | 10.0  |  5.8  |
|   航运港口   | 600428 |  中远海特  |  71.6%   |  0.6  |  7.8  |  1.5  | 10.0  |  9.0  | 10.0  |  9.6  | 10.0  | -1.9  |  0.0  |
|   通信设备   | 300565 |  科信技术  |  60.9%   | 14.3  |  3.0  | -2.5  |  9.3  |  1.2  | 15.9  |  5.2  | -0.3  |  4.1  |  0.0  |
|   电网设备   | 688226 |  威腾电气  |  60.8%   |       |       |       | 20.0  | 20.0  | -6.2  | 10.2  |  3.4  |  4.5  |  0.0  |
|    半导体    | 688041 |   N海光    |  60.1%   |       |       |       |       |       | 66.9  | -5.5  |  6.8  | -5.0  |  0.0  |
|   专用设备   | 688160 |  步科股份  |  60.0%   | -8.0  |  1.9  | 20.0  | 10.3  | 12.5  |  3.2  |  0.4  |  0.4  |  8.4  |  1.7  |
|   食品饮料   | 002329 |  皇氏集团  |  51.3%   | 10.1  | 10.1  |  2.2  | 10.0  |  4.0  | 10.0  | -2.1  |  3.5  |  5.8  | -9.4  |
|   通用设备   | 300421 |  力星股份  |  50.8%   | 11.7  |  6.1  | 20.0  |  8.2  | 13.8  |  0.1  | -8.9  | -6.5  |  1.1  |  0.0  |
|  计算机设备  | 001339 |   N智微    |  48.7%   | 44.0  | 10.0  | 10.0  |  2.2  | -8.6  |  0.7  | -6.7  | -3.1  | -0.6  |  0.9  |
|  汽车零部件  | 688071 |  华依科技  |  48.5%   |  9.7  |  0.6  | -1.2  | -0.0  |  6.4  |  3.8  |  1.4  |  3.4  | 13.7  |  3.5  |
|   食品饮料   | 000716 |   黑芝麻   |  46.3%   |       |       |       |       |       |       | 10.0  | 10.1  |  9.9  |  9.9  |
|   电网设备   | 002090 |  金智科技  |  46.0%   |  5.5  |  0.0  | 10.0  |  5.0  | -3.2  | 10.0  |  3.5  | -2.8  |  1.7  | 10.0  |
|   化学原料   | 002469 |  三维化学  |  44.1%   |       |       | 10.0  | 10.0  | -2.6  | 10.0  | -6.3  | -2.1  | 10.0  | 10.1  |
|   通用设备   | 300257 |  开山股份  |  44.0%   |       |       |       |       |       |       |       |       | 20.0  | 20.0  |
|   电源设备   | 002518 |   科士达   |  43.8%   | 10.0  | 10.0  |  7.8  |  1.7  | -0.4  | 10.0  |  3.3  | -0.1  | -6.0  |  2.0  |
|   农药兽药   | 002868 |  绿康生化  |  41.3%   | 10.0  | 10.0  | 10.0  |  2.3  | 10.0  |  8.1  | -3.6  | -1.2  | -7.6  | -0.8  |
|   化学制品   | 603255 |  N鼎际得   |  41.3%   |       |       |       | 44.0  | 10.0  | -4.3  | 10.0  | -10.0 | -5.9  |  0.0  |
|   通用设备   | 603757 |  大元泵业  |  40.8%   | 10.0  |  0.1  | -1.5  | 10.0  | -0.2  | 10.0  | 10.0  | -2.0  | -0.4  |  0.0  |
|   消费电子   | 002866 |  传艺科技  |  38.4%   |  4.0  |  7.4  | -2.9  | 10.0  | 10.0  | 10.0  | -2.1  | -4.6  |  2.1  |  0.6  |
|   专用设备   | 002334 |   英威腾   |  38.1%   |       |       | 10.0  | 10.1  |  8.1  |  3.0  |  2.4  | -1.3  | -3.0  |  4.4  |
|   电网设备   | 300356 |  *ST光一   |  37.8%   |  3.4  |  1.1  |  1.1  | -2.1  | 19.9  | -0.3  | 14.2  | -2.9  |  0.5  |  0.0  |
|   家电行业   | 002543 |  万和电气  |  37.4%   | 10.1  |  0.2  | -4.1  |  3.0  |  0.6  | -0.4  | -5.5  | 10.0  | 10.0  | 10.0  |
|   专用设备   | 688596 |  正帆科技  |  37.3%   |  8.7  |  4.9  |  1.0  | 12.8  |  7.8  | -2.5  |  1.6  | -5.0  |  1.6  |  2.6  |
|   环保行业   | 000820 |  神雾节能  |  35.8%   |       |       |       | 10.1  |  9.9  | 10.0  | 10.1  | -6.5  | -3.3  |  2.5  |
|   通用设备   | 002965 |  祥鑫科技  |  34.5%   | 10.0  |  3.4  | 10.0  | 10.0  | -0.5  | -4.8  | -10.0 |  2.7  |  6.7  |  4.6  |
|    半导体    | 688380 |   N中微    |  34.5%   | 82.1  | -14.4 | -3.6  | -2.3  |  1.5  | -7.2  | -1.8  |  0.8  | -2.3  |  0.6  |
|   专用设备   | 300950 |   德固特   |  33.6%   |       |       |       |       | 20.0  |  3.2  | -6.5  | -3.9  | 20.0  |  0.0  |
|     游戏     | 600715 |  文投控股  |  33.5%   |       |       |       |       | 10.0  | -0.4  |  0.8  |  9.8  | 10.0  |  0.0  |
|     电机     | 301023 |  江南奕帆  |  33.3%   |  3.7  |  1.0  |  8.6  |  6.8  |  1.2  | 10.2  | -6.6  |  4.0  |  1.3  |  0.0  |
|   化学制品   | 000985 |  大庆华科  |  33.1%   |       |       |       |       |       |       |       | 10.0  | 10.0  | 10.0  |
|   电源设备   | 600405 |   动力源   |  33.1%   |  0.4  | -0.4  |  0.4  |  3.7  |  0.1  |  3.3  |  2.1  | 10.0  | 10.0  |  0.0  |
|   光伏设备   | 688560 |  明冠新材  |  31.2%   |       |       |       |       |       |       |       | 11.0  |  5.9  | 11.7  |
|    半导体    | 301282 |   N金禄    |  31.0%   |       |       |       |       |       |       |       |       | 31.0  |  0.0  |
|    半导体    | 688699 |  明微电子  |  30.3%   | 20.0  |  7.0  |  4.8  | -5.5  |  0.4  |  0.3  | -4.5  |  1.5  | -2.3  |  7.5  |
|    半导体    | 688002 |  睿创微纳  |  30.0%   | 20.0  |  9.8  |  1.5  | -0.9  |  3.5  | -1.6  | -4.6  |  0.1  | -2.1  |  2.9  |
|     电池     | 300068 |  南都电源  |  29.8%   |  6.5  | -0.4  |  0.9  |  6.1  |  0.3  | 11.7  | -4.8  |  1.6  | -1.3  |  6.8  |
|   交运设备   | 000913 |  钱江摩托  |  29.0%   | 10.0  |  1.1  |  0.1  |  0.9  |  6.7  |  2.4  | -0.0  |  1.5  |  0.1  |  3.4  |
|   交运设备   | 600818 |  中路股份  |  28.7%   |  5.4  | -2.3  | -1.0  |  1.5  | -0.5  | 10.0  |  3.5  |  1.2  |  8.3  |  0.0  |
|   专用设备   | 002689 |  远大智能  |  28.6%   |  0.9  | 10.0  | 10.0  | 10.0  | 10.0  | -3.0  | -5.8  | -5.5  | 10.1  | -8.4  |
|    半导体    | 688661 |  和林微纳  |  28.5%   | 13.5  |  3.7  |  4.8  |  1.3  |  6.5  | -2.5  | -2.3  | -0.4  |  0.7  |  1.1  |
|   电网设备   | 002350 |  北京科锐  |  28.4%   |       | 10.0  | 10.0  | -2.5  | -9.8  | 10.0  |  1.8  |  2.8  | -4.7  | 10.0  |
|   美容护理   | 300856 |  科思股份  |  28.1%   |       |       | 20.0  | -0.6  |  3.8  |  3.8  | -3.4  | -1.4  |  4.5  |  0.0  |
|   环保行业   | 688659 |  元琛科技  |  27.8%   | -0.8  |  1.4  |  6.4  |  2.1  | -5.3  |  5.6  | -1.9  | 20.0  | -1.7  |  0.9  |
|   电网设备   | 688248 |  南网科技  |  27.2%   | -6.5  |  9.4  |  3.4  |  1.1  | -3.0  | -3.9  | 11.0  |  3.7  |  0.7  | 10.2  |
|   塑料制品   | 002825 |  纳尔股份  |  26.5%   |  2.7  |  1.8  | 10.0  | -0.1  | -1.2  | -1.1  |  6.2  |  3.8  |  4.2  | -1.9  |
|    半导体    | 688200 |  华峰测控  |  26.3%   | 20.0  |  2.2  |  4.3  |  1.3  |  1.3  |  0.6  | -4.0  |  0.0  | -1.1  |  0.8  |
|   电源设备   | 688551 |   科威尔   |  26.2%   |       | 13.9  | -3.1  |  2.4  |  3.2  | -4.1  | -0.4  |  2.4  |  2.4  |  8.0  |
|   工程建设   | 000065 |  北方国际  |  26.0%   | 10.0  |  2.5  |  2.4  | -2.3  | -2.4  |  0.6  |  0.1  |  1.2  |  2.0  | 10.1  |
|   纺织服装   | 600107 |   美尔雅   |  26.0%   | 10.0  |  0.3  | 10.0  |  2.2  | -2.9  |  4.8  |  1.6  |  0.5  | -2.3  |  0.0  |
|   通用设备   | 688379 |  华光新材  |  25.5%   |       |       | 12.8  |  0.5  |  0.3  | -2.9  |  8.5  | -2.5  |  1.9  |  5.3  |
|   装修装饰   | 002047 |  宝鹰股份  |  25.5%   |  4.7  | 10.1  |  2.2  |  2.4  | -1.3  | 10.1  | -1.2  | -2.2  |  2.6  | -3.5  |
|   文化传媒   | 601928 |  凤凰传媒  |  25.3%   |       |       |       |       |       | 10.0  | 10.0  |  0.4  |  3.2  |  0.0  |
|   文化传媒   | 603721 |  中广天择  |  25.2%   |       |       |       |       | 10.0  | 10.0  | 10.0  |  4.5  | -10.0 |  0.0  |
|   仪器仪表   | 688600 |  皖仪科技  |  25.0%   | 14.8  | -0.6  |  1.6  |  1.2  |  0.9  | -3.0  |  1.0  |  0.5  |  4.8  |  2.3  |
|   专用设备   | 688328 |   深科达   |  24.8%   |       | 20.0  | 13.3  | -4.7  |  3.5  | -2.6  | -4.0  |  8.2  | -3.4  | -4.8  |
|   农牧饲渔   | 300673 |  佩蒂股份  |  24.8%   |       | 20.0  |  0.3  | -3.7  |  3.2  |  5.5  | -2.5  | -0.5  |  1.9  |  0.0  |
|   电子元件   | 688371 |   菲沃泰   |  24.8%   |       |       |       | 20.0  |  2.2  | -4.4  | -1.5  | -4.1  |  1.9  | 10.7  |
|   电网设备   | 002112 |  三变科技  |  24.7%   |  7.7  | -1.9  |  4.6  | -0.8  | -0.3  |  5.0  | -5.1  | -5.5  | 10.0  | 10.0  |
|   航运港口   | 600026 |  中远海能  |  24.7%   |  1.4  | 10.0  |  3.5  |  0.9  | 10.0  |  3.0  | -5.2  | 10.0  | -9.4  |  0.0  |
|   医疗器械   | 301097 |  天益医疗  |  24.7%   |       |       |       | 20.0  |  0.2  |  5.0  | -2.6  |  2.2  | -0.8  |  0.0  |
|   航天航空   | 688070 |  纵横股份  |  24.6%   |  3.2  | 14.9  |  4.7  |  0.7  | -2.1  | -7.4  | 16.4  | -6.4  |  0.8  |  0.0  |
|   通用设备   | 002685 |  华东重机  |  24.5%   |  1.6  |  9.9  | -1.9  | 10.1  | -1.8  |  9.9  | -4.0  |  3.1  | -6.8  |  3.6  |
|  汽车零部件  | 002434 |   万里扬   |  24.4%   |       |       |       |       | 10.0  |  3.1  | -2.3  |  4.2  |  3.7  |  4.0  |
|   装修建材   | 603389 |  亚振家居  |  24.3%   | 10.0  | 10.1  | 10.0  |  1.0  | -6.4  |  3.9  |  2.6  |  2.9  | -10.0 |  0.0  |
|   环保行业   | 688501 |  青达环保  |  24.3%   |  0.2  | -0.9  |  5.5  |  2.7  | -2.3  | -3.1  | 13.4  |  1.5  |  1.1  |  4.7  |
|   专用设备   | 601798 |  蓝科高新  |  24.2%   |       | 10.1  | 10.0  | -2.9  |  3.3  |  6.8  | -9.7  |  2.9  |  3.1  |  0.0  |
|   光伏设备   | 688348 |  昱能科技  |  24.1%   |       |       |       |       |       |       |       | 10.7  | -0.5  | 12.6  |
|   仪器仪表   | 002175 |  东方网络  |  24.0%   |  5.0  |  0.3  |  1.2  | -2.6  | 10.0  |  0.8  | 10.1  | -7.2  |  8.3  | -2.7  |
|   专用设备   | 000821 |  京山轻机  |  23.6%   |  4.3  |  2.0  |  0.6  | 10.0  |  5.3  | 10.0  | -4.4  | -8.6  |  1.3  |  2.2  |
|   通用设备   | 300990 |  同飞股份  |  23.1%   | 20.0  |  0.1  |  0.0  |  8.5  | -4.3  |  8.8  | -4.2  | -7.0  |  1.9  |  0.0  |
|   光伏设备   | 688680 |  海优新材  |  22.8%   | -0.2  |  4.0  | 14.8  |  3.6  |  1.4  | -4.1  |  1.2  |  1.7  |  0.8  | -1.3  |
|  汽车零部件  | 603305 |  旭升股份  |  22.7%   |  1.0  | 10.0  | 10.0  |  1.5  | -0.0  |  1.8  | -4.3  |  3.1  | -1.5  |  0.0  |
|     燃气     | 000421 |  南京公用  |  22.6%   |  0.8  |  0.6  |  2.3  | -2.5  |  2.3  | 10.1  |  2.4  | -1.0  | -3.6  | 10.1  |
|    半导体    | 688216 |  气派科技  |  22.5%   | 11.5  | -3.5  | 20.0  |  4.0  |  1.8  | -6.9  | -4.3  |  1.0  | -2.2  |  1.8  |
|     电池     | 688567 |  孚能科技  |  22.3%   |       |       |       |       |       |       | 10.1  |  2.4  |  5.4  |  3.0  |
|   专用设备   | 688001 |  华兴源创  |  22.3%   |  5.1  |  1.2  | -0.9  |  0.9  |  3.9  | -3.6  |  0.3  | -0.3  | 11.3  |  3.3  |
|   食品饮料   | 600191 |  华资实业  |  22.1%   |       | 10.0  |  1.4  |  4.3  | -4.4  |  3.7  |  3.5  | -0.5  |  2.7  |  0.0  |
|    半导体    | 688234 |  天岳先进  |  21.5%   | 10.1  | -5.0  |  3.4  | -4.5  |  1.2  | -5.4  | -1.0  |  1.4  |  2.0  | 20.0  |
|   文化传媒   | 000892 |  欢瑞世纪  |  21.3%   |       |       |       |       |       |       |       |       | 10.1  | 10.1  |
|   化学制品   | 002165 |   红宝丽   |  21.2%   |       |       |       |       |       |       |       |       | 10.1  | 10.1  |
|   家电行业   | 002418 |  康盛股份  |  21.2%   |       |       |       |       |       |       |       |       | 10.1  | 10.1  |
|   通用设备   | 600992 |  贵绳股份  |  21.2%   |  0.3  |  6.4  | -2.5  | -2.0  | 10.0  | 10.0  |  4.3  | -10.0 |  4.6  |  0.0  |
|   采掘行业   | 002554 |   惠博普   |  21.2%   |       |       |       |       |       |       |       |       | 10.1  | 10.1  |
|  汽车零部件  | 300733 |  西菱动力  |  21.2%   | 12.8  | -1.8  |  5.4  |  9.0  | -0.4  |  1.6  | -4.8  | -0.7  | -0.5  |  0.0  |
|   文化传媒   | 002905 |  金逸影视  |  21.2%   |       |       |       |       |       |       |       |       | 10.1  | 10.1  |
|   交运设备   | 688187 |  时代电气  |  21.1%   | 20.0  | -5.0  | -0.0  | -3.4  |  1.6  | -2.4  |  1.6  |  0.6  |  1.0  |  7.5  |
|   纺织服装   | 002003 |  伟星股份  |  21.1%   |       |       |       |       |       |       |       |       | 10.1  | 10.1  |
|   农药兽药   | 002513 |  蓝丰生化  |  21.1%   |       |       |       |       |       |       |       |       | 10.1  | 10.1  |
|   食品饮料   | 002702 |  海欣食品  |  21.1%   |       |       |       |       |       |       |       |       | 10.1  | 10.1  |
|   电网设备   | 301031 |  中熔电气  |  21.1%   |  4.3  |  4.8  |  4.5  | -0.4  |  1.6  | 13.9  | -4.8  | -4.9  |  1.5  |  0.0  |
|   通用设备   | 000811 |  冰轮环境  |  21.1%   |       |       |       |       |       |       |       |       | 10.0  | 10.0  |
|   综合行业   | 000803 |  北清环能  |  21.1%   |       |       |       |       |       |       |       |       | 10.0  | 10.0  |
|   电子元件   | 002414 |  高德红外  |  21.1%   |       |       |       |       |       |       |       |       | 10.0  | 10.0  |
|   化学原料   | 002002 |  鸿达兴业  |  21.1%   |       |       |       |       |       |       |       |       | 10.1  |  9.9  |
|     电机     | 002823 |  凯中精密  |  21.1%   | -0.9  |  0.5  | 10.0  | 10.0  |  0.6  |  8.3  | -1.3  | -3.7  | -2.6  | -0.5  |
|   文化传媒   | 603096 |   新经典   |  21.1%   |       |       |       |       |       |       |       | 10.0  | 10.0  |  0.0  |
|   食品饮料   | 003030 |  祖名股份  |  21.0%   |       |       |       |       |       |       |       |       | 10.0  | 10.0  |
|   农牧饲渔   | 000798 |  中水渔业  |  21.0%   |       |       |       |       |       |       |       |       | 10.0  | 10.0  |
|   物流行业   | 603569 |  长久物流  |  21.0%   |       |       |       |       |       |       |       | 10.0  | 10.0  |  0.0  |
|   造纸印刷   | 002012 |  凯恩股份  |  21.0%   |       |       |       |       |       |       |       |       | 10.1  |  9.9  |
|   化学制药   | 003020 |  立方制药  |  21.0%   |       |       |       |       |       |       |       |       | 10.0  | 10.0  |
|   食品饮料   | 002910 |  庄园牧场  |  21.0%   |       |       |       |       |       |       |       |       | 10.0  | 10.0  |
|     电机     | 002892 |   科力尔   |  21.0%   |       |       |       |       |       |       |       |       | 10.0  | 10.0  |
|   专用设备   | 003036 |  泰坦股份  |  21.0%   |       |       |       |       |       |       |       |       | 10.0  | 10.0  |
|   装修装饰   | 002325 |  洪涛股份  |  20.9%   |       |       |       |       |       |       |       |       |  9.9  |  9.9  |
|   专用设备   | 688518 |  联赢激光  |  20.8%   |       |       | 12.5  |  3.0  |  1.4  | -6.5  |  3.1  |  7.1  | -2.5  |  2.2  |
|   医疗器械   | 603301 |  振德医疗  |  20.8%   |       |       |       | 10.0  |  5.6  |  1.6  | -2.3  |  2.1  |  2.5  |  0.0  |
|   电网设备   | 002169 |  智光电气  |  20.8%   |       |       |       |       |       | 10.0  | 10.0  | -2.8  | 10.0  | -6.7  |
|   纺织服装   | 002486 |   嘉麟杰   |  20.7%   |       |       |       |       |       |       |       |       |  9.9  |  9.9  |
|  汽车零部件  | 603109 |  神驰机电  |  20.4%   |  3.0  |  0.8  |  4.3  | -2.4  |  0.1  |  2.3  | 10.0  |  5.8  | -4.4  |  0.0  |
|   消费电子   | 688036 |  传音控股  |  20.3%   |       |       |       |       | 16.0  | -4.2  | -2.9  | -1.3  |  7.4  |  5.2  |
|   旅游酒店   | 002306 |  中科云网  |  20.2%   | -1.2  | -0.3  | -1.2  | -1.2  |  1.5  |  5.3  | 10.1  |  2.3  |  1.0  |  2.7  |
|  汽车零部件  | 002715 |  登云股份  |  20.2%   |  4.2  | 10.0  | -3.1  |  7.3  |  1.0  |  2.9  |  0.0  |  1.1  | -2.5  | -1.4  |
|  互联网服务  | 688292 |   N浩瀚    |  20.2%   |       |       |       |       |       |       |       |       |       | 20.2  |
|   专用设备   | 688630 |  芯碁微装  |  20.1%   |       |       |       |       |       |       |       |       | 12.0  |  7.3  |
|   农牧饲渔   | 000702 |  正虹科技  |  20.1%   |  0.7  |  3.3  |  0.2  | -2.7  | 10.1  | -2.2  |  4.9  |  9.9  | -4.7  |  0.1  |
|   化学制品   | 300530 |  达志科技  |  20.0%   |       |       |       |       |       |       |       |       | 20.0  |  0.0  |
|   通用设备   | 688355 |  明志科技  |  20.0%   |       |       |       |       |       |       |       |       |       | 20.0  |
|   电力行业   | 001258 |  立新能源  |  19.9%   |  3.8  | 10.0  |  4.9  | -3.6  | -9.2  |  1.0  | 10.0  | -8.8  |  4.0  |  8.6  |
|   专用设备   | 301011 |  华立科技  |  19.9%   |       |       |       |       | 20.0  | -3.9  |  6.7  |  0.8  | -3.4  |  0.0  |
|   物流行业   | 000557 |  西部创业  |  19.8%   |       |       |       |       |       |       | 10.0  | 10.1  | 10.0  | -10.1 |
|     燃气     | 600617 |  国新能源  |  19.7%   |       |       |       |       |       | 10.0  | 10.1  |  9.9  | -10.0 |  0.0  |
|   仪器仪表   | 688112 |  鼎阳科技  |  19.6%   |       |       |       |       |       |       | 20.0  |  0.9  |  3.6  | -4.7  |
|   环保行业   | 300495 |  *ST美尚   |  19.4%   |  1.8  |  0.9  | -0.9  | -0.9  |  3.0  |  0.4  | -2.1  | -2.5  | 19.9  |  0.0  |
|   仪器仪表   | 688622 |  禾信仪器  |  19.3%   | 15.7  | -1.1  | -2.3  |  6.5  |  1.5  | -4.2  |  7.5  | -3.4  |  0.1  | -0.9  |
|   专业服务   | 301289 |  国缆检测  |  19.3%   |       |       |       | 17.0  |  5.5  | -1.3  | -4.2  |  4.5  | -2.1  |  0.0  |
|   水泥建材   | 002541 |  鸿路钢构  |  19.1%   |       |       |       |       |       |       |       | 10.0  |  1.9  |  6.2  |
|    半导体    | 688259 |  创耀科技  |  19.1%   |       |       |       |       |       |       |       |       |       | 19.1  |
|  光学光电子  | 002962 |  五方光电  |  18.8%   |       |       |       | 10.0  | 10.0  |  2.5  | -2.7  | 10.0  | -10.0 | -0.5  |
|   农药兽药   | 301035 |  润丰股份  |  18.7%   |       |       |       |       |       |       |       | 16.1  |  2.3  |  0.0  |
|   消费电子   | 002855 |  捷荣技术  |  18.7%   |       |       |       |       | 10.0  | 10.1  | 10.0  | 10.0  | -10.0 | -10.0 |
|   软件开发   | 688201 |  信安世纪  |  18.4%   |       |       |       |       |       | 12.2  | -1.2  |  1.0  | -2.6  |  8.5  |
|   化学制药   | 688192 | 迪哲医药-U |  18.3%   | 12.2  |  5.4  |  2.1  | -3.7  | -0.7  | -2.2  |  0.1  |  1.3  |  3.3  |  0.1  |
|   仪器仪表   | 688337 | 普源精电-U |  18.3%   |       |       | 11.1  |  0.9  | -2.1  | -3.9  |  2.9  |  8.3  |  0.3  |  0.4  |
|   电网设备   | 688676 |  金盘科技  |  18.2%   | -1.8  |  3.5  | 11.8  |  1.8  | -3.8  | -5.7  |  2.1  |  3.4  | -0.9  |  7.6  |
|   光伏设备   | 002218 |  拓日新能  |  18.0%   |  3.3  |  0.0  | -0.3  |  3.9  | -2.5  |  6.4  | -4.4  | -2.5  |  3.7  |  9.9  |
|   电子元件   | 600152 |  维科技术  |  17.9%   |  4.9  | 10.0  |  4.3  | 10.0  |  0.5  |  6.9  | -6.3  | -5.9  | -6.0  |  0.0  |
|   塑料制品   | 300806 |   斯迪克   |  17.7%   |       |       | 12.3  | 11.6  |  3.4  |  2.9  | -5.9  | -5.2  | -1.0  |  0.0  |
|   仪器仪表   | 002658 |   雪迪龙   |  17.5%   |       |       |       |       |       | 10.1  | 10.0  | 10.0  | -8.4  | -3.7  |
|    半导体    | 688521 | 芯原股份-U |  17.4%   | 20.0  |  7.9  |  7.0  | -5.1  | -0.8  | -5.3  |  0.9  | -0.8  | -3.7  | -1.4  |
|   综合行业   | 000909 |  数源科技  |  17.3%   |       |       |       |       | 10.0  | 10.0  |  1.9  | -10.0 | -4.0  | 10.0  |
|   专用设备   | 688633 |  星球石墨  |  17.1%   |       |       | 10.3  |  2.3  |  0.2  | -2.2  | -0.2  |  1.6  |  2.8  |  1.7  |
|   专用设备   | 002837 |   英维克   |  17.0%   |       |       |       |  9.9  |  0.9  | 10.0  |  1.1  | -6.4  |  1.7  | -0.3  |
|   专用设备   | 301338 |   N凯格    |  17.0%   |       | 73.1  | -15.2 | -3.0  | -5.1  |  1.9  | -1.9  | -10.4 | -3.4  |  0.0  |
|   通信设备   | 601869 |  长飞光纤  |  16.8%   |       |       | 10.0  |  9.9  | -3.1  | -0.7  | -5.1  |  0.3  |  5.5  |  0.0  |
|   化学制品   | 002037 |  保利联合  |  16.7%   |  0.5  | -0.5  |  3.4  | -2.2  | 10.0  |  2.5  | -4.6  | 10.0  | -3.2  |  0.7  |
|     电池     | 000049 |  德赛电池  |  16.6%   |       |       | 10.0  |  6.5  |  2.5  | 10.0  | -7.2  | -1.0  | -6.2  |  2.4  |
|   消费电子   | 300916 |  朗特智能  |  16.5%   |  9.4  |  3.2  |  0.2  | 15.7  | -10.0 |  9.6  | -4.0  | -2.6  | -3.4  |  0.0  |
|   光伏设备   | 300316 |  晶盛机电  |  16.4%   | 12.0  |  0.6  | -0.1  | 10.4  | -0.5  |  1.7  | -3.1  | -1.4  | -3.1  |  0.0  |
|   石油行业   | 000059 |  华锦股份  |  16.1%   | 10.0  |  3.0  | -1.7  | -3.7  | -1.4  |  0.7  | -1.3  | 10.0  | -1.4  |  1.8  |
|   造纸印刷   | 000695 |  滨海能源  |  16.0%   |       |       |       |       | 10.0  |  1.2  |  4.2  |  0.1  |  0.8  | -0.8  |
|   通用设备   | 002843 |  泰嘉股份  |  15.7%   | 10.0  |  3.2  | 10.0  |  6.6  | -1.5  |  3.9  | -7.4  | -6.3  | -1.5  | -0.5  |
|   航运港口   | 000520 |  长航凤凰  |  15.7%   |       |       |       |       | 10.2  | 10.1  |  2.3  |  9.9  | -9.9  | -5.8  |
|   汽车整车   | 601633 |  长城汽车  |  15.6%   |       |       |       |       | 10.0  |  2.1  | -2.7  |  4.7  |  1.0  |  0.0  |
|   化学制品   | 688639 |  华恒生物  |  15.5%   |       |       |       |       |       |       |       |       |       | 15.5  |
|   环保行业   | 603126 |  中材节能  |  15.4%   |       |       | 10.0  |  2.6  | 10.0  | -4.5  |  1.5  | -5.1  |  1.0  |  0.0  |
|   专用设备   | 688290 |  景业智能  |  15.4%   | -9.6  |  2.4  | -0.1  |  4.8  |  3.7  | -5.6  |  2.0  | 20.0  |  0.5  | -1.3  |
|     电池     | 300438 |  鹏辉能源  |  15.3%   |  6.1  |  2.5  |  5.8  | 10.7  | -3.6  |  6.7  | -6.0  | -5.2  | -1.2  |  0.0  |
|   纺织服装   | 600220 |  江苏阳光  |  15.3%   | 10.2  |  5.8  | -1.1  |  1.4  | -1.6  |  3.5  | -4.4  |  0.0  |  1.4  |  0.0  |
|   专用设备   | 688383 |   新益昌   |  15.3%   | 15.3  |  6.4  | -0.5  |  0.0  | -0.9  | -5.5  | -1.5  | -1.0  |  1.1  |  2.1  |
|   光伏设备   | 300029 |   ST天龙   |  15.2%   | 13.5  |  8.8  | -0.6  | 19.9  | -9.8  |  2.6  |  3.8  | -11.5 | -10.9 |  3.2  |
|   生物制品   | 688302 | 海创药业-U |  15.1%   | 12.1  |  0.6  | -1.4  |  2.5  |  0.9  | -2.0  | -0.2  |  2.4  | -1.0  |  0.9  |
|   交运设备   | 603787 |  新日股份  |  15.1%   |  5.6  | -2.6  |  0.7  | 10.0  |  0.5  |  2.1  | -5.1  |  6.1  | -2.3  |  0.0  |
|   商业百货   | 600785 |  新华百货  |  15.1%   |       |       |       |       |       |       | 10.0  | 10.0  | -4.9  |  0.0  |
|   家电行业   | 603303 |  得邦照明  |  15.0%   |       |       |       |       |       |       |       | 10.0  |  4.6  |  0.0  |
|   电力行业   | 000037 |  深南电A   |  14.7%   |  1.5  | -0.8  |  3.6  | -4.4  | -1.5  |  3.2  | -3.9  | -2.6  | 10.0  | 10.0  |
|   消费电子   | 688260 |  昀冢科技  |  14.7%   |  0.7  |  3.5  | -0.4  | -4.8  | -1.8  | -4.0  |  3.2  |  1.4  |  3.5  | 13.7  |
|    小金属    | 300811 |  铂科新材  |  14.7%   | 15.0  | -0.8  |  0.9  |  2.8  |  0.8  |  5.4  | -6.2  | -6.3  |  3.7  |  0.0  |
|   商业百货   | 002264 |   新华都   |  14.6%   |       | 10.1  |  5.3  | -4.4  | -4.4  |  3.9  | 10.0  | -10.0 |  2.5  |  2.5  |
|   仪器仪表   | 688768 |  容知日新  |  14.6%   |  2.7  |  4.3  | 12.3  | -2.3  | -0.5  | -6.0  |  1.7  | -1.9  |  1.6  |  2.9  |
|   专用设备   | 603912 |   佳力图   |  14.5%   |       |       |       |       |       |       |       | 10.0  |  4.1  |  0.0  |
|   光伏设备   | 603628 |  清源股份  |  14.5%   | 10.0  | 10.0  | -2.2  | 10.0  | -0.4  |  0.8  | -7.3  | -4.4  | -1.2  |  0.0  |
|   装修建材   | 603008 |   喜临门   |  14.5%   |       |       |       |       |       |       |       | 10.0  |  4.1  |  0.0  |
|     电池     | 688063 |  XD派能科  |  14.5%   |       |       |       |       |       |       |       |       |       | 14.4  |
|   电子元件   | 000062 |  深圳华强  |  14.4%   |       |       |       |       |       |       |       |       | 10.0  |  4.0  |
|   塑料制品   | 002768 |  国恩股份  |  14.4%   |  1.7  |  3.7  | 10.0  | 10.0  |  5.8  | -0.1  | -10.0 | -4.0  |  0.8  | -2.6  |
|     电池     | 002733 |  雄韬股份  |  14.2%   |       |       |       |       |       |       |       |       | 10.0  |  3.8  |
|   风电设备   | 603507 |  振江股份  |  14.1%   | 10.0  |  2.1  | 10.0  |  0.3  | -3.1  |  4.0  | -6.6  |  1.2  | -3.2  |  0.0  |
|   专用设备   | 688170 |  德龙激光  |  14.1%   | -1.2  |  1.3  | -1.0  |  0.7  | -3.0  | -6.1  |  5.5  | 11.2  |  6.7  |  0.3  |
|   美容护理   | 001206 |  依依股份  |  14.1%   | 10.0  |  1.9  |  2.4  |  0.8  |  1.6  | -1.6  | -3.5  | -1.2  |  1.0  |  2.5  |
|  非金属材料  | 688300 |  联瑞新材  |  14.0%   |       |       |       | 15.2  |  1.5  | -3.0  |  2.2  |  0.7  | -3.7  |  1.4  |
|   电子元件   | 600353 |  旭光电子  |  14.0%   | 10.0  |  4.7  | -1.9  | 10.0  | -8.8  |  2.3  | -3.2  |  5.8  | -4.0  |  0.0  |
|   商业百货   | 603214 |   爱婴室   |  14.0%   |       |       |       | 10.0  | -0.7  |  1.2  | -0.7  | -0.7  |  4.7  |  0.0  |
|   电子元件   | 300656 |  民德电子  |  13.9%   |       |       |       | 20.0  |  1.7  |  0.2  | -7.6  | -1.9  |  2.8  |  0.0  |
|   工程建设   | 002140 |  东华科技  |  13.9%   |  0.4  |  3.1  | 10.0  | -0.5  | -1.7  |  5.8  | -5.0  | -3.8  |  2.5  |  3.2  |
|   食品饮料   | 002840 |  华统股份  |  13.9%   |       |  9.9  |  4.1  | -2.8  | -2.1  |  1.5  |  0.6  |  4.8  | -2.1  | -0.0  |
|   珠宝首饰   | 002345 |   潮宏基   |  13.8%   |       |       | 10.0  |  4.5  |  5.3  |  1.9  | -4.4  | -1.5  | -3.5  |  1.6  |
|   软件开发   | 003029 |  吉大正元  |  13.7%   |       |       |       | 10.0  |  5.2  |  5.7  | -3.1  | -0.3  | -3.9  |  0.2  |
|   仪器仪表   | 300370 |  *ST安控   |  13.7%   |       |       |       |       |       | 12.1  |  0.0  |  0.4  |  1.1  |  0.0  |
|   光伏设备   | 688556 |  高测股份  |  13.6%   |       |       |       |       |       |       |       | 10.5  | -1.0  |  3.9  |
|   医疗器械   | 688314 |  康拓医疗  |  13.6%   |       | 10.9  |  3.3  | -0.3  |  4.4  | -2.9  | -4.1  |  0.0  |  6.0  | -3.6  |
|   仪器仪表   | 688115 |   思林杰   |  13.3%   | -4.5  | 10.0  |  5.4  | -2.1  |  0.3  | -2.7  |  1.2  |  2.6  |  3.5  | -0.5  |
|   农牧饲渔   | 600359 |  新农开发  |  13.2%   |       |       |       |       | 10.0  | -0.7  |  4.5  | -1.1  |  0.3  |  0.0  |
|   有色金属   | 000933 |  神火股份  |  12.8%   |       |       |       |       |       |       |       | 10.0  |  1.5  |  1.0  |
|    半导体    | 688279 |  峰岹科技  |  12.8%   | 11.5  | -2.3  | -0.5  | -3.0  |  5.1  | -2.7  | -0.4  | -2.5  |  1.5  |  6.3  |
|   电网设备   | 002121 |  科陆电子  |  12.8%   |  6.5  |  0.3  |  1.8  |  6.5  |  0.1  | 10.0  | -4.5  | -4.7  |  0.8  | -3.5  |
|   电源设备   | 002364 |  中恒电气  |  12.7%   |       |       | 10.0  | 10.0  |  1.2  |  1.2  | -4.3  | -5.3  | -0.8  |  1.3  |
|   电子元件   | 688375 |  国博电子  |  12.7%   | 13.3  | -0.2  | -0.9  |  1.8  | -2.3  | -4.0  |  1.5  | -1.9  |  2.5  |  3.4  |
|   生物制品   | 688373 |  N盟科-U   |  12.6%   | 33.3  |  6.4  | -10.8 | -1.4  | -0.6  | -4.8  | -3.1  | -0.5  |  1.0  | -1.9  |
|    半导体    | 688262 |  国芯科技  |  12.5%   | 20.0  | -3.5  |  1.5  | -3.2  |  0.1  | -2.1  |  1.0  | -0.4  | -1.2  |  1.4  |
|   煤炭行业   | 600395 |  盘江股份  |  12.3%   | 10.0  |  0.2  |  3.8  | -1.1  |  0.3  |  1.6  | -0.8  |  1.3  | -3.1  |  0.0  |
|   光伏设备   | 688390 |   固德威   |  12.3%   |       |       |       |       |       |       |       |       |       | 12.3  |
|   光伏设备   | 600537 |  亿晶光电  |  12.2%   |       | 10.1  | 10.0  | 10.0  | -5.5  |  2.9  | -6.5  | -4.2  | -3.2  |  0.0  |
|   通信服务   | 688682 |   霍莱沃   |  12.2%   | 13.9  |  5.4  | -3.6  |  0.5  | -4.8  | -5.1  |  2.6  | -0.2  |  0.8  |  3.5  |
|   家电行业   | 002860 |   星帅尔   |  12.2%   | -0.7  |  4.9  |  1.1  |  1.8  | -5.3  |  7.6  | -10.0 | 10.0  | -0.1  |  3.8  |
| 工程咨询服务 | 002949 |  华阳国际  |  12.1%   |       |       |       |       |       |       |       | 10.0  |  6.0  | -3.8  |
|   消费电子   | 688678 |   福立旺   |  12.1%   |       |       |       |       |       |       |       |       |       | 12.1  |
|    半导体    | 688110 |  东芯股份  |  12.1%   | 10.0  |  2.5  |  2.4  | -1.2  |  0.1  | -4.0  |  1.1  | -0.8  | -0.6  |  2.5  |
|  汽车零部件  | 002363 |  隆基机械  |  12.1%   |       |       | 10.1  | 10.0  |  2.4  |  1.6  | -6.5  | -4.5  | -2.5  |  2.2  |
|   采掘行业   | 603727 |   博迈科   |  11.9%   |       |       |       |       |       | 10.0  |  2.7  | 10.0  | -9.9  |  0.0  |
|   航运港口   | 601872 |  招商轮船  |  11.8%   |  0.7  |  6.9  |  1.1  |  0.1  | 10.0  | -2.5  | -2.4  |  8.6  | -9.7  |  0.0  |
|   家用轻工   | 301101 |  明月镜片  |  11.8%   |       |       |       |       |       |       |       |       | 11.8  |  0.0  |
|  房地产开发  | 600603 |  广汇物流  |  11.8%   | 10.0  | -1.1  | -5.0  | -0.7  |  2.1  |  2.8  | -1.8  |  7.2  | -1.5  |  0.0  |
|   汽车整车   | 000868 |  安凯客车  |  11.7%   |       | 10.0  |  0.8  | -2.5  |  5.4  | -3.0  | -5.8  |  1.1  |  0.7  |  5.5  |
|   食品饮料   | 603777 |   来伊份   |  11.7%   |       |       |       |       |       |       |       | 10.0  |  1.5  |  0.0  |
|   光伏设备   | 603396 |  金辰股份  |  11.6%   |  7.8  | 10.0  |  1.9  |  7.0  |  3.2  |  0.8  | -7.2  | -0.6  | -10.0 |  0.0  |
|   消费电子   | 002045 |  国光电器  |  11.5%   | -2.2  | 10.0  | -1.9  | 10.0  | 10.0  |  2.3  | -10.0 |  0.1  | -6.2  |  1.1  |
|   食品饮料   | 003000 |  劲仔食品  |  11.5%   |  3.8  |  1.7  | -3.3  |  6.0  | -0.8  | 10.0  | -5.9  | -1.9  |  0.9  |  1.4  |
|   旅游酒店   | 002159 |  三特索道  |  11.5%   |       |       | 10.0  |  3.4  |  1.5  | -4.2  |  0.4  | -1.6  |  2.2  | -0.1  |
|   化学制品   | 300910 |  瑞丰新材  |  11.4%   |       |       |       |       |       |       |       |       | 11.4  |  0.0  |
|   工程建设   | 300982 |  苏文电能  |  11.3%   |       |       | 13.0  |  7.5  | -2.7  | -0.8  | -5.6  |  0.3  |  0.3  |  0.0  |
|   化学制品   | 301212 |  联盛化学  |  11.3%   |       |       |       |       |       |       |       |       | 11.3  |  0.0  |
|  光学光电子  | 688195 |  腾景科技  |  11.3%   |       |       |       |       |       |       |       |       |       | 11.3  |
|   通用设备   | 002943 |  宇晶股份  |  11.3%   | 10.0  |  4.7  | -1.6  |  3.2  | -3.5  |  4.8  | -5.5  | -2.9  |  0.2  |  2.3  |
|   纺织服装   | 300526 |  *ST中潜   |  11.2%   | 15.2  | 13.5  | -3.3  |  7.9  | -10.2 | -7.5  |  4.3  |  5.2  | -10.6 |  0.0  |
|   食品饮料   | 603886 |  元祖股份  |  11.2%   |       |       |       |       |       |       |       | 10.0  |  1.1  |  0.0  |
|   消费电子   | 300787 |  海能实业  |  11.1%   |       |       |       |       |       |       |       |       | 11.1  |  0.0  |
|     电池     | 002580 |  圣阳股份  |  11.0%   | -0.3  |  3.0  | -1.6  | 10.0  | -6.1  | 10.0  | -1.9  |  1.6  | -2.5  | -0.7  |
|  光学光电子  | 002289 |  宇顺电子  |  11.0%   |       | 10.0  |  3.0  |  1.8  |  4.5  |  3.6  | -5.3  | -1.7  | -2.3  | -2.3  |
|     教育     | 003032 |  传智教育  |  10.9%   |       |       |       |       |       |       |       |       | 10.0  |  0.8  |
|  房地产开发  | 600510 |   黑牡丹   |  10.8%   |       |       |       |       |       |       | 10.0  |  4.9  | -3.9  |  0.0  |
|   纺织服装   | 002674 |  兴业科技  |  10.8%   | 10.0  | -2.6  | -2.1  | -0.1  |  0.9  |  3.0  | -0.7  | -2.7  |  7.1  | -1.7  |
|  房地产开发  | 600077 |  宋都股份  |  10.8%   |       | 10.1  |  3.7  |  6.6  | -6.3  | -3.7  | -4.7  |  1.5  |  4.2  |  0.0  |
|    半导体    | 688037 |   芯源微   |  10.8%   | 12.3  | -2.0  |  6.7  | -4.0  |  0.1  | -2.8  | -3.9  |  2.5  | -0.9  |  3.7  |
|   电子元件   | 688020 |  方邦股份  |  10.7%   | -0.2  |  7.4  |  1.1  | -2.0  | -2.4  | -0.6  |  3.5  | -2.4  | 10.8  | -3.9  |
|   塑料制品   | 003011 |  海象新材  |  10.6%   |       |       |       |       |       | 10.0  | -1.4  | -1.4  | -0.2  |  3.8  |
|      —       | 839725 |  惠丰钻石  |  10.6%   | 15.3  | -3.9  |  5.9  |  3.6  | -3.5  |  2.2  | -6.6  | -0.2  | -1.1  |  0.0  |
|   光伏设备   | 688223 |  晶科能源  |  10.6%   | -0.8  |  0.2  | 11.7  |  1.2  |  0.5  | -3.4  |  1.9  |  2.8  | -3.0  | -0.3  |
|   通用设备   | 301268 |   铭利达   |  10.6%   |  4.8  | 14.8  |  4.2  |  0.9  | -1.4  |  3.1  | -8.2  | -4.4  | -2.0  |  0.0  |
|    半导体    | 688508 |   芯朋微   |  10.5%   | 14.0  | -4.0  |  1.7  | -3.1  |  1.7  | -2.3  | -0.8  |  1.0  |  0.8  |  2.3  |
|   软件开发   | 688095 |  福昕软件  |  10.5%   | 18.6  |  1.0  | -4.9  |  0.6  | -0.2  | -2.9  | -1.6  | -0.7  |  0.4  |  1.4  |
|   装修装饰   | 603081 |  大丰实业  |  10.5%   |       | 10.0  |  0.8  | -0.8  |  1.1  |  0.9  | -2.7  |  0.3  |  0.9  |  0.0  |
|     燃气     | 603706 |  东方环宇  |  10.4%   |       |       |       |       |       |       |       | 10.0  |  0.4  |  0.0  |
|   家电行业   | 603355 |  莱克电气  |  10.4%   |  4.5  | -0.1  | -0.7  |  1.9  |  0.0  | -4.3  | -5.5  | 10.0  |  5.1  |  0.0  |
|   专业服务   | 003008 |  开普检测  |  10.3%   | 10.0  | -1.8  |  6.5  | -1.1  | -0.1  |  2.4  |  0.8  | -4.5  | -1.4  | -0.2  |
|   专用设备   | 605288 |  凯迪股份  |  10.3%   |  3.9  | -0.5  | 10.0  | -1.6  | -2.5  |  4.7  |  0.2  |  2.8  | -6.1  |  0.0  |
|   水泥建材   | 002205 |  国统股份  |  10.3%   |       |       |       |       |       |       | 10.0  | 10.0  | -2.4  | -6.6  |
|   农牧饲渔   | 300313 |   ST天山   |  10.2%   |       |       |       |       | 15.5  | -5.8  |  5.5  |  3.1  | -6.8  |  0.0  |
|   电网设备   | 002622 |  融钰集团  |  10.1%   | -0.3  |  1.4  |  4.5  | -2.4  | -0.6  | -2.0  | 10.1  |  9.9  | -9.3  | -0.3  |
|   光伏设备   | 688032 |  禾迈股份  |  10.0%   |       |       |       |       |       |       |       |       |       | 10.1  |
|   电力行业   | 601908 |   京运通   |  10.0%   |       |       |       |       |       |       |       |       | 10.0  |  0.0  |
|     燃气     | 603053 |  成都燃气  |  10.0%   |       |       |       |       |       |       |       |       | 10.0  |  0.0  |
|   仪器仪表   | 605056 |  咸亨国际  |  10.0%   |       |       |       |       |       |       |       |       | 10.0  |  0.0  |
|   文化传媒   | 601811 |  新华文轩  |  10.0%   |       |       |       |       |       |       |       |       | 10.0  |  0.0  |
|   食品饮料   | 603719 |  良品铺子  |  10.0%   |       |       |       |       |       |       |       |       | 10.0  |  0.0  |
|   汽车整车   | 600733 |  北汽蓝谷  |  10.0%   |       |       |       |       |       |       |       |       | 10.0  |  0.0  |
|   环保行业   | 300335 |  迪森股份  |  10.0%   |       |       |       | 14.3  |  5.1  | 15.9  | -4.5  | -8.7  | -9.5  |  0.0  |
|  汽车零部件  | 600841 |  动力新科  |  10.0%   |       |       |       |       |       |       |       |       | 10.0  |  0.0  |
|  汽车零部件  | 605133 |  嵘泰股份  |  10.0%   |  2.5  | 10.0  |  2.4  |  1.9  |  1.8  |  4.5  | -1.8  | -7.9  | -2.8  |  0.0  |
|   专用设备   | 601399 |  国机重装  |   9.9%   |       |       |       |       |       |       |       |       |  9.9  |  0.0  |
|   化学制品   | 600230 |  沧州大化  |   9.9%   | 10.0  | -0.1  | -2.5  | -5.3  |  5.6  |  5.7  | -2.8  | -1.5  |  1.3  |  0.0  |
|   专用设备   | 002006 |  精功科技  |   9.8%   |       |       |       |       | 10.0  |  2.6  | -5.1  | -3.3  |  1.0  |  5.0  |
|   化学制药   | 600216 |  浙江医药  |   9.8%   |       |       |       |       | 10.0  |  4.3  | -2.5  | -0.3  | -1.6  |  0.0  |
|   仪器仪表   | 688056 |  莱伯泰科  |   9.7%   |       |       |       |       | 13.2  | -8.0  |  1.7  |  0.0  |  0.6  |  3.0  |
|   电子元件   | 002922 |   伊戈尔   |   9.7%   |  5.3  |  0.1  |  1.5  | 10.0  | -1.0  |  4.2  | -6.4  | -3.6  | -0.6  |  0.7  |
|   消费电子   | 002993 |  奥海科技  |   9.7%   |  0.8  |  2.1  | 10.0  |  7.2  | -1.1  |  0.3  | -5.7  | -4.1  |  0.9  | -0.2  |
|  光学光电子  | 002992 |  宝明科技  |   9.7%   | 10.0  |  6.3  | -2.2  |  1.2  | -1.2  |  2.8  | -5.7  | -2.9  |  5.1  | -3.0  |
|   化学制品   | 688398 |  赛特新材  |   9.6%   |       |       |       |       |       |       |       |       | 13.2  | -3.2  |
|   环保行业   | 300056 |  中创环保  |   9.6%   | 13.3  |  1.6  | -6.6  |  6.3  | -1.9  | -1.7  | -3.2  |  5.8  |  0.3  | -3.3  |
|   有色金属   | 003038 |  鑫铂股份  |   9.6%   |  5.7  |  2.4  |  1.9  |  3.0  |  3.0  | 10.0  | -4.5  | -3.6  | -6.2  | -1.4  |
|   通信设备   | 002296 |  辉煌科技  |   9.6%   |  0.8  |  0.6  |  4.2  | -1.3  | 10.0  | 10.0  | -5.3  |  3.2  | -8.1  | -3.3  |
|  光学光电子  | 002745 |   木林森   |   9.5%   |  5.8  |  6.2  | -1.7  |  4.3  | -3.3  | 10.0  | -5.9  | -3.9  | -2.5  |  1.5  |
|   纺织服装   | 600400 |  红豆股份  |   9.5%   |  0.2  |  7.7  | -2.7  | 10.1  |  0.8  |  0.7  | -1.6  | -7.3  |  2.3  |  0.0  |
|    小金属    | 002842 |  翔鹭钨业  |   9.5%   | 10.0  | 10.0  | -5.8  | -0.2  | -1.4  |  0.6  |  2.5  | -10.0 |  2.4  |  2.7  |
|   钢铁行业   | 002478 |  常宝股份  |   9.4%   |  0.2  |  2.8  | -0.7  | 10.1  | -1.0  |  2.8  | -3.2  | -1.2  | -2.8  |  2.9  |
|  房地产开发  | 000609 |  中迪投资  |   9.4%   |       | 10.0  | -1.1  | -2.4  |  2.2  |  2.7  | -4.4  | -0.2  |  0.7  |  2.0  |
|  房地产开发  | 600466 |  蓝光发展  |   9.4%   |  9.9  | 10.3  |  9.9  | -10.1 | -2.5  | -3.2  |  3.9  | -3.1  | -3.9  |  0.0  |
|   橡胶制品   | 300731 |  科创新源  |   9.3%   |       |       |       |       |       |       | 10.3  | -3.5  |  2.7  |  0.0  |
|     电机     | 003021 |  兆威机电  |   9.1%   | -1.2  | -1.6  | 10.0  |  5.0  |  4.2  | -4.8  | -7.7  |  4.2  | -7.3  | 10.0  |
|   电子元件   | 300390 |  天华超净  |   9.1%   |       |       |       |       | 13.6  | -2.2  | -4.1  | -1.5  |  4.0  |  0.0  |
|   塑料制品   | 300596 |   利安隆   |   9.1%   |       |       |       |       |       | 10.1  | -1.6  |  4.0  | -3.2  |  0.0  |
|    半导体    | 688206 |  概伦电子  |   9.1%   | 12.9  | -5.1  |  2.2  | -7.6  | -2.0  |  0.2  |  6.3  |  0.5  | -6.7  | 10.1  |
|    半导体    | 688595 |  芯海科技  |   9.1%   | 13.9  | -4.4  |  1.6  |  0.5  | -1.0  | -3.2  | -2.3  |  0.8  |  1.3  |  2.6  |
|  汽车零部件  | 000678 |  襄阳轴承  |   8.9%   |  2.8  |  2.3  |  4.1  | 10.0  | -5.4  |  1.7  |  2.4  | -5.1  | -2.5  | -0.7  |
|     燃气     | 831010 |  凯添燃气  |   8.8%   |       |       |       |       |       |       |       | 12.1  | -2.9  |  0.0  |
|   物流行业   | 603329 |  上海雅仕  |   8.8%   | 10.0  | 10.0  | -4.2  |  1.3  | -0.1  | -0.7  | -5.3  | -0.4  | -1.0  |  0.0  |
|   石油行业   | 600777 |  新潮能源  |   8.8%   |       |       |       |       |       |  9.9  |  4.5  |  3.0  | -8.1  |  0.0  |
|   通用设备   | 002686 |   亿利达   |   8.7%   |       |       |       |       |       |       |       |       | 10.0  | -1.2  |
|   船舶制造   | 600482 |  中国动力  |   8.7%   |       |       |       |       |       |       | 10.0  |  2.6  | -3.7  |  0.0  |
|  房地产服务  | 002377 |  国创高新  |   8.7%   |       |       |       |       |       |       |       |       | 10.1  | -1.3  |
|   煤炭行业   | 600188 |  兖矿能源  |   8.7%   |       |       |       |       |       |       |       | 10.0  | -1.2  |  0.0  |
|    半导体    | 688173 |   希荻微   |   8.7%   | 14.2  | -1.6  |  0.0  | -2.3  | -0.7  | -4.1  | -0.1  |  0.0  |  1.8  |  2.0  |
| 工程咨询服务 | 002116 |  中国海诚  |   8.6%   |       |       |       |       |       |       |       | 10.0  |  3.2  | -4.4  |
|   商业百货   | 600774 |  汉商集团  |   8.6%   |       |       | 10.0  | -4.4  |  3.2  |  1.2  | -4.1  |  5.3  | -2.1  |  0.0  |
|  光学光电子  | 300632 |  光莆股份  |   8.4%   |       |       |       | 17.8  | -3.2  |  3.0  | -7.1  | -4.2  |  3.7  |  0.0  |
|   通信服务   | 002908 |  德生科技  |   8.3%   |       |       |       |       | 10.0  |  0.0  | -2.6  |  0.7  | -1.0  |  1.4  |
|   石油行业   | 002221 |  东华能源  |   8.2%   |       |       | 10.1  | -4.8  |  0.3  |  1.6  | -1.9  |  2.2  | -0.2  |  1.2  |
|   化肥行业   | 000912 |   泸天化   |   8.2%   |       |       | 10.0  | -3.9  |  2.4  | -1.8  | -0.2  | -0.9  |  1.5  |  1.5  |
|   电网设备   | 000533 |  顺钠股份  |   8.2%   |  1.1  |  6.4  |  1.2  |  0.0  | -1.3  | 10.1  | -1.2  | -3.0  | -1.6  | -3.1  |
|   家电行业   | 002676 |  顺威股份  |   8.1%   |       |  9.9  |  2.1  |  0.4  | -1.5  |  2.2  | -4.5  | -1.8  | -0.5  |  2.1  |
|   专用设备   | 002490 |  山东墨龙  |   8.0%   |       |       |       |       | 10.0  |  3.8  | -3.2  |  0.9  | -4.8  |  1.8  |
|   化学制品   | 301100 |  风光股份  |   8.0%   |       |       |       | 20.0  |  2.9  | -4.2  | -4.0  | -5.8  |  1.1  |  0.0  |
|   通用设备   | 000530 |  冰山冷热  |   8.0%   | 10.0  |  1.7  | -4.5  |  2.9  | -0.2  |  1.2  |  2.1  | -1.0  | -6.0  |  2.2  |
|   石油行业   | 600256 |  广汇能源  |   7.9%   |       |       |       |       |       |       |       | 10.0  | -1.9  |  0.0  |
|  电子化学品  | 688268 |  华特气体  |   7.9%   |  9.9  |  5.7  |  2.1  | -2.1  |  0.4  | -4.2  |  0.3  | -0.3  | -3.3  | -0.2  |
|   专用设备   | 603800 |  道森股份  |   7.9%   |  3.6  |  2.0  | -0.3  | -1.3  |  1.1  | 10.0  | -1.0  |  1.2  | -7.0  |  0.0  |
|   软件开发   | 688318 |  财富趋势  |   7.8%   |       |       |       |       | 11.9  | -4.9  | -1.2  | -0.4  |  3.8  | -0.8  |
|  互联网服务  | 600446 |  金证股份  |   7.7%   |       |       |       |       |       |       |       | 10.0  | -2.1  |  0.0  |
|    半导体    | 688230 |  芯导科技  |   7.7%   | 11.9  | -5.0  |  4.3  |  0.1  | -0.7  | -4.0  | -0.6  | -1.5  | -0.4  |  4.4  |
|   环保行业   | 000551 |  创元科技  |   7.7%   |  4.1  | -1.3  |  3.9  | -1.2  | -5.5  |  2.4  | -4.6  | -4.1  | 10.0  |  4.9  |
|  汽车零部件  | 603035 |  常熟汽饰  |   7.6%   |       |       |       |       |       | 10.0  |  4.2  | -3.8  | -2.4  |  0.0  |
|   专用设备   | 603289 |  泰瑞机器  |   7.6%   |  6.7  | 10.0  | 10.0  |  0.1  | -1.8  |  0.7  | -7.1  | -5.8  | -3.7  |  0.0  |
|   电网设备   | 600379 |  宝光股份  |   7.6%   |       |       |       |       |       | 10.0  |  7.2  | -10.0 |  1.3  |  0.0  |
|   软件开发   | 002212 |   天融信   |   7.5%   |       |       |       |       | 10.0  |  6.7  | -2.3  | -2.0  | -1.4  | -3.0  |
|   电子元件   | 301021 |  英诺激光  |   7.3%   | 17.0  |  8.3  | 20.0  |  1.9  | -12.8 | -2.6  | -4.0  | -5.8  | -9.9  |  0.0  |
|   食品饮料   | 600866 |  星湖科技  |   7.3%   |  9.9  |  8.9  | -8.7  |  2.9  | -2.5  |  0.6  | -2.3  |  0.7  | -1.1  |  0.0  |
|   家电行业   | 603366 |  日出东方  |   7.3%   | 10.0  |  0.1  |  0.4  |  5.5  | 10.0  |  3.6  | -7.5  | -5.8  | -7.3  |  0.0  |
|   交运设备   | 688569 |  铁科轨道  |   7.3%   |       | 13.3  |  0.6  |  0.3  | -1.5  | -3.0  | -1.0  | -0.5  | -1.4  |  1.2  |
|   医疗器械   | 300049 |  福瑞股份  |   7.3%   |  5.2  |  0.5  | -6.3  |  4.2  | -0.1  | 12.1  | -3.5  | -1.5  | -1.8  | -0.6  |
|   生物制品   | 688235 | 百济神州-U |   7.3%   | 12.1  |  3.8  |  0.3  | -4.2  |  1.0  | -0.0  | -2.2  |  0.4  | -1.6  | -1.6  |
|   电网设备   | 300286 |   安科瑞   |   7.2%   | -0.2  |  0.0  |  1.4  |  0.8  | -1.6  |  0.2  | -5.5  | -2.3  | 15.5  |  0.0  |
|     电池     | 688006 |  杭可科技  |   7.2%   |       |       |       | 10.9  | -0.5  | -8.2  |  2.2  |  3.5  |  0.5  | -0.5  |
|   交运设备   | 300351 |  永贵电器  |   7.2%   | 11.0  |  5.4  |  0.4  |  6.9  | -1.0  |  2.5  | -8.9  | -5.2  | -2.6  |  0.0  |
|   通信设备   | 002897 |  意华股份  |   7.2%   | 10.0  |  0.5  |  6.8  | -2.8  | -5.6  |  2.2  | -1.0  | -3.1  | -2.4  |  3.5  |
|   采掘行业   | 002207 |  准油股份  |   7.1%   |  3.8  | -3.8  |  0.6  | -2.7  | -1.2  |  5.3  | -3.3  | 10.0  | -2.0  |  1.1  |
|   纺织服装   | 300005 |   探路者   |   7.1%   |       |       |       |       | 11.2  | -4.5  | -1.5  |  0.1  |  2.1  |  0.1  |
|   公用事业   | 603759 |  海天股份  |   7.1%   |       |       |       | 10.0  |  0.0  |  0.1  | -3.2  | -0.3  |  0.7  |  0.0  |
|   医疗服务   | 002173 |  创新医疗  |   7.0%   |  1.4  | -1.6  |  0.5  |  1.7  |  9.9  | -3.6  | -2.3  | -2.6  |  4.9  | -0.7  |
|   工程建设   | 603637 |  镇海股份  |   6.9%   |       |       |       | 10.0  | -3.0  |  1.4  | -3.9  |  0.0  |  2.9  |  0.0  |
|    半导体    | 688286 |  敏芯股份  |   6.9%   |  6.1  | -5.2  | 12.5  | -3.8  |  0.9  | -5.3  | -0.7  |  1.6  | -1.6  |  3.6  |
|  汽车零部件  | 300680 |  隆盛科技  |   6.9%   |       |       |       |       | 11.2  |  0.8  | -6.8  |  3.3  | -1.0  |  0.0  |
|   电子元件   | 002484 |  江海股份  |   6.8%   | 10.0  | -0.3  | -6.3  |  1.1  |  4.5  |  2.9  | -3.7  | -3.3  |  1.1  |  1.6  |
|     游戏     | 600633 |  浙数文化  |   6.7%   |       |       | 10.0  | -1.4  |  6.4  | -3.8  | -0.1  | -3.5  | -0.3  |  0.0  |
|   装修建材   | 002398 |  垒知集团  |   6.7%   |       |  9.9  |  6.4  | -0.3  | -1.6  | -0.4  | -5.8  | -0.9  |  0.2  | -0.2  |
|   煤炭行业   | 601001 |  晋控煤业  |   6.6%   |       |       |       |       |       |       |       | 10.0  | -3.1  |  0.0  |
|   有色金属   | 301266 |  宇邦新材  |   6.5%   |  9.8  | -1.4  |  9.2  | -3.1  |  4.8  |  6.8  | -4.8  | -7.9  | -5.2  |  0.0  |
|   化肥行业   | 002538 |   司尔特   |   6.5%   |       |       |       |       | 10.0  | -1.6  | -1.5  | -0.6  |  0.9  | -0.6  |
|   通用设备   | 603088 |  宁波精达  |   6.4%   | -1.0  | 10.0  | -2.5  |  0.8  |  2.3  | -1.2  | -5.1  | -2.9  |  6.7  |  0.0  |
|   家用轻工   | 300729 |  乐歌股份  |   6.4%   |       |       |       |       |       |       |       | 16.3  | -8.5  |  0.0  |
|   综合行业   | 600051 |  宁波联合  |   6.4%   |       |       |       |       | 10.1  |  2.7  |  1.2  | -3.5  | -3.7  |  0.0  |
|   化学制药   | 002773 |  康弘药业  |   6.4%   |       |       |       |       |       |       | 10.0  | -2.2  |  1.2  | -2.3  |
|   塑料制品   | 301193 |  家联科技  |   6.3%   |       |       |       |       |       |       |       | 15.9  | -8.3  |  0.0  |
|   煤炭行业   | 600508 |  上海能源  |   6.3%   |       |       |       |       |       |       |       | 10.0  | -3.4  |  0.0  |
|   生物制品   | 688331 |  荣昌生物  |   6.3%   | 12.7  |  1.4  | -2.0  |  0.3  | -0.9  | -2.4  | -1.9  |  3.7  | -2.4  | -1.4  |
|   能源金属   | 002466 |  天齐锂业  |   6.3%   |       |       |       |       | 10.0  |  0.8  | -1.6  | -5.6  |  2.7  |  0.5  |
|   专用设备   | 301158 |  德石股份  |   6.2%   |       |       |       |       |       |       |       | 17.3  | -9.5  |  0.0  |
|  光学光电子  | 688205 |  N德科立   |   6.2%   |       |       | 25.8  | -7.7  |  4.1  | -7.5  | -4.5  | -1.2  | -0.6  |  1.2  |
|   医疗器械   | 603976 |  正川股份  |   6.1%   | 10.0  |  6.8  | -2.5  | -1.5  |  0.5  | -0.9  | -3.7  | -1.7  | -0.3  |  0.0  |
|   文化传媒   | 002292 |  奥飞娱乐  |   6.0%   | -1.3  | -0.2  |  1.3  |  4.7  | 10.0  | -0.9  |  3.2  | -6.4  | -4.1  |  0.4  |
|   航运港口   | 002040 |   南京港   |   5.8%   |       |       |       |       |       |       |       | 10.0  | -1.6  | -2.2  |
|     燃气     | 600333 |  长春燃气  |   5.8%   |       |       |       |       |       | 10.0  |  2.7  | -2.0  | -4.5  |  0.0  |
|   通用设备   | 000595 |  宝塔实业  |   5.8%   | 10.1  | 10.0  | 10.0  | -4.6  | -3.2  | -5.1  | -6.3  | -2.8  | -5.1  |  5.0  |
|   电力行业   | 600979 |  广安爱众  |   5.7%   | 10.1  |  9.9  | -6.9  |  0.8  |  1.3  |  1.5  | -3.5  | -4.1  | -2.1  |  0.0  |
|   电力行业   | 600644 |  乐山电力  |   5.7%   |  9.9  | 10.0  | 10.0  | -1.4  |  4.7  | -9.7  | -9.8  | -1.6  | -4.0  |  0.0  |
|   商业百货   | 000058 |   深赛格   |   5.6%   |       | 10.0  | -1.5  |  0.3  | -3.9  | 10.0  | -1.7  |  1.6  | -6.9  | -1.2  |
|  光学光电子  | 603679 |  华体科技  |   5.6%   |  3.5  | -0.3  | -1.6  |  0.6  | 10.0  |  4.2  | -6.9  |  1.1  | -4.1  |  0.0  |
|   专用设备   | 603011 |  合锻智能  |   5.5%   |       |       |       |       |       | 10.0  |  5.8  | -5.2  | -4.4  |  0.0  |
|   光伏设备   | 301168 |  通灵股份  |   5.5%   | 12.3  | -0.1  | -1.5  |  1.9  |  0.3  |  3.7  | -7.1  |  2.1  | -5.1  |  0.0  |
|   医疗服务   | 300143 |  盈康生命  |   5.5%   | 16.6  | -3.1  | -0.2  |  1.1  | -2.9  |  0.0  | -4.4  |  1.4  | -1.4  | -0.2  |
|     中药     | 600750 |  江中药业  |   5.5%   |       |       |       |       | 10.0  | -0.7  | -2.2  | -0.1  | -1.1  |  0.0  |
| 工程咨询服务 | 000928 |  中钢国际  |   5.5%   | 10.0  |  3.7  | -2.4  |  0.0  | -2.1  |  0.0  | -3.5  |  1.1  | -1.4  |  0.6  |
|   有色金属   | 688456 |  有研粉材  |   5.4%   |       |       |       | 12.0  | -1.2  | -1.1  |  1.8  | -4.3  | -3.6  |  2.6  |
|   装修装饰   | 002375 |  亚厦股份  |   5.4%   | 10.1  | 10.1  | -3.6  | -2.9  | -1.3  | -0.2  | -4.2  |  0.4  | -1.2  | -0.8  |
|   专业服务   | 003035 |  南网能源  |   5.4%   |       | 10.0  |  1.7  | -2.9  | -1.6  | -0.1  | -3.8  |  0.9  |  0.7  |  0.9  |
|   橡胶制品   | 600469 |  风神股份  |   5.3%   | -0.6  |  1.7  |  3.9  |  0.0  | -3.0  | 10.0  |  0.9  | -2.4  | -4.6  |  0.0  |
|   通用设备   | 002480 |  新筑股份  |   5.3%   | 10.0  | -0.5  |  2.5  | -1.1  |  1.0  |  0.8  | -4.3  | -1.9  | -0.3  | -0.3  |
|   家用轻工   | 002575 |  群兴玩具  |   5.1%   |  9.9  |  0.7  | -5.1  |  2.4  |  4.6  |  0.8  |  2.0  | -8.8  |  0.9  | -1.4  |
|   电源设备   | 002630 |  华西能源  |   5.1%   |       | 10.1  | 10.2  |  0.9  | -8.1  |  4.4  | -4.8  | -5.0  | -2.0  |  1.0  |
|  房地产开发  | 000965 |  天保基建  |   5.1%   |       |       |       |       |       |       |       | 10.0  | -3.5  | -1.1  |
|   文化传媒   | 600996 |  贵广网络  |   5.1%   | -0.2  |  1.5  | -2.1  | -3.4  |  4.8  |  3.5  | -7.2  | -1.0  | 10.0  |  0.0  |
|   贸易行业   | 000829 |  天音控股  |   5.0%   | -2.9  |  1.9  |  6.8  | 10.0  |  1.4  | -4.8  | -4.7  | -3.7  |  3.5  | -1.5  |
|    小金属    | 002056 |  横店东磁  |   4.9%   |       |       |       | 10.0  |  0.8  |  1.4  | -6.1  | -2.6  |  0.5  |  1.7  |
|   通用设备   | 688003 |  天准科技  |   4.9%   |       |       |       |       | 11.4  | -7.0  |  0.7  | -3.0  | -1.0  |  4.9  |
|  互联网服务  | 688258 |  卓易信息  |   4.9%   | 16.2  |  4.8  | -6.0  |  0.2  |  3.4  | -6.2  | -3.6  | -1.6  | -0.9  |  0.4  |
|   消费电子   | 603327 |  福蓉科技  |   4.9%   |  6.9  | -1.2  |  2.9  | 10.0  | -2.0  |  1.2  | -7.5  | -2.4  | -2.0  |  0.0  |
|     电机     | 603728 |  鸣志电器  |   4.9%   |  3.0  | 10.0  |  0.0  | 10.0  | -1.1  |  2.1  | -10.0 |  2.9  | -10.0 |  0.0  |
|  汽车零部件  | 002997 |  瑞鹄模具  |   4.9%   |  0.3  |  3.5  | -1.3  | 10.0  |  5.5  |  3.0  | -6.9  | -3.1  | -6.0  |  1.0  |
|   专用设备   | 603015 |  弘讯科技  |   4.8%   |  4.5  | 10.0  | 10.0  | -6.2  | -1.6  |  4.8  | -6.8  | -10.0 |  2.1  |  0.0  |
|   家电行业   | 000810 |  创维数字  |   4.7%   |       |       | 10.0  |  8.8  |  2.5  | -6.3  | -4.8  | -3.7  | -3.6  |  3.1  |
|  汽车零部件  | 605333 |  沪光股份  |   4.7%   |  0.9  |  6.9  | -4.0  | 10.0  | -3.5  | 10.0  | -4.4  | -7.5  | -2.2  |  0.0  |
|   化学原料   | 000818 |  航锦科技  |   4.7%   |       |       |       |       |       |       |       |       |  9.9  | -4.8  |
|  汽车零部件  | 300681 |   英搏尔   |   4.6%   |       |       |       | 10.2  |  1.6  |  1.1  | -7.2  | -1.8  |  1.5  |  0.0  |
|   通信服务   | 300959 |  线上线下  |   4.5%   |       |       |       |       |       |       | 12.4  | -3.7  | -3.5  |  0.0  |
|   专用设备   | 605286 |  同力日升  |   4.5%   |  5.0  | 10.0  | -4.4  | -0.6  |  5.0  |  0.9  | -4.2  | -1.5  | -4.8  |  0.0  |
|   装修装饰   | 000055 |  方大集团  |   4.4%   |  1.0  | 10.0  | -0.2  | -1.1  | -1.7  |  1.5  | -4.5  | -0.6  | -0.2  |  0.6  |
|  非金属材料  | 603688 |  石英股份  |   4.4%   |       | 10.0  | -1.0  | -5.5  |  2.0  | 10.0  | -3.1  | -4.2  | -2.7  |  0.0  |
|   食品饮料   | 002847 |  盐津铺子  |   4.3%   |       | 10.0  | -2.3  | -1.4  | -1.1  | -0.2  | -0.8  |  0.5  |  1.3  | -1.3  |
|   综合行业   | 600673 |   东阳光   |   4.2%   |       |       | 10.0  |  7.0  |  0.2  | -0.9  | -5.2  | -4.6  | -1.5  |  0.0  |
|   专用设备   | 002960 |  青鸟消防  |   4.2%   |  0.8  | 10.0  | -1.7  | -1.1  |  2.7  |  1.6  | -7.8  | -2.4  | -0.9  |  3.9  |
|   装修建材   | 603992 |  松霖科技  |   4.1%   |       |       |       |       |       |       | 10.0  |  1.7  | -7.0  |  0.0  |
|  汽车零部件  | 300926 |  博俊科技  |   4.0%   |       |       |       |       |       |       |       | 10.8  | -6.1  |  0.0  |
|   医疗器械   | 688105 |   诺唯赞   |   4.0%   | 10.8  |  0.2  | -1.6  | -3.0  |  2.4  | -2.1  | -1.5  | -0.4  | -1.9  |  1.9  |
|   多元金融   | 000416 |  民生控股  |   3.9%   |       |       |       |       |       |       |       |  9.9  | -5.5  |  0.0  |
|  非金属材料  | 300395 |   菲利华   |   3.9%   |  1.9  |  4.1  | -2.4  | 10.7  |  0.5  |  1.6  | -3.4  |  0.2  | -8.2  |  0.0  |
|   铁路公路   | 603069 |  海汽集团  |   3.9%   |       |       |       |       |       |       | 10.0  | -5.8  |  0.3  |  0.0  |
|   装修建材   | 002918 |  蒙娜丽莎  |   3.8%   |       | 10.0  | -3.9  | -1.5  | -0.4  |  0.5  | -4.2  |  1.6  | -2.4  |  4.8  |
|   风电设备   | 601218 |  吉鑫科技  |   3.7%   |       | 10.0  |  1.4  |  0.3  | -2.1  |  0.9  | -2.9  | -2.2  | -1.1  |  0.0  |
|  光学光电子  | 000020 |  深华发Ａ   |   3.5%   |       |       |       |       |       | 10.0  | 10.0  | -6.5  | -5.8  | -2.9  |
|   塑料制品   | 002395 |  双象股份  |   3.5%   | -0.3  |  5.8  | -2.0  |  2.2  | 10.0  | -4.5  | -0.5  |  5.3  | -10.0 | -1.0  |
|   通用设备   | 000890 |   法尔胜   |   3.5%   | 10.0  | -1.8  | -1.6  |  0.0  | -0.8  |  1.0  |  2.2  | -4.4  | -2.9  |  2.4  |
|  汽车零部件  | 603701 |  德宏股份  |   3.5%   |       |       |       | 10.0  |  1.6  |  8.9  | -0.7  | -10.0 | -4.9  |  0.0  |
|   电源设备   | 300870 |   欧陆通   |   3.5%   |  2.8  |  3.5  |  9.7  | -1.7  | -4.7  |  5.2  | -7.5  | -4.1  |  1.4  |  0.0  |
|   光伏设备   | 002129 |  TCL中环   |   3.4%   | 10.0  | -2.1  |  0.1  |  1.4  |  1.6  |  1.1  | -1.9  | -2.6  | -3.3  | -0.2  |
|  光学光电子  | 000045 |  深纺织Ａ   |   3.4%   |       |       | 10.1  | 10.1  | 10.0  | 10.0  | -8.0  | -10.0 | -10.0 | -5.3  |
|   通信设备   | 603712 |   七一二   |   3.4%   |  0.4  | -1.9  | -1.1  | 10.0  |  2.7  | -1.6  | -4.3  |  1.8  | -2.0  |  0.0  |
|   电源设备   | 002665 |  首航高科  |   3.4%   |  0.2  |  6.7  |  2.4  | -3.8  | -0.2  | 10.0  | -3.7  | -3.7  | -1.4  | -2.2  |
|   软件开发   | 688083 |  中望软件  |   3.4%   | 20.0  |  0.8  | -6.5  | -2.9  | -0.7  | -3.5  |  1.7  | -4.4  | -1.0  |  2.1  |
|  光学光电子  | 000413 |  东旭光电  |   3.4%   |       |       |       |  9.9  | -4.1  |  7.6  | -5.3  | -1.4  | -1.9  | -0.5  |
|   航运港口   | 000507 |   珠海港   |   3.3%   |       |       |       |       |       |       |       | 10.0  | -1.9  | -4.2  |
|   消费电子   | 603633 |  徕木股份  |   3.3%   |  0.9  |  5.1  |  2.5  | 10.0  | -2.8  |  0.9  | -7.4  | -3.5  | -1.4  |  0.0  |
|   化学原料   | 603067 |  振华股份  |   3.1%   | 10.0  | 10.0  | -2.9  |  6.3  |  0.4  |  5.0  | -10.0 | -7.1  | -6.4  |  0.0  |
|   工程建设   | 002628 |  成都路桥  |   3.1%   | -0.8  |  1.4  |  0.6  | -1.7  |  1.4  | -0.8  | -2.0  | 10.0  |  1.0  | -5.4  |
|    半导体    | 688213 |  思特威-W  |   3.0%   | 14.1  | -4.8  |  0.3  | -2.3  |  1.1  | -0.8  | -2.5  |  1.0  | -3.9  |  2.0  |
|   专用设备   | 002786 |  银宝山新  |   3.0%   | 10.0  |  0.5  | -3.1  |  4.3  | -1.3  | -0.4  | -5.0  | -3.4  |  0.5  |  1.8  |
|   农药兽药   | 001231 |  农心科技  |   2.9%   |       |       |       |       | 10.0  | 10.0  |  6.5  | -10.0 | -3.0  | -8.4  |
|   电网设备   | 603050 |  科林电气  |   2.9%   |       |       |       | 10.0  |  6.5  |  0.9  | -2.2  | -8.2  | -3.0  |  0.0  |
|   文化传媒   | 002238 |  天威视讯  |   2.9%   |       |       |       |       |       | 10.0  | -3.5  |  3.5  | -6.2  | -0.1  |
|   铁路公路   | 600834 |  申通地铁  |   2.8%   | 10.0  | -0.4  | -1.4  |  0.2  |  0.0  | -0.9  | -2.9  |  0.3  | -1.6  |  0.0  |
|     证券     | 000686 |  东北证券  |   2.8%   |       |       |       |       |       |       |       | 10.1  | -4.8  | -1.9  |
|   消费电子   | 002885 |   京泉华   |   2.8%   | 10.0  |  6.8  | -2.5  |  2.0  | -0.2  |  3.2  | -10.0 | -4.6  |  0.4  | -1.0  |
|   通用设备   | 002514 |  宝馨科技  |   2.7%   | -1.1  |  2.7  |  2.4  |  5.1  | -1.5  |  0.5  | -8.4  | -4.7  | -1.2  | 10.0  |
|   有色金属   | 002501 |  利源精制  |   2.7%   |       |       |       |       |       |       |       |  9.8  | -4.9  | -1.7  |
|  汽车零部件  | 002865 |  钧达股份  |   2.7%   | 10.0  |  0.7  | -5.7  | -1.4  | -1.2  |  5.0  | -2.1  | -2.8  | -2.8  |  4.0  |
|   电源设备   | 002335 |  科华数据  |   2.6%   | 10.0  |  3.8  |  0.1  |  3.5  | -0.4  |  8.5  | -6.9  | -0.6  | -10.0 | -3.6  |
|   电网设备   | 002346 |  柘中股份  |   2.6%   | 10.0  | 10.0  | -2.4  |  3.2  | -3.0  |  0.1  | -3.3  | -4.8  | -0.3  | -5.6  |
|   仪器仪表   | 002849 |  威星智能  |   2.5%   |       |       |       |       |       |       |       | 10.0  | -2.8  | -4.1  |
|   工程机械   | 002272 |  川润股份  |   2.5%   | 10.1  | 10.0  | 10.0  | 10.0  | -10.0 | -8.2  | -9.9  | -4.5  | -5.5  |  4.2  |
|  汽车零部件  | 000700 |  模塑科技  |   2.4%   |  0.2  |  2.3  |  0.2  |  0.7  |  0.5  |  9.9  | -5.1  | -2.8  | -1.6  | -1.2  |
|   化纤行业   | 600889 |  南京化纤  |   2.4%   |       |       | 10.0  | -3.1  | -0.4  |  0.9  | -2.8  | -1.1  | -0.6  |  0.0  |
|  互联网服务  | 002380 |  科远智慧  |   2.4%   |       |       | 10.0  |  5.5  | -3.6  |  4.1  | -7.9  | -6.4  | -1.1  |  3.3  |
|  房地产开发  | 600208 |  新湖中宝  |   2.3%   | 10.0  | -3.5  |  1.8  | -1.8  | -0.7  | -0.7  | -1.9  |  1.1  | -1.5  |  0.0  |
|     游戏     | 600892 |  大晟文化  |   2.3%   | -1.9  |  2.4  | -0.2  |  0.0  |  9.9  | -2.2  | -1.7  |  1.9  | -5.2  |  0.0  |
|   家电行业   | 605117 |  德业股份  |   2.3%   |       |       |       | 10.0  | -2.8  |  3.3  |  0.2  | -3.7  | -4.1  |  0.0  |
|  计算机设备  | 002835 |  同为股份  |   2.2%   |  2.7  | -2.2  | -1.0  | 10.0  | -2.5  |  2.5  | -4.7  | -2.4  | -2.5  |  3.0  |
|   化学制品   | 002319 |  乐通股份  |   2.2%   |       |       |       |       |       | 10.0  | -4.3  | -1.5  | -0.6  | -0.8  |
|   能源金属   | 002240 |  盛新锂能  |   2.1%   |       |       |       |       | 10.0  |  1.2  | -4.8  | -4.1  |  2.2  | -1.7  |
|   塑料制品   | 600143 |  金发科技  |   2.0%   |       |       |       |       |       | 10.0  | -4.7  | -3.8  |  1.1  |  0.0  |
|   水泥建材   | 600477 |  杭萧钢构  |   2.0%   | -1.2  |  3.5  |  5.3  | 10.1  | -1.5  |  1.5  | -5.6  | -6.7  | -2.4  |  0.0  |
|   软件开发   | 603138 |  海量数据  |   2.0%   |  0.1  |  1.6  | -5.0  |  1.4  |  0.5  | 10.0  |  4.9  | -3.8  | -6.9  |  0.0  |
|  汽车零部件  | 002906 |  华阳集团  |   1.9%   |       |       |       |       | 10.0  | -1.8  | -4.5  | -2.4  |  2.4  | -1.2  |
|   钢铁行业   | 000629 |  攀钢钒钛  |   1.9%   |       | 10.1  |  0.9  | -1.9  |  4.9  | -2.3  | -6.6  | -0.6  | -1.9  |  0.3  |
|   石油行业   | 002778 |  中晟高科  |   1.9%   |       |       |       |       |       |       | 10.0  | 10.0  | -10.0 | -6.4  |
|  光学光电子  | 300331 |  苏大维格  |   1.8%   |  4.1  | 15.2  |  0.9  | 15.0  | -3.8  | -4.1  | -12.4 | -6.3  | -3.3  |  0.0  |
|   文化传媒   | 000802 |  北京文化  |   1.8%   |       |       |       |       |       |       |       |  9.9  | -6.4  | -1.1  |
|  汽车零部件  | 603982 |  泉峰汽车  |   1.8%   | -1.5  | 10.0  |  4.4  |  1.8  |  5.5  | -3.9  | -6.8  | -4.7  | -1.9  |  0.0  |
|   有色金属   | 002806 |  华锋股份  |   1.7%   |  1.4  |  2.3  | -2.8  | 10.0  |  4.7  |  3.7  | -2.8  | -7.7  |  2.3  | -7.9  |
|     游戏     | 002445 |  中南文化  |   1.5%   |       |       |  9.9  | 10.2  |  9.9  | -6.2  | -9.9  | -10.0 | -0.4  |  0.8  |
|  光学光电子  | 300650 |  太龙股份  |   1.5%   | 14.3  |  7.9  | -2.6  | -7.1  |  0.6  | -7.3  | -6.2  | -1.0  |  5.0  |  0.0  |
|   医疗服务   | 688238 |  和元生物  |   1.4%   |       |  9.9  | -2.6  | -1.5  |  0.3  | -2.5  | -1.8  | -1.1  | -1.3  |  2.6  |
|   通用设备   | 002026 |  山东威达  |   1.3%   |       |       |       |       |       | 10.0  | -1.0  | -5.2  |  1.1  | -2.9  |
|   医疗器械   | 300273 |  *ST和佳   |   1.2%   | 11.3  |  3.9  | -3.4  |  0.0  |  2.8  | -6.9  | -0.8  |  0.4  | -5.0  |  0.0  |
|  光学光电子  | 002217 |   合力泰   |   1.1%   | 10.1  | -3.1  | -0.9  |  0.3  |  4.3  | -0.9  | -4.7  | -1.2  | -2.8  |  1.0  |
|  光学光电子  | 300566 |  激智科技  |   1.1%   |       |       |       | 20.0  |  1.9  | -3.5  | -8.3  |  0.5  | -7.1  |  0.0  |
|   通用设备   | 002150 |  通润装备  |   1.0%   | -0.1  |  4.3  | 10.0  | -1.7  | -4.2  |  1.0  | -6.0  |  0.0  | -2.5  |  1.1  |
|    半导体    | 605588 |  冠石科技  |   0.9%   |       |       |       | 10.0  | 10.0  |  4.5  | -8.9  | -7.0  | -5.8  |  0.0  |
|  光学光电子  | 002449 |  国星光电  |   0.8%   | 10.0  | -0.3  |  1.4  | -0.1  | -2.5  | -1.5  | -4.0  | -2.6  | -0.6  |  1.7  |
|     证券     | 002926 |  华西证券  |   0.8%   | -2.5  | -0.8  | 10.0  | -4.6  | -1.0  |  3.2  |  1.2  | -0.2  | -3.9  |  0.1  |
|   电网设备   | 002546 |  新联电子  |   0.8%   |  1.1  |  0.0  |  2.3  |  1.3  |  9.9  | -3.5  | -1.9  |  1.9  | -3.4  | -6.2  |
|   专业服务   | 002564 |  天沃科技  |   0.7%   | -2.4  |  5.6  | 10.1  | -1.8  | -6.2  |  4.0  | -8.4  | -3.4  |  1.6  |  2.9  |
|     教育     | 300338 |   ST开元   |   0.6%   |       |       |       |       | 10.2  | -6.8  |  0.6  |  1.5  | -4.1  |  0.0  |
|  汽车零部件  | 002921 |  联诚精密  |   0.5%   |  1.3  |  1.4  | 10.0  | -3.0  | -2.7  |  4.0  | -6.3  | -5.4  | -0.1  |  2.3  |
|      —       | 834062 |  科润智控  |   0.5%   |  1.1  |  1.4  |  3.4  | 11.5  | -2.7  |  2.8  | -1.1  | -10.9 | -3.5  |  0.0  |
|   有色金属   | 603527 |  众源新材  |   0.5%   | -0.9  | 10.0  | -5.0  |  5.1  |  2.1  |  0.4  | -4.1  | -5.8  | -0.4  |  0.0  |
|   通信设备   | 002792 |  通宇通讯  |   0.5%   |       |       |       | 10.0  |  2.5  |  0.5  | -5.4  | -4.7  |  0.3  | -2.1  |
|    半导体    | 688256 |  寒武纪-U  |   0.2%   | 10.3  | -4.1  |  5.5  | -1.8  |  0.3  | -3.1  | -4.0  | -1.5  | -0.7  |  0.2  |
|  光学光电子  | 300219 |  鸿利智汇  |   0.2%   |       |       | 10.8  |  3.9  |  3.0  | -3.0  | -7.6  | -1.8  | -2.7  | -1.4  |
|   软件开发   | 002405 |  四维图新  |   0.1%   |       |       | 10.0  |  0.4  | -1.8  | -0.1  | -4.3  |  1.7  | -4.0  | -1.2  |
|   通信设备   | 600345 |  长江通信  |   0.0%   | 10.0  | -3.4  |  1.8  | -0.5  | -1.9  | -1.5  | -2.3  | -0.7  | -0.9  |  0.0  |
|   装修建材   | 003012 |  东鹏控股  |  -0.0%   |       | 10.0  | -0.1  | -3.5  |  0.9  | -1.8  | -3.4  |  0.0  | -2.5  |  0.9  |
|   电力行业   | 001289 |  龙源电力  |  -0.1%   |       |       | 10.0  | -3.9  | -0.7  |  0.5  | -7.2  |  1.6  | -1.4  |  1.8  |
|     电机     | 603320 |  迪贝电气  |  -0.3%   |       |       |       | 10.0  | -2.2  |  0.7  | -6.3  | -1.7  |  0.0  |  0.0  |
|   电力行业   | 001896 |  豫能控股  |  -0.6%   |  3.6  |  0.9  | -0.2  | -2.0  | -1.9  | 10.1  | -2.8  | -3.3  | -2.3  | -2.0  |
|   电力行业   | 603693 |  江苏新能  |  -0.6%   |       |       | 10.0  | -1.9  | -1.7  | -1.3  | -5.5  |  0.1  |  0.4  |  0.0  |
|    半导体    | 688047 |  龙芯中科  |  -0.8%   | 20.0  | -9.2  | -0.4  | -1.9  |  0.9  | -6.4  |  0.5  | -0.7  | -1.9  |  0.8  |
|   能源金属   | 301219 |  腾远钴业  |  -0.8%   | 12.3  |  4.4  | -2.9  |  0.8  | -2.8  | -1.2  | -5.0  |  1.0  | -6.1  |  0.0  |
|   电网设备   | 603530 |  神马电力  |  -0.8%   |  1.0  |  3.9  | 10.0  | -0.6  | -6.5  |  0.7  | -7.0  | -4.5  |  3.3  |  0.0  |
|   电网设备   | 002606 |  大连电瓷  |  -1.0%   |  2.8  |  2.3  | 10.0  | -2.4  | -0.1  |  2.9  | -9.9  | -4.4  | -3.5  |  2.7  |
|   通信服务   | 002148 |  北纬科技  |  -1.0%   |  0.3  | -1.5  | -4.0  |  4.1  | -5.1  |  0.5  | -6.8  | 10.0  | -6.9  | 10.1  |
|   有色金属   | 601388 |  怡球资源  |  -1.1%   | -1.4  |  2.9  | -4.9  |  1.0  | 10.1  |  4.5  | -3.1  | -4.4  | -4.6  |  0.0  |
|   公用事业   | 000605 |  渤海股份  |  -1.2%   |  0.3  |  2.0  | 10.1  | -1.5  | -5.3  |  0.7  |  4.8  | 10.0  | -10.0 | -9.9  |
|  计算机设备  | 002308 |  威创股份  |  -1.3%   |  9.9  |  2.0  | 10.0  | -10.0 | -1.2  | -4.3  | -4.5  | -2.1  | -1.8  |  2.5  |
|   环保行业   | 603324 |  盛剑环境  |  -1.3%   | -0.6  |  3.9  | -2.6  | -0.2  | -3.4  |  2.8  | -4.0  | 10.0  | -6.3  |  0.0  |
|   装修建材   | 000619 |  海螺新材  |  -1.5%   | 10.0  | -4.1  | -2.3  | -3.2  |  0.3  |  2.2  | -4.2  | -0.8  | -0.3  |  1.8  |
|   家用轻工   | 002103 |  广博股份  |  -1.5%   |       |       |       |       | 10.0  | -3.2  |  1.2  | -3.4  | -5.0  | -0.4  |
|   专用设备   | 002209 |   达意隆   |  -1.5%   | -0.6  |  2.6  | -0.1  | -0.8  |  1.8  | -1.5  | -2.2  | 10.0  | -9.1  | -0.7  |
|  汽车零部件  | 600933 |   爱柯迪   |  -1.5%   | -7.3  |  5.5  |  0.0  | 10.0  | -4.6  |  1.3  | -6.6  |  3.1  | -1.6  |  0.0  |
|   消费电子   | 600898 |  国美通讯  |  -1.6%   | 10.0  |  0.0  | -2.2  |  0.1  |  5.5  | -4.5  | -5.1  | -1.9  | -2.5  |  0.0  |
|   商业百货   | 600778 |  友好集团  |  -1.6%   |       |       |       |       | 10.1  | -4.8  | -2.8  |  0.0  | -3.3  |  0.0  |
|  汽车零部件  | 301192 |   N泰祥    |  -1.6%   | -11.6 | -1.7  | -6.9  | 20.0  |  6.2  | -3.4  |  9.0  | -2.7  | -6.8  |  0.0  |
|   有色金属   | 600338 |  西藏珠峰  |  -1.7%   | 10.0  | -0.9  | -3.2  | -1.4  |  5.5  | -4.1  | -4.1  | -1.5  | -1.0  |  0.0  |
|     电机     | 002801 |  微光股份  |  -1.7%   |  3.0  | -0.7  | -1.7  | 10.0  | -4.0  |  1.0  | -7.5  | -0.9  | -0.7  |  0.7  |
|   装修建材   | 001216 |  华瓷股份  |  -2.0%   |  2.5  | -1.3  |  1.4  |  0.7  | 10.0  | -4.2  | -6.8  | -2.5  | -4.6  |  3.9  |
|  光学光电子  | 605218 |  伟时电子  |  -2.1%   |       |       |       | 10.0  |  0.1  |  1.6  | -6.8  | -6.4  |  0.3  |  0.0  |
|   消费电子   | 301180 |  万祥科技  |  -2.1%   |       |       |       | 12.6  |  4.6  | -7.8  |  0.5  | -3.7  | -7.0  |  0.0  |
|   消费电子   | 003028 |  振邦智能  |  -2.2%   |  6.1  |  3.0  | -3.0  | 10.0  | -2.4  | 10.0  | -6.3  | -10.0 | -8.0  |  0.8  |
|   铁路公路   | 603032 |  德新交运  |  -2.2%   | 10.0  |  1.3  | -2.4  |  1.8  | -2.7  |  1.9  | -4.7  | -4.5  | -2.2  |  0.0  |
|   电网设备   | 601616 |  广电电气  |  -2.2%   |       | 10.0  | -3.9  | -1.3  |  0.8  | -0.3  | -4.2  | -0.3  | -2.5  |  0.0  |
|   装修装饰   | 002713 |  东易日盛  |  -2.3%   | -2.7  | 10.0  |  0.9  | -3.2  |  0.6  | -1.4  | -3.7  | -2.2  | -1.5  |  1.5  |
|   通信设备   | 300563 |  神宇股份  |  -2.3%   |       |       |       |       |       | 10.7  | -6.3  | -5.4  | -0.4  |  0.0  |
|   石油行业   | 000819 |  岳阳兴长  |  -2.3%   |  2.7  | 10.0  | -0.6  | -5.8  |  1.2  | -2.0  | -4.8  | -3.4  | -3.1  |  4.5  |
|   通用设备   | 301163 |  宏德股份  |  -2.4%   |       | 10.0  |  1.2  |  1.5  | -1.0  | -2.6  | -2.8  | -6.8  | -1.3  |  0.0  |
|   水泥建材   | 002743 |  富煌钢构  |  -2.5%   |       | 10.0  | -4.3  | -1.2  | -0.3  | -0.1  | -4.3  |  0.0  | -1.9  |  0.3  |
|   环保行业   | 301030 |  仕净科技  |  -2.5%   |  3.0  | 10.4  | -0.2  | -0.2  | -2.8  |  4.8  | -11.4 | -5.1  |  0.5  |  0.0  |
|  汽车零部件  | 300745 |  欣锐科技  |  -2.7%   |       |       |       | 10.3  |  0.0  |  4.4  | -5.9  | -10.6 |  0.5  |  0.0  |
|     教育     | 002621 |   美吉姆   |  -2.7%   | 10.1  | -3.7  |  0.2  | -3.8  | -1.5  | -2.8  | -4.5  |  1.4  |  0.0  |  2.8  |
|   专用设备   | 300382 |   斯莱克   |  -2.7%   |       |       | 12.4  |  0.5  |  0.5  |  5.2  | -11.1 | -0.9  | -7.6  |  0.0  |
|   商业百货   | 603031 |  安孚科技  |  -2.8%   |  0.6  |  0.6  |  3.9  | 10.0  | -4.0  | -0.1  | -4.7  | -5.3  | -2.9  |  0.0  |
|   消费电子   | 002888 |  惠威科技  |  -3.0%   |       |       |       |       | 10.0  | 10.0  | 10.0  | -10.0 | -10.0 | -10.0 |
|   电网设备   | 002451 |  摩恩电气  |  -3.0%   |       | 10.0  | -1.5  |  4.4  | -2.8  | -1.3  | -5.0  | -4.9  | -1.6  |  0.6  |
|   塑料制品   | 002341 |  新纶新材  |  -3.0%   | -1.5  |  2.9  |  0.9  | 10.0  | -5.4  |  3.5  | -6.3  | -8.4  |  1.2  |  1.4  |
|   通用设备   | 002347 |  泰尔股份  |  -3.2%   |  3.1  | 10.0  | -3.6  | -0.9  | -3.9  |  0.4  | -6.3  | -2.6  |  1.0  |  0.4  |
|   通用设备   | 000880 |  潍柴重机  |  -3.2%   | -0.6  |  3.6  |  0.4  | 10.0  | -6.5  |  0.4  | -5.2  | -4.8  | -0.8  |  1.2  |
|   电网设备   | 603577 |   汇金通   |  -3.3%   |  0.1  | 10.0  | -2.5  | -0.8  | -1.6  |  2.1  | -6.7  | -2.9  | -0.2  |  0.0  |
|  汽车零部件  | 603335 |   迪生力   |  -3.3%   | -0.5  | 10.1  |  0.9  |  4.2  | -3.4  |  1.2  | -1.2  | -10.0 | -3.4  |  0.0  |
|  汽车零部件  | 605208 |   永茂泰   |  -3.4%   | -3.8  |  4.0  |  1.1  | 10.0  | -1.0  |  0.4  | -7.9  | -2.4  | -2.9  |  0.0  |
|   装修装饰   | 002830 |  名雕股份  |  -3.4%   |       | 10.0  |  1.4  |  2.3  |  4.6  | -10.0 | -10.0 |  0.5  | -2.1  |  1.5  |
|   塑料制品   | 601208 |  东材科技  |  -3.5%   |       |       |       | 10.0  | -2.8  | -1.0  | -5.9  | -3.3  |  0.1  |  0.0  |
|   仪器仪表   | 300112 |  万讯自控  |  -3.5%   |       |  9.9  | -4.1  |  1.7  | -2.4  |  1.4  | -7.3  | -2.9  |  0.2  |  0.8  |
|   通用设备   | 300606 |   金太阳   |  -3.6%   | -7.7  | 11.6  |  1.7  |  1.7  | -3.5  | -0.9  |  7.5  | -4.9  | -7.5  |  0.0  |
|   石油行业   | 000698 |  沈阳化工  |  -3.7%   |       |       |       |       | 10.0  | -1.7  | -6.1  | -2.2  | -4.0  |  1.1  |
|   通用设备   | 603667 |  五洲新春  |  -3.7%   |       | 10.0  | -0.7  |  1.9  | -3.4  |  3.5  | -10.0 | -4.7  |  0.8  |  0.0  |
|   电网设备   | 300932 |  三友联众  |  -3.9%   | 13.3  |  1.5  |  3.5  | -1.0  |  0.9  | -6.9  | -7.8  | -3.4  | -2.4  |  0.0  |
|   通信服务   | 002115 |  三维通信  |  -3.9%   | -0.8  |  0.0  | -1.0  |  0.4  |  0.6  | -1.9  | -3.9  | -1.8  |  9.7  | -4.7  |
|  汽车零部件  | 002662 |  京威股份  |  -4.3%   |       |       | 10.1  | -3.0  | -1.4  |  1.2  | -5.1  | -3.8  | -2.4  |  0.8  |
|   工程机械   | 605389 |  长龄液压  |  -4.4%   |       |       |       | 10.0  | -1.7  | -3.1  | -4.5  | -2.5  | -2.0  |  0.0  |
|   消费电子   | 002976 |  瑞玛精密  |  -4.6%   |  1.9  |  1.8  |  5.0  |  6.7  | -1.0  | 10.0  | -10.0 | -10.0 | -6.5  | -0.4  |
|   光伏设备   | 301278 |  快可电子  |  -4.6%   |       |       | 14.4  |  1.5  | -3.9  |  2.1  | -10.2 | -1.2  | -5.7  |  0.0  |
|   电网设备   | 002560 |  通达股份  |  -4.7%   |  0.8  |  4.1  | -2.0  | -1.6  | -3.3  |  0.4  | -8.5  | -1.8  | 10.0  | -2.0  |
|   化学制品   | 301037 |   保立佳   |  -4.8%   |       | 14.4  | -6.4  | -1.7  |  2.0  | -1.2  | -5.7  | -3.5  | -1.3  |  0.0  |
|   消费电子   | 603595 |  东尼电子  |  -5.0%   | 10.0  | -7.3  |  3.5  | 10.0  | -5.8  | -1.7  | -6.9  | -1.1  | -4.1  |  0.0  |
|     电机     | 300907 |  康平科技  |  -5.1%   |       |       |       |       |       | 13.5  | -6.4  | -4.2  | -6.7  |  0.0  |
|   风电设备   | 300443 |  金雷股份  |  -5.1%   |       | 13.2  | -2.3  |  0.2  | -3.8  | -0.5  | -6.3  | -5.3  |  0.7  |  0.0  |
|  汽车零部件  | 002536 |  飞龙股份  |  -5.3%   | 10.0  | -2.4  |  4.1  | -2.0  | -1.9  |  1.5  | -9.8  | -3.6  | -0.2  |  0.1  |
|  房地产开发  | 600773 |  西藏城投  |  -5.3%   |  1.6  | -1.7  | -3.4  | -3.1  | 10.0  | -2.8  | -3.5  | -1.6  | -0.3  |  0.0  |
|   橡胶制品   | 002753 |  永东股份  |  -5.5%   |  1.9  |  0.2  | -1.9  | -0.6  |  2.6  | 10.0  | -9.9  | -3.1  | -5.9  |  2.3  |
|   风电设备   | 603063 |  禾望电气  |  -5.6%   |       |       |       |       |       | 10.0  | -8.5  | -4.9  | -1.4  |  0.0  |
|   光伏设备   | 603212 |  赛伍技术  |  -5.7%   |       |       | 10.0  | -3.3  | -2.0  |  1.0  | -4.8  | -2.9  | -3.0  |  0.0  |
|    半导体    | 688045 |   必易微   |  -5.8%   | 10.0  | -9.2  | -1.9  | -3.2  |  7.6  | -5.8  | -0.1  | -2.6  | -0.2  |  0.8  |
|   塑料制品   | 300180 |  华峰超纤  |  -5.8%   | 13.3  | -2.3  | -5.4  | -1.7  | -4.2  | -1.3  | -3.8  | -0.9  | -0.5  |  2.1  |
|   塑料制品   | 603266 |  天龙股份  |  -5.9%   |       | 10.0  | -3.0  | -1.3  |  2.4  |  2.4  | -6.9  | -5.7  | -3.0  |  0.0  |
|   玻璃玻纤   | 301051 |  信濠光电  |  -6.0%   |       |       | 10.6  |  0.0  | -0.8  | -0.5  | -8.5  | -1.1  | -4.9  |  0.0  |
|  房地产开发  | 000671 |   阳光城   |  -6.0%   | -3.1  |  9.9  | -3.3  | -2.5  |  3.0  | -2.9  | -3.0  | -0.9  | -1.3  | -1.4  |
|  互联网服务  | 003005 |   竞业达   |  -6.2%   |       |       |       |       | 10.0  | -1.9  | -3.8  |  1.0  | -5.4  | -5.4  |
|   文化传媒   | 002654 |  万润科技  |  -6.2%   | 10.1  | -1.7  | -1.4  |  3.5  | -1.0  | -1.2  | -10.1 | -2.6  | -1.8  |  0.9  |
|   公用事业   | 000692 |  惠天热电  |  -6.3%   |  1.6  | -0.2  | -1.2  | 10.1  |  8.3  | -10.0 | -9.0  | -0.4  | -5.3  |  1.4  |
|  汽车零部件  | 605068 |  明新旭腾  |  -6.7%   |       |       |       |       |       | 10.0  | -4.7  | -6.2  | -5.2  |  0.0  |
|  汽车零部件  | 300643 |  万通智控  |  -6.8%   |  2.0  | -0.4  | -1.1  | 10.4  | -1.9  |  1.6  | -10.0 | -7.2  |  0.9  |  0.0  |
|   专用设备   | 002184 |  海得控制  |  -6.8%   |       |       |       | 10.0  | -3.1  |  4.7  | -9.7  | -3.1  | -3.2  | -1.5  |
|  光学光电子  | 000536 |  华映科技  |  -6.9%   | 10.0  | -1.9  | -4.6  | -1.2  | -2.9  |  1.3  | -3.0  | -2.2  | -2.7  |  0.9  |
|   通用设备   | 603985 |  恒润股份  |  -6.9%   |       |       |       | 10.0  | -3.4  |  2.6  | -4.8  | -6.1  | -4.5  |  0.0  |
|   工程机械   | 605305 |  中际联合  |  -6.9%   |       | 10.0  | -1.0  |  1.6  | -2.6  |  0.4  | -5.3  | -4.2  | -5.2  |  0.0  |
|   消费电子   | 002369 |  卓翼科技  |  -7.4%   | -4.6  |  7.9  | -1.8  |  0.5  |  9.9  | -1.5  | -4.5  | -6.8  | -7.4  |  2.3  |
|   化学制品   | 002810 |  山东赫达  |  -7.7%   |  2.1  | 10.0  | -6.3  | -1.8  |  1.1  | -1.7  | -8.2  |  2.0  | -2.2  | -1.9  |
|   物流行业   | 605050 |   福然德   |  -7.8%   |  6.8  | -4.0  | -1.4  |  4.2  | -3.3  | 10.0  | -5.6  | -10.0 | -3.2  |  0.0  |
|   家用轻工   | 603398 |  沐邦高科  |  -7.9%   | 10.0  |  7.6  | -8.1  | -1.7  |  3.1  |  0.8  | -4.3  | -4.2  | -9.6  |  0.0  |
|  计算机设备  | 300551 |  古鳌科技  |  -8.3%   | -6.3  | 17.3  | -4.2  | -4.7  | -3.0  | -1.0  | -4.5  | -3.1  |  2.7  |  0.0  |
|   塑料制品   | 002632 |  道明光学  |  -8.4%   |       |       |       | 10.0  | -1.9  |  3.3  | 10.0  | -9.9  | -10.0 | -7.9  |
|   专用设备   | 301312 |   智立方   |  -8.4%   | -5.3  | -2.5  | 19.7  |  0.5  | -1.5  |  1.8  | -9.9  | -0.9  | -7.7  |  0.0  |
|   文化传媒   | 000676 |  智度股份  |  -8.8%   |  2.0  |  0.6  | -4.0  |  0.2  | 10.0  | -4.3  | -1.9  | -6.6  | -4.2  |  0.0  |
|   消费电子   | 002351 |   漫步者   |  -9.1%   |  0.3  |  3.4  | -2.9  | -1.0  | 10.0  | -2.6  | -5.9  | -7.8  | -2.5  |  0.5  |
|   电子元件   | 301150 |  中一科技  |  -9.3%   |  9.8  | -0.3  | -2.0  | -1.1  |  0.2  | -1.9  | -6.3  | -6.8  | -0.4  |  0.0  |
|  汽车零部件  | 002553 |  南方精工  |  -9.4%   | -6.5  | 10.0  | 10.0  | 10.0  | -10.0 | -7.2  |  0.3  | -9.3  | -5.6  |  1.4  |
|   专用设备   | 002957 |  科瑞技术  |  -10.0%  | -6.6  |  1.3  |  6.5  | -2.3  | -6.0  | 10.0  | -5.6  | -8.4  | -1.9  |  4.3  |
|   电网设备   | 301082 |  久盛电气  |  -10.1%  |       | 10.2  |  8.1  | -3.6  | -8.2  |  1.9  | -6.9  | -5.9  | -4.3  |  0.0  |
|   专用设备   | 600520 |  文一科技  |  -11.4%  | 10.0  |  4.0  |  1.7  | -5.3  |  5.2  |  4.6  | -9.8  | -10.0 | -10.0 |  0.0  |
|  光学光电子  | 003015 |  日久光电  |  -11.5%  |       |       |       |       |       | 10.0  | -6.8  | -7.2  | -5.4  | -1.5  |
|   专用设备   | 002337 |  赛象科技  |  -11.9%  | -9.9  | -3.4  | 10.0  |  1.8  |  5.8  |  0.7  | -8.0  |  2.2  | -8.4  | -1.2  |
|   仪器仪表   | 002877 |  智能自控  |  -12.0%  |       |       |       |       | 10.1  | -0.7  | -9.9  | -9.1  | -4.6  |  3.1  |
|   消费电子   | 301123 |  奕东电子  |  -12.2%  | -3.4  | -0.2  |  3.3  |  1.6  | 11.6  | -2.0  | -7.2  | -6.2  | -8.9  |  0.0  |
|     电机     | 002576 |  通达动力  |  -12.3%  | -2.5  | -1.3  |  0.2  | 10.0  | -2.9  |  4.2  | -7.5  | -10.0 | -3.5  |  1.6  |
|   专用设备   | 300879 |  大叶股份  |  -12.5%  |       |       |       | 11.5  | -5.1  | -7.7  | -6.7  | -0.0  | -3.9  |  0.0  |
|   电力行业   | 000040 |  东旭蓝天  |  -12.7%  | -2.6  |  1.2  |  5.8  | -4.7  | -4.6  | 10.1  | 10.0  | -8.3  | -10.1 | -7.7  |
|   电子元件   | 002579 |  中京电子  |  -13.3%  | 10.0  | 10.0  | -10.0 |  2.4  | -5.9  | -1.8  | -8.1  | -4.0  | -5.0  |  0.3  |
|  光学光电子  | 002587 |  奥拓电子  |  -17.0%  |  1.0  | -2.6  |  2.4  | -3.3  |  9.9  |  0.0  | -10.0 | -8.8  | -6.5  |  1.1  |
|   电子元件   | 002199 |  东晶电子  |  -17.1%  | 10.0  | -3.9  | -7.7  | 10.0  |  2.0  | -3.9  |  5.2  | -10.0 | -10.0 | -7.4  |
|      —       | 835985 |   N海泰    |  -18.8%  | 11.2  | -4.6  | -4.1  |  0.9  | -10.3 |  3.5  | -11.8 | -0.3  | -3.0  |  0.0  |
|   仪器仪表   | 001266 |  宏英智能  |  -21.8%  | 10.0  |  1.8  | -2.2  | -2.8  |  0.8  |  0.0  | -6.4  | -10.0 | -5.6  | -8.3  |
|   通用设备   | 002903 |  宇环数控  |  -23.0%  | 10.0  | -8.8  | -10.0 | 10.0  | -10.0 |  2.0  | -10.0 | -1.2  | -6.0  |  1.0  |
+--------------+--------+------------+----------+-------+-------+-------+-------+-------+-------+-------+-------+-------+-------+
