+--------------+--------+------------+----------+-------+-------+-------+-------+-------+-------+-------+-------+-------+-------+
|     行业     |  代码  |    名称    | 涨幅统计 |   9   |   8   |   7   |   6   |   5   |   4   |   3   |   2   |   1   |   0   |
+--------------+--------+------------+----------+-------+-------+-------+-------+-------+-------+-------+-------+-------+-------+
|   化学原料   | 301209 |   N联合    |  134.3%  | 160.9 | -19.0 |  0.0  | -9.0  |  5.0  | -2.1  |  7.0  | 13.0  |  5.7  | -7.2  |
|  互联网服务  | 301270 |   N汉仪    |  122.6%  |       |       | 53.9  | 53.9  | 28.6  | -15.0 | -4.1  |  7.2  | -11.3 | -5.5  |
|   家电行业   | 001259 |   N利仁    |  119.8%  |       |       | 44.0  | 44.0  | 10.0  | 10.0  | 10.0  | -6.7  | -10.0 | -5.2  |
|  光学光电子  | 688401 |   N路维    |  102.5%  |       |       |       |       |       |       |       |       | 129.2 | -11.6 |
|   食品饮料   | 603237 |  N五芳斋   |  100.0%  |       |       | 44.0  | 44.0  | 10.0  | 10.0  | -5.0  | -9.6  |  0.0  | -7.2  |
|    半导体    | 688403 |   N汇成    |  90.8%   |       |       |       |       |       |       |       |       |       | 90.8  |
|   物流行业   | 002800 |  天顺股份  |  77.2%   |       |       |       |       | 10.0  | 10.0  | 10.0  | 10.0  | 10.0  | 10.0  |
|   食品饮料   | 000716 |   黑芝麻   |  61.5%   | 10.1  |  9.9  |  9.9  | 10.0  |  9.9  | -6.5  |  4.3  |  4.0  | 10.0  | -10.1 |
|  房地产开发  | 000573 |  粤宏远Ａ   |  61.1%   |       |       |       |       |       | 10.0  |  9.9  | 10.0  | 10.0  | 10.1  |
|   电网设备   | 688226 |  威腾电气  |  60.8%   |       |       |       | 20.0  | 20.0  | -6.2  | 10.2  |  3.4  |  4.5  |  0.0  |
|    半导体    | 688041 |   N海光    |  60.1%   |       |       |       |       |       | 66.9  | -5.5  |  6.8  | -5.0  |  0.0  |
|   专用设备   | 688160 |  步科股份  |  60.0%   | -8.0  |  1.9  | 20.0  | 10.3  | 12.5  |  3.2  |  0.4  |  0.4  |  8.4  |  1.7  |
|   汽车整车   | 000868 |  安凯客车  |  51.4%   |  1.1  |  0.7  |  5.5  | -3.5  | -1.0  |  8.0  |  6.9  |  5.7  | 10.0  | 10.0  |
|   专用设备   | 831152 |   N昆工    |  51.4%   |       |       |       |       | 51.2  | -17.9 | -2.4  |  0.3  | 29.9  | -4.2  |
|   化学制品   | 002165 |   红宝丽   |  50.9%   |       | 10.1  | 10.1  |  2.0  | -5.6  |  4.7  |  9.9  |  9.9  | -2.9  |  5.2  |
|  汽车零部件  | 688071 |  华依科技  |  48.5%   |  9.7  |  0.6  | -1.2  | -0.0  |  6.4  |  3.8  |  1.4  |  3.4  | 13.7  |  3.5  |
|   通用设备   | 300257 |  开山股份  |  48.4%   |       | 20.0  | 20.0  | -5.4  | -1.7  | -0.8  |  3.6  |  1.3  |  7.2  | -0.7  |
|   物流行业   | 001331 |   N胜通    |  44.0%   |       |       |       |       |       |       |       |       |       | 44.0  |
|   多元金融   | 001236 |   N弘业    |  43.7%   | 10.0  | 10.0  | 10.0  | 10.0  |  2.3  | -4.6  |  2.7  |  3.3  | -5.8  |  0.7  |
|   消费电子   | 002866 |  传艺科技  |  43.5%   | -4.6  |  2.1  |  0.6  | -10.0 | 10.0  | 10.0  | 10.0  | 10.0  | 10.0  |  1.1  |
|   通用设备   | 600992 |  贵绳股份  |  41.5%   | -10.0 |  4.6  |  0.0  | 10.0  | -5.5  | 10.0  |  2.4  |  6.1  | 10.0  | 10.0  |
|   采掘行业   | 002828 |  贝肯能源  |  40.5%   |  7.3  | -5.4  |  5.5  | -5.8  |  1.1  |  4.5  |  9.9  | 10.0  | 10.0  | -0.9  |
|   文化传媒   | 000892 |  欢瑞世纪  |  40.2%   |       | 10.1  | 10.1  |  9.9  | 10.1  | 10.1  | -10.0 | -10.0 |  4.4  |  2.6  |
|  房地产开发  | 600683 |  京投发展  |  38.7%   |       |       | 10.1  | 10.1  | 10.0  |  2.8  | -0.2  |  9.9  | -10.0 |  2.6  |
|   专用设备   | 688596 |  正帆科技  |  37.3%   |  8.7  |  4.9  |  1.0  | 12.8  |  7.8  | -2.5  |  1.6  | -5.0  |  1.6  |  2.6  |
|    半导体    | 688380 |   N中微    |  34.5%   | 82.1  | -14.4 | -3.6  | -2.3  |  1.5  | -7.2  | -1.8  |  0.8  | -2.3  |  0.6  |
|   化学制品   | 002037 |  保利联合  |  33.5%   | 10.0  | -3.2  |  0.7  | 10.0  | 10.0  |  5.0  | -3.8  | -4.7  |  3.3  |  3.5  |
|   物流行业   | 603056 |  德邦股份  |  33.1%   |       |       |       |       |       |       |       | 10.0  | 10.0  | 10.0  |
|   文化传媒   | 300336 |  *ST新文   |  32.2%   |       |       | 20.1  | 20.1  | -4.2  | -1.5  | -3.5  |  7.1  | -4.8  | -1.5  |
|   光伏设备   | 688560 |  明冠新材  |  31.2%   |       |       |       |       |       |       |       | 11.0  |  5.9  | 11.7  |
|    半导体    | 688699 |  明微电子  |  30.3%   | 20.0  |  7.0  |  4.8  | -5.5  |  0.4  |  0.3  | -4.5  |  1.5  | -2.3  |  7.5  |
|    半导体    | 688002 |  睿创微纳  |  30.0%   | 20.0  |  9.8  |  1.5  | -0.9  |  3.5  | -1.6  | -4.6  |  0.1  | -2.1  |  2.9  |
|   水泥建材   | 002541 |  鸿路钢构  |  29.7%   | 10.0  |  1.9  |  6.2  |  2.4  | -1.2  | -3.5  | 10.0  |  1.1  | -1.1  |  1.6  |
|   家电行业   | 002543 |  万和电气  |  28.6%   | 10.0  | 10.0  | 10.0  | -8.3  |  5.1  | -1.4  |  4.1  | -1.3  | 10.0  | -10.0 |
|    半导体    | 688661 |  和林微纳  |  28.5%   | 13.5  |  3.7  |  4.8  |  1.3  |  6.5  | -2.5  | -2.3  | -0.4  |  0.7  |  1.1  |
|   通信服务   | 002148 |  北纬科技  |  28.0%   | 10.0  | -6.9  | 10.1  |  9.9  | -8.3  | 10.0  | -8.8  |  4.0  | -1.8  | 10.0  |
|   环保行业   | 688659 |  元琛科技  |  27.8%   | -0.8  |  1.4  |  6.4  |  2.1  | -5.3  |  5.6  | -1.9  | 20.0  | -1.7  |  0.9  |
|    半导体    | 301282 |   N金禄    |  27.4%   |       | 31.0  |  0.0  | -9.1  |  1.6  |  5.6  | 12.2  | -4.2  |  0.8  | -8.0  |
|     电池     | 001283 |   N豪鹏    |  27.3%   |       |       |       |       |       |       | 44.0  |  5.7  | -10.0 | -7.0  |
|   文化传媒   | 002905 |  金逸影视  |  27.2%   |       | 10.1  | 10.1  | -0.6  |  1.0  | -1.5  | -0.6  | -0.4  | -2.4  | 10.0  |
|   电网设备   | 688248 |  南网科技  |  27.2%   | -6.5  |  9.4  |  3.4  |  1.1  | -3.0  | -3.9  | 11.0  |  3.7  |  0.7  | 10.2  |
|     教育     | 301231 |   N荣信    |  26.4%   |       |       |       |       |       |       |       |       |       | 26.4  |
|    半导体    | 688200 |  华峰测控  |  26.3%   | 20.0  |  2.2  |  4.3  |  1.3  |  1.3  |  0.6  | -4.0  |  0.0  | -1.1  |  0.8  |
|   电源设备   | 688551 |   科威尔   |  26.2%   |       | 13.9  | -3.1  |  2.4  |  3.2  | -4.1  | -0.4  |  2.4  |  2.4  |  8.0  |
|   通用设备   | 688379 |  华光新材  |  25.5%   |       |       | 12.8  |  0.5  |  0.3  | -2.9  |  8.5  | -2.5  |  1.9  |  5.3  |
|   化学制品   | 300721 |  怡达股份  |  25.3%   | -2.7  | -2.5  |  0.0  | -4.0  | -2.4  |  8.6  | 20.0  | 12.2  | -3.3  | -0.4  |
|   仪器仪表   | 688600 |  皖仪科技  |  25.0%   | 14.8  | -0.6  |  1.6  |  1.2  |  0.9  | -3.0  |  1.0  |  0.5  |  4.8  |  2.3  |
|   专用设备   | 003036 |  泰坦股份  |  24.9%   |       | 10.0  | 10.0  | -5.8  | -3.8  | 10.0  | -2.4  | -1.0  | 10.0  | -2.5  |
|   专用设备   | 688328 |   深科达   |  24.8%   |       | 20.0  | 13.3  | -4.7  |  3.5  | -2.6  | -4.0  |  8.2  | -3.4  | -4.8  |
|   电子元件   | 688371 |   菲沃泰   |  24.8%   |       |       |       | 20.0  |  2.2  | -4.4  | -1.5  | -4.1  |  1.9  | 10.7  |
|   纺织服装   | 002486 |   嘉麟杰   |  24.7%   |       |  9.9  |  9.9  |  2.4  | -0.6  | -1.2  |  1.2  |  0.9  |  2.9  | -2.2  |
|   装修装饰   | 002325 |  洪涛股份  |  24.6%   |       |  9.9  |  9.9  |  0.0  |  0.0  |  0.0  |  2.2  |  1.3  |  2.5  | -2.9  |
|   航天航空   | 688070 |  纵横股份  |  24.6%   |  3.2  | 14.9  |  4.7  |  0.7  | -2.1  | -7.4  | 16.4  | -6.4  |  0.8  |  0.0  |
|   环保行业   | 688501 |  青达环保  |  24.3%   |  0.2  | -0.9  |  5.5  |  2.7  | -2.3  | -3.1  | 13.4  |  1.5  |  1.1  |  4.7  |
|   水泥建材   | 002205 |  国统股份  |  24.1%   | 10.0  | -2.4  | -6.6  | 10.1  |  0.5  |  3.0  |  5.4  | -1.2  | -5.1  | 10.0  |
|   光伏设备   | 688348 |  昱能科技  |  24.1%   |       |       |       |       |       |       |       | 10.7  | -0.5  | 12.6  |
|   文化传媒   | 301025 |  读客文化  |  23.7%   |       |       | 20.0  | 20.0  | -7.2  | -0.6  | -1.2  | -2.7  | -2.5  | -0.6  |
|   物流行业   | 603569 |  长久物流  |  23.6%   | 10.0  | 10.0  |  0.0  | -7.5  | -1.1  | 10.0  |  4.0  |  1.3  |  0.5  | -4.1  |
|   化学制品   | 300910 |  瑞丰新材  |  23.5%   |       | 11.4  |  0.0  | -4.0  |  0.1  |  9.0  |  0.4  |  0.1  |  1.5  |  3.8  |
|   化纤行业   | 300876 |  蒙泰高新  |  23.4%   |       |       |       |       |       |       |       |       | 12.5  |  9.7  |
|   化学制药   | 003020 |  立方制药  |  23.2%   |       | 10.0  | 10.0  | -0.5  |  0.8  |  0.9  |  3.0  | -1.9  |  0.2  | -0.5  |
|   有色金属   | 000933 |  神火股份  |  22.9%   | 10.0  |  1.5  |  1.0  | -8.3  |  3.8  | -1.1  |  1.8  |  3.9  | 10.0  | -0.5  |
|   医疗服务   | 300149 |  睿智医药  |  22.8%   |       |       | 20.0  | 20.0  | -3.4  | -3.9  | -0.5  | -1.1  | -3.1  | -3.7  |
|   家电行业   | 603303 |  得邦照明  |  22.7%   | 10.0  |  4.6  |  0.0  | -4.0  | -0.2  | -0.4  | -1.2  |  5.1  |  3.5  |  3.9  |
|    半导体    | 688216 |  气派科技  |  22.5%   | 11.5  | -3.5  | 20.0  |  4.0  |  1.8  | -6.9  | -4.3  |  1.0  | -2.2  |  1.8  |
|   纺织服装   | 002003 |  伟星股份  |  22.5%   |       | 10.1  | 10.1  | -3.8  |  2.9  |  0.8  | -1.2  |  0.4  |  1.1  |  1.2  |
|     电池     | 688567 |  孚能科技  |  22.3%   |       |       |       |       |       |       | 10.1  |  2.4  |  5.4  |  3.0  |
|   专用设备   | 688001 |  华兴源创  |  22.3%   |  5.1  |  1.2  | -0.9  |  0.9  |  3.9  | -3.6  |  0.3  | -0.3  | 11.3  |  3.3  |
|   交运设备   | 600818 |  中路股份  |  21.8%   |  1.2  |  8.3  |  0.0  | -5.1  | 10.0  |  8.0  | -0.4  |  2.3  | -1.3  | -2.0  |
|  汽车零部件  | 002865 |  钧达股份  |  21.7%   | -2.8  | -2.8  |  4.0  | -10.0 |  5.9  |  5.3  |  3.6  | 10.0  |  2.8  |  5.5  |
|   工程建设   | 002628 |  成都路桥  |  21.5%   | 10.0  |  1.0  | -5.4  |  9.9  | 10.0  | -5.3  | 10.1  | -1.3  | -3.5  | -3.8  |
|    半导体    | 688234 |  天岳先进  |  21.5%   | 10.1  | -5.0  |  3.4  | -4.5  |  1.2  | -5.4  | -1.0  |  1.4  |  2.0  | 20.0  |
|   煤炭行业   | 600188 |  兖矿能源  |  21.5%   | 10.0  | -1.2  |  0.0  | -0.6  |  3.5  | -0.8  | 10.0  |  1.2  |  0.8  | -2.3  |
|   专用设备   | 002691 |  冀凯股份  |  21.1%   |       |       |       |       |       |       |       |       | 10.1  | 10.1  |
|   交运设备   | 688187 |  时代电气  |  21.1%   | 20.0  | -5.0  | -0.0  | -3.4  |  1.6  | -2.4  |  1.6  |  0.6  |  1.0  |  7.5  |
|     电机     | 000922 |  佳电股份  |  21.1%   |       |       |       |       |       |       |       |       | 10.0  | 10.1  |
|   工程建设   | 605598 |  上海港湾  |  21.0%   |       |       |       |       |       |       |       |       | 10.0  | 10.0  |
|   电力行业   | 600021 |  上海电力  |  21.0%   |       |       |       |       |       |       |       |       | 10.0  | 10.0  |
|   通用设备   | 002282 |  博深股份  |  20.9%   |       |       |       |       |       |       |       |       |  9.9  | 10.0  |
|   专用设备   | 300950 |   德固特   |  20.9%   | -3.9  | 20.0  |  0.0  | 14.9  | -3.2  | -3.6  | -2.3  |  1.4  | -6.0  |  5.0  |
|   专用设备   | 688518 |  联赢激光  |  20.8%   |       |       | 12.5  |  3.0  |  1.4  | -6.5  |  3.1  |  7.1  | -2.5  |  2.2  |
|   工程机械   | 300718 |  长盛轴承  |  20.7%   |       |       |       |       |       |       |       |       | 15.5  |  4.6  |
|   农药兽药   | 002513 |  蓝丰生化  |  20.6%   |       | 10.1  | 10.1  | -0.9  |  4.2  | -9.3  |  4.1  | 10.1  | -3.6  | -3.7  |
|   通用设备   | 300228 |  富瑞特装  |  20.6%   |       |       |       |       |       |       | 18.1  |  0.7  |  1.4  |  0.0  |
|   化学原料   | 002002 |  鸿达兴业  |  20.5%   |       | 10.1  |  9.9  | -1.6  |  4.9  | -6.8  |  2.6  |  4.4  | -1.3  | -2.0  |
|   消费电子   | 688036 |  传音控股  |  20.3%   |       |       |       |       | 16.0  | -4.2  | -2.9  | -1.3  |  7.4  |  5.2  |
|  互联网服务  | 688292 |   N浩瀚    |  20.2%   |       |       |       |       |       |       |       |       |       | 20.2  |
|   专用设备   | 688630 |  芯碁微装  |  20.1%   |       |       |       |       |       |       |       |       | 12.0  |  7.3  |
|   钢铁行业   | 300881 |  盛德鑫泰  |  20.0%   |       |       |       |       |       |       |       |       |       | 20.0  |
|   通用设备   | 688355 |  明志科技  |  20.0%   |       |       |       |       |       |       |       |       |       | 20.0  |
|   电力行业   | 600995 |  文山电力  |  19.6%   |  2.9  |  4.5  |  0.0  | -4.9  |  3.0  |  1.4  | -0.6  | 10.0  |  6.0  | -3.3  |
|   仪器仪表   | 688112 |  鼎阳科技  |  19.6%   |       |       |       |       |       |       | 20.0  |  0.9  |  3.6  | -4.7  |
|  房地产开发  | 000620 |   新华联   |  19.5%   |  0.5  | -0.9  |  0.5  | -2.3  |  1.9  | -0.9  |  6.0  |  1.7  |  2.1  | 10.0  |
|  汽车零部件  | 603109 |  神驰机电  |  19.4%   | 10.0  |  5.8  | -4.4  | -10.0 | -7.7  |  5.6  |  4.0  |  7.8  |  5.3  |  3.7  |
|   通用设备   | 002158 |  汉钟精机  |  19.4%   |  2.2  | -0.8  |  4.4  | -6.0  | -2.2  |  0.8  |  3.5  | 10.0  |  6.2  |  0.7  |
|   仪器仪表   | 688622 |  禾信仪器  |  19.3%   | 15.7  | -1.1  | -2.3  |  6.5  |  1.5  | -4.2  |  7.5  | -3.4  |  0.1  | -0.9  |
|   专用设备   | 300751 |  迈为股份  |  19.3%   |       |       |       |       |       |       | 15.9  | -1.1  |  4.5  | -0.5  |
|   化学原料   | 300082 |  奥克股份  |  19.2%   |       |       |       |       |       |       |       | 20.0  | -1.4  |  0.6  |
|    半导体    | 688259 |  创耀科技  |  19.1%   |       |       |       |       |       |       |       |       |       | 19.1  |
|   工程建设   | 002374 |  中锐股份  |  18.8%   | -1.8  |  2.0  |  3.5  | -3.2  |  3.9  | 10.0  |  2.4  |  3.2  |  0.0  | -1.9  |
|   电子元件   | 002414 |  高德红外  |  18.7%   |       | 10.0  | 10.0  | -5.2  | -0.8  |  7.7  | -2.5  |  0.7  | -3.0  |  1.7  |
|   电网设备   | 002112 |  三变科技  |  18.5%   | -5.5  | 10.0  | 10.0  | 10.0  | -3.1  |  2.1  |  5.7  | -1.3  | -2.5  | -6.5  |
|   食品饮料   | 603696 |  安记食品  |  18.4%   |       |       | 10.0  | 10.0  |  3.9  | -4.1  | -0.8  | -1.4  |  6.2  | -5.4  |
|   软件开发   | 688201 |  信安世纪  |  18.4%   |       |       |       |       |       | 12.2  | -1.2  |  1.0  | -2.6  |  8.5  |
|   化学制药   | 688192 | 迪哲医药-U |  18.3%   | 12.2  |  5.4  |  2.1  | -3.7  | -0.7  | -2.2  |  0.1  |  1.3  |  3.3  |  0.1  |
|   仪器仪表   | 688337 | 普源精电-U |  18.3%   |       |       | 11.1  |  0.9  | -2.1  | -3.9  |  2.9  |  8.3  |  0.3  |  0.4  |
|  房地产开发  | 002244 |  滨江集团  |  18.3%   |       |       |       |       |       |       |       | 10.0  |  0.1  |  7.4  |
|   电网设备   | 688676 |  金盘科技  |  18.2%   | -1.8  |  3.5  | 11.8  |  1.8  | -3.8  | -5.7  |  2.1  |  3.4  | -0.9  |  7.6  |
|   石油行业   | 000059 |  华锦股份  |  18.1%   | 10.0  | -1.4  |  1.8  | -6.4  |  5.3  |  1.1  |  0.9  |  2.6  |  3.7  |  0.0  |
|   化学制品   | 300530 |  达志科技  |  18.0%   |       | 20.0  |  0.0  | -3.5  | -4.8  | -1.2  |  8.0  |  2.0  | -1.2  | -0.5  |
|   商业百货   | 002336 |   人人乐   |  17.9%   |       |       |       |       | 10.0  | 10.0  | -2.0  | -2.1  |  0.8  |  0.7  |
|   环保行业   | 300495 |  *ST美尚   |  17.9%   | -2.5  | 19.9  |  0.0  |  2.0  | -8.3  |  0.0  |  0.6  |  9.0  | -5.2  |  3.8  |
|   农药兽药   | 301035 |  润丰股份  |  17.8%   | 16.1  |  2.3  |  0.0  | -3.3  |  0.7  |  1.4  |  1.2  | -2.0  |  2.8  | -1.4  |
|  汽车零部件  | 603089 |  正裕工业  |  17.7%   |       |       |       |       |       | 10.1  |  4.5  | -1.2  | -0.4  |  4.0  |
|   家电行业   | 002860 |   星帅尔   |  17.5%   | 10.0  | -0.1  |  3.8  |  6.0  | -2.5  | -3.5  | -2.0  |  5.3  | -2.0  |  2.2  |
|    半导体    | 688521 | 芯原股份-U |  17.4%   | 20.0  |  7.9  |  7.0  | -5.1  | -0.8  | -5.3  |  0.9  | -0.8  | -3.7  | -1.4  |
|   医疗器械   | 300273 |  *ST和佳   |  17.4%   |  0.4  | -5.0  |  0.0  |  2.9  |  8.4  | -3.3  | 19.1  | -1.9  | -2.6  |  0.3  |
|   化学制品   | 000985 |  大庆华科  |  17.3%   | 10.0  | 10.0  | 10.0  | -3.4  | 10.0  | -1.9  | -2.5  | -0.5  | -6.3  | -7.1  |
|  汽车零部件  | 300926 |  博俊科技  |  17.2%   | 10.8  | -6.1  |  0.0  | -7.1  | -5.3  |  2.5  |  4.5  |  6.0  | 10.4  |  2.2  |
|   专用设备   | 688633 |  星球石墨  |  17.1%   |       |       | 10.3  |  2.3  |  0.2  | -2.2  | -0.2  |  1.6  |  2.8  |  1.7  |
|   综合行业   | 000409 |  云鼎科技  |  16.9%   | -0.8  |  3.6  |  4.2  | -3.5  | -2.5  | 10.0  | 10.1  | 10.0  | -5.3  | -8.0  |
|   橡胶制品   | 002442 |  龙星化工  |  16.8%   |       |       |       |       |       |       |       | 10.1  |  9.9  | -3.5  |
|   化学原料   | 000990 |  诚志股份  |  16.7%   |       |       | 10.0  | 10.0  |  1.6  | -2.2  |  0.9  |  0.3  | -2.2  | -1.9  |
|   通信设备   | 601869 |  长飞光纤  |  16.7%   |  0.3  |  5.5  |  0.0  | -4.1  | 10.0  |  5.3  |  1.4  |  1.7  | -2.6  | -1.1  |
|   农药兽药   | 002868 |  绿康生化  |  16.7%   | -1.2  | -7.6  | -0.8  | -10.0 | -1.7  | 10.0  | 10.0  | 10.0  | 10.0  | -0.6  |
|   物流行业   | 000557 |  西部创业  |  16.6%   | 10.1  | 10.0  | -10.1 | -8.1  | 10.0  | -0.9  |  2.6  |  1.1  | -3.4  |  6.6  |
|   食品饮料   | 003030 |  祖名股份  |  16.5%   |       | 10.0  | 10.0  |  5.1  | -0.4  | -3.8  | -2.1  | -0.1  | -0.4  | -1.8  |
|  汽车零部件  | 002488 |  金固股份  |  16.4%   |       |       |       |       |       | 10.0  |  2.7  |  1.8  |  0.5  |  0.7  |
|   工程建设   | 002135 |  东南网架  |  16.3%   |       |       |       |       |       |       |       |       | 10.0  |  5.7  |
|     电池     | 002733 |  雄韬股份  |  16.0%   |       | 10.0  |  3.8  | -7.5  | -5.4  |  1.1  |  0.7  | 10.0  |  0.4  |  3.3  |
|   装修建材   | 603008 |   喜临门   |  15.9%   | 10.0  |  4.1  |  0.0  |  3.5  | -0.8  | -1.1  | -4.2  |  2.9  | -0.6  |  1.8  |
|   食品饮料   | 002820 |   桂发祥   |  15.8%   |       |       | 10.0  | 10.0  | 10.1  | 10.0  | -10.0 | -7.0  | -4.6  | -1.0  |
|   物流行业   | 001317 |   三羊马   |  15.8%   |       |       |       |       |       |       |       |       | 10.0  |  5.2  |
|   通信服务   | 002115 |  三维通信  |  15.6%   | -1.8  |  9.7  | -4.7  | 10.0  | -5.2  | 10.0  |  9.9  | 10.0  | -9.9  | -9.9  |
|   化学制品   | 688639 |  华恒生物  |  15.5%   |       |       |       |       |       |       |       |       |       | 15.5  |
|   食品饮料   | 002702 |  海欣食品  |  15.4%   |       | 10.1  | 10.1  |  6.4  | -2.0  | -1.1  | -1.0  | -0.8  | -2.7  | -3.2  |
|   专用设备   | 688290 |  景业智能  |  15.4%   | -9.6  |  2.4  | -0.1  |  4.8  |  3.7  | -5.6  |  2.0  | 20.0  |  0.5  | -1.3  |
|  计算机设备  | 001339 |   N智微    |  15.3%   | -3.1  | -0.6  |  0.9  | -4.1  | -0.4  | 10.0  | 10.0  | 10.0  | -10.0 |  3.8  |
|   电力行业   | 600212 |  绿能慧充  |  15.3%   | -3.3  |  0.5  |  0.0  | -4.6  |  2.6  |  7.1  | -1.1  |  2.8  | 10.1  |  1.2  |
|   专用设备   | 688383 |   新益昌   |  15.3%   | 15.3  |  6.4  | -0.5  |  0.0  | -0.9  | -5.5  | -1.5  | -1.0  |  1.1  |  2.1  |
|   食品饮料   | 002910 |  庄园牧场  |  15.2%   |       | 10.0  | 10.0  |  5.6  | -2.5  | -0.1  | -2.1  | -1.3  | -1.8  | -2.4  |
|   生物制品   | 688302 | 海创药业-U |  15.1%   | 12.1  |  0.6  | -1.4  |  2.5  |  0.9  | -2.0  | -0.2  |  2.4  | -1.0  |  0.9  |
|   物流行业   | 600794 |  保税科技  |  15.1%   |  1.0  | -2.5  |  0.0  | -5.0  |  2.7  |  1.3  |  2.9  |  4.9  | -0.5  | 10.1  |
|   石油行业   | 600256 |  广汇能源  |  15.0%   | 10.0  | -1.9  |  0.0  | -5.0  |  0.9  | -0.9  |  9.6  |  2.2  |  3.7  | -3.5  |
|  房地产开发  | 600603 |  广汇物流  |  15.0%   | -1.8  |  7.2  | -1.5  | -8.4  |  3.1  | -0.2  | 10.1  |  2.0  |  3.6  |  1.1  |
|   综合行业   | 000803 |  北清环能  |  14.7%   |       | 10.0  | 10.0  | -10.0 | -6.9  |  6.2  |  2.4  |  2.4  |  3.5  | -1.9  |
|   仪器仪表   | 688768 |  容知日新  |  14.6%   |  2.7  |  4.3  | 12.3  | -2.3  | -0.5  | -6.0  |  1.7  | -1.9  |  1.6  |  2.9  |
|   环保行业   | 000551 |  创元科技  |  14.5%   | -4.1  | 10.0  |  4.9  | -7.6  |  2.7  | -4.9  | 10.0  |  3.1  |  3.3  | -2.2  |
|   消费电子   | 600130 |  波导股份  |  14.5%   |       |       |       |       | 10.1  | 10.1  |  9.8  | -6.7  | -9.9  |  2.4  |
|     电池     | 688063 |  XD派能科  |  14.5%   |       |       |       |       |       |       |       |       |       | 14.4  |
|   专用设备   | 688170 |  德龙激光  |  14.1%   | -1.2  |  1.3  | -1.0  |  0.7  | -3.0  | -6.1  |  5.5  | 11.2  |  6.7  |  0.3  |
|  非金属材料  | 688300 |  联瑞新材  |  14.0%   |       |       |       | 15.2  |  1.5  | -3.0  |  2.2  |  0.7  | -3.7  |  1.4  |
|   化学制品   | 002917 |   金奥博   |  13.7%   | -1.1  | -9.8  |  2.4  | -7.7  | 10.0  | -0.1  |  1.5  | -0.2  | 10.1  | 10.0  |
|   光伏设备   | 688556 |  高测股份  |  13.6%   |       |       |       |       |       |       |       | 10.5  | -1.0  |  3.9  |
|   医疗器械   | 688314 |  康拓医疗  |  13.6%   |       | 10.9  |  3.3  | -0.3  |  4.4  | -2.9  | -4.1  |  0.0  |  6.0  | -3.6  |
|   纺织服装   | 001234 |   泰慕士   |  13.4%   |       |       |       |       |       |       |       | 10.0  | 10.0  | -6.2  |
|   商业百货   | 000759 |  中百集团  |  13.4%   |       |       |       |       | 10.0  | -2.4  | -0.4  | -1.7  | -1.9  | 10.1  |
|   物流行业   | 001202 |  炬申股份  |  13.4%   |       |       |       |       | 10.0  | -1.6  | -0.1  |  3.2  |  5.5  | -3.7  |
|   工程机械   | 001288 |  运机集团  |  13.3%   |       |       |       |       |       | 10.0  | -1.2  |  0.2  |  4.0  |  0.2  |
|   工程建设   | 603955 |  大千生态  |  13.3%   |       |       |       |       |       |       | 10.0  |  0.0  |  0.0  |  3.0  |
|   仪器仪表   | 688115 |   思林杰   |  13.3%   | -4.5  | 10.0  |  5.4  | -2.1  |  0.3  | -2.7  |  1.2  |  2.6  |  3.5  | -0.5  |
|  汽车零部件  | 002536 |  飞龙股份  |  13.1%   | -3.6  | -0.2  |  0.1  | -6.2  | 10.0  | -1.1  |  3.8  |  6.9  |  4.6  | -0.8  |
|    小金属    | 002378 |  章源钨业  |  13.1%   |       |       |       |       |       |       |       | 10.0  |  3.3  | -0.5  |
|   通用设备   | 002686 |   亿利达   |  13.1%   |       | 10.0  | -1.2  | -6.9  | 10.0  |  3.0  |  0.4  | -1.4  |  1.6  | -2.0  |
|   有色金属   | 002988 |  豪美新材  |  13.0%   |       |       |       |       |       |       |       | 10.0  |  0.6  |  2.2  |
|   电网设备   | 603556 |  海兴电力  |  13.0%   |       |       |       |       |       |       |       | 10.0  |  3.3  | -0.5  |
|  计算机设备  | 002383 |  合众思壮  |  13.0%   |       |       |       |       |       | 10.0  | 10.0  |  1.1  | -10.0 |  2.5  |
|  房地产开发  | 600463 |  空港股份  |  13.0%   |       |       |       |       | 10.0  |  3.1  |  1.9  |  1.8  | -2.3  | -1.6  |
|     游戏     | 600715 |  文投控股  |  12.9%   |  9.8  | 10.0  |  0.0  | -3.5  | -4.4  |  4.2  |  0.0  | -1.2  | -1.6  |  0.0  |
|    半导体    | 688279 |  峰岹科技  |  12.8%   | 11.5  | -2.3  | -0.5  | -3.0  |  5.1  | -2.7  | -0.4  | -2.5  |  1.5  |  6.3  |
|   电子元件   | 688375 |  国博电子  |  12.7%   | 13.3  | -0.2  | -0.9  |  1.8  | -2.3  | -4.0  |  1.5  | -1.9  |  2.5  |  3.4  |
|   生物制品   | 688373 |  N盟科-U   |  12.6%   | 33.3  |  6.4  | -10.8 | -1.4  | -0.6  | -4.8  | -3.1  | -0.5  |  1.0  | -1.9  |
|   文化传媒   | 603598 |  引力传媒  |  12.6%   |       |       | 10.0  | 10.0  |  2.3  | -2.7  | -2.3  | -2.3  | -2.4  |  0.2  |
|    半导体    | 688262 |  国芯科技  |  12.5%   | 20.0  | -3.5  |  1.5  | -3.2  |  0.1  | -2.1  |  1.0  | -0.4  | -1.2  |  1.4  |
|   通信设备   | 002491 |  通鼎互联  |  12.5%   |       |       |       |       |       |  9.9  |  2.8  |  1.4  | -0.3  | -1.5  |
|   电力行业   | 000767 |  晋控电力  |  12.4%   |       |       |       |       |       |       |       | 10.0  |  1.2  |  0.9  |
|   采掘行业   | 002207 |  准油股份  |  12.4%   | 10.0  | -2.0  |  1.1  | -9.9  |  0.9  |  3.8  | 10.0  |  2.5  |  1.6  | -4.6  |
|   文化传媒   | 002343 |  慈文传媒  |  12.3%   |       |       | 10.1  | 10.1  | 10.1  | -8.4  |  3.4  | -4.2  | -6.8  | -0.3  |
|   航运港口   | 600026 |  中远海能  |  12.3%   | 10.0  | -9.4  |  0.0  | -7.2  | -1.1  |  9.0  |  9.2  |  5.6  |  0.0  | -2.3  |
|   光伏设备   | 688390 |   固德威   |  12.3%   |       |       |       |       |       |       |       |       |       | 12.3  |
|   通信服务   | 688682 |   霍莱沃   |  12.2%   | 13.9  |  5.4  | -3.6  |  0.5  | -4.8  | -5.1  |  2.6  | -0.2  |  0.8  |  3.5  |
|    半导体    | 300672 |   国科微   |  12.1%   |       |       |       |       |       | 11.9  |  2.0  | -1.8  |  1.3  | -1.3  |
|   消费电子   | 688678 |   福立旺   |  12.1%   |       |       |       |       |       |       |       |       |       | 12.1  |
|    半导体    | 688110 |  东芯股份  |  12.1%   | 10.0  |  2.5  |  2.4  | -1.2  |  0.1  | -4.0  |  1.1  | -0.8  | -0.6  |  2.5  |
|   包装材料   | 002799 |  环球印务  |  12.1%   | -3.3  | -0.2  | -0.1  | -2.5  | 10.0  |  1.2  |  4.8  |  1.2  | -0.7  |  1.7  |
|    小金属    | 002738 |  中矿资源  |  12.0%   |       |       |       |       |       |       |       | 10.0  |  1.3  |  0.6  |
|  汽车零部件  | 603239 |  浙江仙通  |  11.7%   |  0.2  | -1.3  |  0.0  | -4.1  | -1.5  |  5.9  |  0.7  | -0.1  |  1.9  | 10.0  |
|   通用设备   | 002598 |  山东章鼓  |  11.6%   |       |       |       |       |       |       |       | 10.0  |  2.4  | -0.9  |
|   纺织服装   | 002404 |  嘉欣丝绸  |  11.4%   |  0.9  |  0.7  |  2.5  | -3.9  | 10.0  |  0.1  | -1.4  | -1.3  | 10.1  | -5.7  |
|   电子元件   | 301328 |   N维峰    |  11.4%   |       |       |       |       |       |       |       |       |       | 11.4  |
|  汽车零部件  | 605128 |  上海沿浦  |  11.3%   | -2.1  |  0.9  |  0.0  | -5.1  |  1.1  |  4.1  | -2.2  |  3.4  | 10.0  |  1.5  |
|   电网设备   | 002498 |  汉缆股份  |  11.3%   |       |       |       |       |       |       |  9.9  |  0.6  | -2.4  |  3.1  |
|     电机     | 002892 |   科力尔   |  11.3%   |       | 10.0  | 10.0  | -6.3  | -2.7  |  1.5  | -0.5  |  3.2  |  0.4  | -3.5  |
|  光学光电子  | 688195 |  腾景科技  |  11.3%   |       |       |       |       |       |       |       |       |       | 11.3  |
|   化肥行业   | 000912 |   泸天化   |  11.2%   | -0.9  |  1.5  |  1.5  | -2.4  | -0.4  |  0.2  |  1.5  | 10.0  |  2.1  | -1.9  |
|   环保行业   | 000068 |  华控赛格  |  11.1%   |       |       |       |       | 10.0  | 10.1  | -3.9  | -0.2  | -2.3  | -2.1  |
|  房地产开发  | 600641 |  万业企业  |  11.0%   |  1.9  | -0.5  |  0.0  | -3.6  | -0.1  |  3.2  |  1.6  |  0.7  | 10.0  | -2.1  |
|   航运港口   | 600190 |   锦州港   |  10.9%   |       |       |       |       |       |       | 10.0  |  6.9  | -2.3  | -3.4  |
|   电力行业   | 600509 |  天富能源  |  10.9%   |  2.5  | -5.5  |  0.0  | -4.3  |  0.4  | 10.1  |  4.2  |  2.2  | -0.3  |  2.0  |
|  房地产开发  | 000014 |  沙河股份  |  10.8%   |       |       |       |       | 10.0  | -2.0  |  0.7  |  3.9  |  1.6  | -3.3  |
|    半导体    | 688037 |   芯源微   |  10.8%   | 12.3  | -2.0  |  6.7  | -4.0  |  0.1  | -2.8  | -3.9  |  2.5  | -0.9  |  3.7  |
|   电子元件   | 688020 |  方邦股份  |  10.7%   | -0.2  |  7.4  |  1.1  | -2.0  | -2.4  | -0.6  |  3.5  | -2.4  | 10.8  | -3.9  |
|    半导体    | 002409 |  雅克科技  |  10.6%   |       |       |       |       |       |       |       | 10.0  |  1.4  | -0.9  |
|   光伏设备   | 688223 |  晶科能源  |  10.6%   | -0.8  |  0.2  | 11.7  |  1.2  |  0.5  | -3.4  |  1.9  |  2.8  | -3.0  | -0.3  |
|   物流行业   | 002769 |   普路通   |  10.5%   |       |       |       |       |       |       |       | 10.1  | 10.0  | -8.7  |
|   医疗器械   | 301097 |  天益医疗  |  10.5%   |  2.2  | -0.8  |  0.0  | -1.7  |  1.3  |  9.7  |  1.6  | -0.4  |  1.0  | -2.4  |
|  光学光电子  | 603703 |  盛洋科技  |  10.5%   |       |       |       |       |       | 10.0  |  5.0  | -1.4  | -1.6  | -1.3  |
|    半导体    | 688508 |   芯朋微   |  10.5%   | 14.0  | -4.0  |  1.7  | -3.1  |  1.7  | -2.3  | -0.8  |  1.0  |  0.8  |  2.3  |
|   软件开发   | 688095 |  福昕软件  |  10.5%   | 18.6  |  1.0  | -4.9  |  0.6  | -0.2  | -2.9  | -1.6  | -0.7  |  0.4  |  1.4  |
|   钢铁行业   | 002478 |  常宝股份  |  10.4%   | -1.2  | -2.8  |  2.9  | -0.7  | 10.0  | -1.5  | 10.1  | -4.3  | -0.3  | -1.1  |
|   软件开发   | 300344 |  立方数科  |  10.3%   |       |       |       |       |       |       |       |       |       | 10.3  |
|   商业百货   | 600785 |  新华百货  |  10.3%   | 10.0  | -4.9  |  0.0  |  0.7  |  3.8  | -6.5  | -2.4  |  5.0  | -4.3  | 10.0  |
|   农牧饲渔   | 000798 |  中水渔业  |  10.3%   |       | 10.0  | 10.0  | -1.9  |  4.0  | -2.9  | -2.5  | -1.6  | -3.0  | -1.1  |
|   纺织服装   | 002269 |  美邦服饰  |  10.2%   |       |       |       |       |       |       |       |       |       | 10.2  |
|   工程建设   | 300712 |  永福股份  |  10.2%   |       |       |       |       |       |       |       |       | 13.7  | -3.0  |
|   电源设备   | 300693 |  盛弘股份  |  10.2%   |       |       |       |       |       |       |       | 11.0  | -1.0  |  0.3  |
|   化学制品   | 301212 |  联盛化学  |  10.2%   |       | 11.3  |  0.0  |  8.8  | -1.9  | -3.0  |  0.5  |  5.2  | -3.5  | -6.2  |
|   通用设备   | 002342 |  巨力索具  |  10.1%   | -0.9  | -2.4  |  1.5  | -2.6  |  5.9  |  0.5  |  2.5  |  0.5  | 10.1  | -4.5  |
|   化学原料   | 002109 |  兴化股份  |  10.1%   |       |       |       |       |       |       |       |  9.9  | -0.9  |  1.1  |
|   电力行业   | 000539 |  粤电力Ａ   |  10.1%   |       |       |       |       |       |       |       |       |       | 10.1  |
|   消费电子   | 300322 |   硕贝德   |  10.1%   |       |       |       |       |       | 10.3  |  0.5  |  0.4  |  0.4  | -1.5  |
|   光伏设备   | 688032 |  禾迈股份  |  10.0%   |       |       |       |       |       |       |       |       |       | 10.1  |
|   专用设备   | 603169 |  兰石重装  |  10.0%   |       |       |       |       |       |       |       |       |       | 10.0  |
|   商业百货   | 600828 |  茂业商业  |  10.0%   |       |       |       |       |       |       |       |       |       | 10.0  |
|  房地产开发  | 000965 |  天保基建  |  10.0%   | 10.0  | -3.5  | -1.1  |  1.2  |  4.4  | -3.8  |  1.0  |  3.5  |  0.9  | -2.5  |
|  汽车零部件  | 002265 |  西仪股份  |  10.0%   |       |       |       |       |       |       |       |       |       | 10.0  |
|   装修建材   | 603610 |  麒盛科技  |  10.0%   |       |       |       |       |       |       |       |       |       | 10.0  |
|   贸易行业   | 001316 |  润贝航科  |  10.0%   |       |       |       |       |       |       |       |       |       | 10.0  |
|   电子元件   | 002389 |  航天彩虹  |  10.0%   |       |       |       |       |       |       |       |       |       | 10.0  |
|   通用设备   | 000777 |  中核科技  |  10.0%   |       |       |       |       |       |       |       |       |       | 10.0  |
|   玻璃玻纤   | 600586 |  金晶科技  |  10.0%   | -5.4  |  6.9  |  0.0  | -6.3  | -4.6  |  3.4  | -0.5  | 10.0  |  7.7  | -0.2  |
|    小金属    | 600615 |  丰华股份  |  10.0%   |       |       |       |       |       |       |       |       |       | 10.0  |
|   贸易行业   | 000151 |  中成股份  |  10.0%   |       |       |       |       |       |       |       |       |       | 10.0  |
|   铁路公路   | 000755 |  山西路桥  |   9.9%   |       |       |       |       |       |       |       |       |       |  9.9  |
|   旅游酒店   | 000978 |  桂林旅游  |   9.9%   |       |       |       |       |       |       |       |       |       |  9.9  |
|   交运设备   | 603766 |  隆鑫通用  |   9.9%   |       |       |       |       |       |       |       |       |       |  9.9  |
|   通用设备   | 000595 |  宝塔实业  |   9.8%   | -2.8  | -5.1  |  5.0  |  4.4  | 10.0  | -2.1  | -5.2  | 10.0  |  2.0  | -5.2  |
|   专用设备   | 603789 |  星光农机  |   9.8%   |       |       |       |       | 10.1  |  1.2  | -1.1  |  0.7  |  1.9  | -2.8  |
|  房地产服务  | 002377 |  国创高新  |   9.8%   |       | 10.1  | -1.3  | -2.6  |  1.7  |  0.7  |  2.3  |  1.0  | -0.3  | -1.6  |
|   电子元件   | 000062 |  深圳华强  |   9.8%   |       | 10.0  |  4.0  | -3.9  |  0.6  | -1.1  | -0.3  |  1.9  | -2.7  |  1.5  |
|   仪器仪表   | 688056 |  莱伯泰科  |   9.7%   |       |       |       |       | 13.2  | -8.0  |  1.7  |  0.0  |  0.6  |  3.0  |
|   生物制品   | 002693 |  双成药业  |   9.6%   |  0.2  | -0.6  |  1.4  | -0.4  |  1.8  |  2.5  | 10.1  | -0.2  |  3.1  | -7.8  |
|   化学制品   | 688398 |  赛特新材  |   9.6%   |       |       |       |       |       |       |       |       | 13.2  | -3.2  |
|   电网设备   | 002560 |  通达股份  |   9.6%   | -1.8  | 10.0  | -2.0  | -8.5  |  1.1  |  3.6  |  1.1  |  2.2  |  5.4  | -0.8  |
|   电源设备   | 300105 |  龙源技术  |   9.5%   |       |       |       |       |       |       |       |       | 16.9  | -6.3  |
|   化学原料   | 002053 |  云南能投  |   9.5%   |       |       |       |       |       |       |       | 10.0  |  1.6  | -2.1  |
|   专用设备   | 603901 |  永创智能  |   9.2%   |       |       |       |       |       |       | 10.0  |  1.2  | -0.7  | -1.1  |
|   石油行业   | 000819 |  岳阳兴长  |   9.2%   |       |       |       |       |       | 10.0  |  0.9  |  1.1  |  0.0  | -2.6  |
|   商业百货   | 600605 |  汇通能源  |   9.2%   |       |       |       |       |       | 10.0  |  3.2  |  0.1  | -2.9  | -1.0  |
|   煤炭行业   | 601001 |  晋控煤业  |   9.2%   | 10.0  | -3.1  |  0.0  | -4.7  |  4.1  | -0.8  |  5.6  |  0.7  | -1.7  | -0.6  |
|   通信设备   | 300565 |  科信技术  |   9.1%   | -0.3  |  4.1  |  0.0  | -15.9 |  0.3  | -5.8  |  4.8  | 20.0  |  9.3  | -3.7  |
|    半导体    | 688206 |  概伦电子  |   9.1%   | 12.9  | -5.1  |  2.2  | -7.6  | -2.0  |  0.2  |  6.3  |  0.5  | -6.7  | 10.1  |
|   专用设备   | 002523 |  天桥起重  |   9.1%   |       |       |       |       |       |       | 10.1  |  0.3  |  0.6  | -1.8  |
|    半导体    | 688595 |  芯海科技  |   9.1%   | 13.9  | -4.4  |  1.6  |  0.5  | -1.0  | -3.2  | -2.3  |  0.8  |  1.3  |  2.6  |
|     燃气     | 000593 |  德龙汇能  |   8.9%   | 10.0  | 10.0  |  5.8  | -10.0 | -10.0 | -8.5  | 10.0  | 10.0  |  5.3  | -10.0 |
|  光学光电子  | 002992 |  宝明科技  |   8.8%   | -2.9  |  5.1  | -3.0  | -10.0 |  3.2  |  7.9  |  1.4  | 10.0  |  2.0  | -3.5  |
|     燃气     | 831010 |  凯添燃气  |   8.8%   | 12.1  | -2.9  |  0.0  | -4.8  | -1.1  |  0.5  | 10.3  | -3.1  |  0.2  | -1.5  |
|  汽车零部件  | 603917 |  合力科技  |   8.8%   |  3.6  | -5.6  |  0.0  | -4.5  |  4.2  |  5.3  | -1.8  |  1.7  | 10.0  | -3.4  |
|   专用设备   | 601399 |  国机重装  |   8.8%   |       |  9.9  |  0.0  | -5.0  |  1.4  | -2.5  |  1.1  |  1.9  |  0.3  |  1.9  |
|   航运港口   | 603209 |  兴通股份  |   8.7%   |       |       |       |       |       | 10.0  |  3.2  |  1.0  | -3.2  | -2.1  |
|    半导体    | 688173 |   希荻微   |   8.7%   | 14.2  | -1.6  |  0.0  | -2.3  | -0.7  | -4.1  | -0.1  |  0.0  |  1.8  |  2.0  |
|   有色金属   | 000612 |  焦作万方  |   8.6%   |       |       |       |       |       |       |       |       |  9.9  | -1.2  |
|   食品饮料   | 603719 |  良品铺子  |   8.6%   |       | 10.0  |  0.0  | 10.0  |  2.3  | -4.2  | -3.7  | -1.2  | -0.5  | -3.3  |
|     燃气     | 000968 |  蓝焰控股  |   8.6%   |       |       |       |       |       |       | 10.0  |  1.5  |  0.2  | -2.9  |
|   化学制品   | 002809 |  红墙股份  |   8.5%   | -2.0  |  0.4  |  0.3  | -3.0  |  0.2  |  2.5  |  4.0  | 10.0  |  1.5  | -4.8  |
|  房地产开发  | 600533 |  栖霞建设  |   8.4%   |       |       |       |       |       |       |       |       | 10.0  | -1.4  |
|  汽车零部件  | 603758 |  秦安股份  |   8.4%   |       |       |       |       |       | 10.0  | -2.6  |  1.3  |  2.8  | -2.8  |
|   航运港口   | 601975 |  招商南油  |   8.4%   |  5.7  | -7.3  |  0.0  | -10.1 | -1.7  |  5.8  |  9.9  |  5.3  |  0.2  |  1.9  |
|   有色金属   | 000807 |  云铝股份  |   8.3%   |       |       |       |       |       |       |       |       | 10.0  | -1.5  |
|  计算机设备  | 300045 |  华力创通  |   8.3%   |       |       |       |       |       | 18.0  | -5.0  |  0.1  | -3.3  | -0.2  |
|   专用设备   | 603966 |  法兰泰克  |   8.3%   |       |       |       |       |       |       | 10.0  |  0.4  |  0.3  | -2.4  |
|  汽车零部件  | 002921 |  联诚精密  |   8.2%   | -5.4  | -0.1  |  2.3  | -2.2  |  1.5  |  0.7  | -0.9  |  1.4  |  1.3  | 10.0  |
|   装修建材   | 000619 |  海螺新材  |   8.1%   | -0.8  | -0.3  |  1.8  | -2.2  |  2.3  |  1.1  |  0.8  | 10.0  | -2.9  | -1.4  |
|     燃气     | 605090 |  九丰能源  |   8.1%   |       |       |       |       |       |       | 10.0  |  7.4  |  1.7  | -10.0 |
|   玻璃玻纤   | 603021 |  山东华鹏  |   8.1%   |       |       |       |       |       | 10.0  | -0.2  |  1.9  | -2.8  | -0.7  |
|     燃气     | 000421 |  南京公用  |   8.1%   | -1.0  | -3.6  | 10.1  | -0.7  | 10.0  | -5.1  | 10.1  |  1.8  | -1.6  | -10.0 |
|  电子化学品  | 002584 |  西陇科学  |   7.9%   |       |       |       |       |       |       |       |       | 10.0  | -1.9  |
|  电子化学品  | 688268 |  华特气体  |   7.9%   |  9.9  |  5.7  |  2.1  | -2.1  |  0.4  | -4.2  |  0.3  | -0.3  | -3.3  | -0.2  |
|   软件开发   | 688318 |  财富趋势  |   7.8%   |       |       |       |       | 11.9  | -4.9  | -1.2  | -0.4  |  3.8  | -0.8  |
|    半导体    | 688230 |  芯导科技  |   7.7%   | 11.9  | -5.0  |  4.3  |  0.1  | -0.7  | -4.0  | -0.6  | -1.5  | -0.4  |  4.4  |
|   家电行业   | 300625 |  三雄极光  |   7.6%   |       |       |       |       | 11.0  |  3.0  | -2.7  | -0.6  | -2.2  | -0.5  |
|   通用设备   | 002903 |  宇环数控  |   7.6%   | -1.2  | -6.0  |  1.0  | -6.8  | -0.5  |  3.9  |  1.4  |  5.9  | 10.0  |  0.7  |
|   仪器仪表   | 002849 |  威星智能  |   7.5%   | 10.0  | -2.8  | -4.1  | -6.5  |  1.9  |  1.9  |  4.2  |  6.7  | -2.5  | -0.4  |
|   橡胶制品   | 603650 |  彤程新材  |   7.4%   | -4.0  |  0.4  |  0.0  | -3.6  | -2.3  |  1.6  |  2.6  |  1.5  | 10.0  |  1.6  |
|   化学制品   | 600500 |  中化国际  |   7.3%   |       |       |       |       |       |       |       | 10.1  | -0.4  | -2.1  |
|   交运设备   | 688569 |  铁科轨道  |   7.3%   |       | 13.3  |  0.6  |  0.3  | -1.5  | -3.0  | -1.0  | -0.5  | -1.4  |  1.2  |
| 工程咨询服务 | 002116 |  中国海诚  |   7.3%   | 10.0  |  3.2  | -4.4  |  2.9  | -5.9  |  0.9  |  3.9  | -0.6  | -3.3  |  1.1  |
|   化学原料   | 000818 |  航锦科技  |   7.3%   |       |  9.9  | -4.8  | -1.3  |  1.7  |  1.5  | -0.5  |  3.1  | -1.0  | -0.9  |
|   电力行业   | 600027 |  华电国际  |   7.3%   |       |       |       |       |       |       |       |       | 10.0  | -2.5  |
|   生物制品   | 688235 | 百济神州-U |   7.3%   | 12.1  |  3.8  |  0.3  | -4.2  |  1.0  | -0.0  | -2.2  |  0.4  | -1.6  | -1.6  |
|     电池     | 688006 |  杭可科技  |   7.2%   |       |       |       | 10.9  | -0.5  | -8.2  |  2.2  |  3.5  |  0.5  | -0.5  |
|   塑料制品   | 301193 |  家联科技  |   7.1%   | 15.9  | -8.3  |  0.0  | -2.5  |  1.6  |  3.1  |  1.1  | -3.3  |  4.9  | -3.7  |
|   电网设备   | 002882 |   金龙羽   |   7.1%   |       |       |       |       |       |       |       |       | 10.0  | -2.6  |
|   通用设备   | 603131 |  上海沪工  |   7.0%   |       |       |       |       |       | 10.0  | -0.1  |  1.0  | -1.8  | -1.8  |
|     燃气     | 603706 |  东方环宇  |   6.9%   | 10.0  |  0.4  |  0.0  | -7.3  | -1.0  | -1.5  | 10.0  |  2.8  | -0.7  | -4.6  |
|   环保行业   | 603324 |  盛剑环境  |   6.9%   | 10.0  | -6.3  |  0.0  | -4.2  | -1.0  |  1.3  | -3.5  |  0.6  | 10.0  |  1.1  |
|    半导体    | 688286 |  敏芯股份  |   6.9%   |  6.1  | -5.2  | 12.5  | -3.8  |  0.9  | -5.3  | -0.7  |  1.6  | -1.6  |  3.6  |
|   通用设备   | 002943 |  宇晶股份  |   6.8%   | -2.9  |  0.2  |  2.3  | -10.0 | -2.3  |  2.4  | 10.0  | 10.0  | -0.6  | -1.0  |
|   家电行业   | 603311 |  金海高科  |   6.8%   |       |       |       |       |       |       | 10.0  |  1.5  | -3.1  | -1.4  |
|   煤炭行业   | 600508 |  上海能源  |   6.7%   | 10.0  | -3.4  |  0.0  | -5.5  |  3.7  | -1.5  |  3.7  |  1.1  |  1.9  | -2.5  |
|   食品饮料   | 002956 |  西麦食品  |   6.7%   |       |       | 10.0  | 10.0  | -1.1  | -4.0  | -2.0  | -1.1  |  0.9  | -4.9  |
|   化学制品   | 600800 |  渤海化学  |   6.7%   |       |       |       |       |       |       |       | 10.0  |  0.2  | -3.2  |
|   家电行业   | 002418 |  康盛股份  |   6.7%   |       | 10.1  | 10.1  | -0.5  | -4.5  | -2.1  | -3.2  |  1.7  | -2.5  | -1.4  |
|   装修装饰   | 002620 |  瑞和股份  |   6.5%   | -0.9  | -3.6  |  1.9  | -3.9  |  0.2  |  2.7  |  1.6  |  1.2  | -2.1  |  9.9  |
|   家用轻工   | 001222 |   N源飞    |   6.4%   | 10.0  | 10.0  | 10.0  | 10.0  | -9.9  | -10.0 |  1.5  | -6.5  | -1.2  | -4.5  |
|   风电设备   | 603507 |  振江股份  |   6.4%   |  1.2  | -3.2  |  0.0  | -6.4  |  2.0  |  1.2  | 10.0  |  3.6  | -0.8  | -0.5  |
|  汽车零部件  | 603161 |  科华控股  |   6.3%   |       |       |       |       |       |       |       |       | 10.0  | -3.3  |
|   通信设备   | 002583 |   海能达   |   6.3%   |       |       |       |       |       | 10.0  | -1.8  | -0.7  | -3.5  |  2.7  |
|   生物制品   | 688331 |  荣昌生物  |   6.3%   | 12.7  |  1.4  | -2.0  |  0.3  | -0.9  | -2.4  | -1.9  |  3.7  | -2.4  | -1.4  |
|  光学光电子  | 688205 |  N德科立   |   6.2%   |       |       | 25.8  | -7.7  |  4.1  | -7.5  | -4.5  | -1.2  | -0.6  |  1.2  |
|   消费电子   | 300857 |  协创数据  |   6.1%   |       |       | 10.6  | 10.6  | -4.8  |  3.0  | -2.8  | -1.4  | -3.6  | -4.1  |
|   水泥建材   | 600678 |  四川金顶  |   6.1%   |       |       |       |       |       |       | 10.0  |  2.2  | -3.3  | -2.3  |
| 工程咨询服务 | 002949 |  华阳国际  |   6.1%   | 10.0  |  6.0  | -3.8  |  3.0  | -3.5  | -0.1  | -0.8  | -1.3  | -1.8  | -0.9  |
|  汽车零部件  | 605228 |  神通科技  |   6.0%   |       |       |       |       |       |       |       |       | 10.1  | -3.6  |
|   工程建设   | 000065 |  北方国际  |   6.0%   |  1.2  |  2.0  | 10.1  | -8.1  | -6.0  |  0.0  |  1.7  |  4.0  |  1.5  |  0.6  |
|   光伏设备   | 002218 |  拓日新能  |   6.0%   | -2.5  |  3.7  |  9.9  | -5.3  | -5.7  |  0.5  | -0.2  |  5.7  |  1.1  | -0.5  |
|   化学制药   | 600216 |  浙江医药  |   6.0%   | -0.3  | -1.6  |  0.0  | -4.5  | -0.2  |  0.4  |  4.3  | 10.0  | -1.2  | -0.4  |
|     燃气     | 603080 |  新疆火炬  |   6.0%   |       |       |       |       |       |       | 10.0  | -0.1  | -0.6  | -3.0  |
|   软件开发   | 002987 |   京北方   |   5.9%   |       |       |       |       |       |       |       |       | 10.0  | -3.7  |
|   电源设备   | 600475 |  华光环能  |   5.9%   |       |       |       |       |       |       |       |       | 10.0  | -3.7  |
|   航天航空   | 600118 |  中国卫星  |   5.9%   |       |       |       |       |       | 10.0  | -1.9  |  0.9  | -2.5  | -0.4  |
|   家电行业   | 603355 |  莱克电气  |   5.8%   | 10.0  |  5.1  |  0.0  | -4.3  | -1.4  |  0.2  | -1.5  |  6.6  | -1.6  | -6.3  |
|   文化传媒   | 002858 |  力盛体育  |   5.7%   |       |       |       |       |       |       |       | 10.0  | -0.8  | -3.2  |
|   环保行业   | 301068 |  大地海洋  |   5.7%   |       |       |       |       | 11.5  | -3.9  | -0.5  | -2.2  | -0.5  |  1.9  |
|  汽车零部件  | 600841 |  动力新科  |   5.5%   |       | 10.0  |  0.0  | -5.1  | -1.7  | -0.1  | -2.0  |  1.0  |  1.2  |  3.0  |
|   工程建设   | 601868 |  中国能建  |   5.5%   |       |       |       |       |       |       |       |       | 10.2  | -4.2  |
|  房地产开发  | 600791 |  京能置业  |   5.5%   |       |       |       |       |       |       | 10.1  |  1.5  | -0.4  | -5.3  |
|   电网设备   | 300286 |   安科瑞   |   5.4%   | -2.3  | 15.5  |  0.0  | -6.2  | -2.2  |  2.2  |  2.3  | -0.2  |  3.1  | -5.2  |
|     燃气     | 300483 |  首华燃气  |   5.3%   |       |       |       |       |       |       | 14.1  | -1.4  | -2.1  | -4.3  |
|   专用设备   | 603011 |  合锻智能  |   5.3%   | -5.2  | -4.4  |  0.0  |  1.8  |  5.7  | -0.8  | -1.3  | 10.0  |  4.3  | -4.0  |
|   通信设备   | 300252 |   金信诺   |   5.2%   |       |       |       |       |       | 11.3  | -3.0  |  3.8  | -3.1  | -3.1  |
|   通用设备   | 301268 |   铭利达   |   5.1%   | -4.4  | -2.0  |  0.0  | -7.8  |  5.8  | 10.7  |  1.1  |  5.2  | -3.4  |  1.0  |
|   通信设备   | 002935 |  天奥电子  |   5.0%   |  2.4  |  2.4  |  1.4  | -4.8  | 10.0  | 10.0  | -6.2  | -1.0  | -4.9  | -3.0  |
|   医疗服务   | 002524 |  光正眼科  |   5.0%   |       |       |       |       |       |       | 10.1  | -2.4  |  0.5  | -2.8  |
|   通用设备   | 688003 |  天准科技  |   4.9%   |       |       |       |       | 11.4  | -7.0  |  0.7  | -3.0  | -1.0  |  4.9  |
|  互联网服务  | 688258 |  卓易信息  |   4.9%   | 16.2  |  4.8  | -6.0  |  0.2  |  3.4  | -6.2  | -3.6  | -1.6  | -0.9  |  0.4  |
|  光学光电子  | 002456 |   欧菲光   |   4.8%   |       |       | 10.0  | -0.9  | -5.0  |  2.5  |  2.7  |  0.2  | -1.9  | -2.2  |
|  汽车零部件  | 002472 |  双环传动  |   4.7%   | -0.2  | -2.4  |  5.4  | -6.7  |  0.3  |  1.6  | -3.0  |  2.0  | 10.0  | -1.5  |
|  互联网服务  | 600446 |  金证股份  |   4.7%   | 10.0  | -2.1  |  0.0  |  4.5  | -2.2  |  0.9  | -2.5  | -0.9  | -0.4  | -2.1  |
|   文化传媒   | 000607 |  华媒控股  |   4.6%   |       |       |       |       |       | 10.1  | -2.2  | -0.2  | -1.2  | -1.4  |
|   文化传媒   | 600996 |  贵广网络  |   4.6%   | -1.0  | 10.0  |  0.0  |  2.7  | -9.1  |  6.7  | -3.8  |  1.6  |  1.1  | -2.5  |
|   文化传媒   | 300987 |  川网传媒  |   4.6%   |       |       |  9.9  |  1.1  | -5.1  |  7.8  | -2.6  | -1.9  | -3.8  |  0.1  |
|   软件开发   | 300845 |  捷安高科  |   4.6%   |       |       |       |       | 20.0  | -5.1  | -4.0  | -0.9  | -1.4  | -2.1  |
|  汽车零部件  | 002725 |  跃岭股份  |   4.6%   |  0.0  |  0.7  |  2.0  | -4.8  | -2.6  | 10.0  |  0.7  | -1.2  |  0.6  | -0.3  |
|   食品饮料   | 603777 |   来伊份   |   4.5%   | 10.0  |  1.5  |  0.0  |  7.4  | -0.2  | -5.7  | -3.1  |  1.4  | -4.5  | -1.3  |
|   化学制药   | 000952 |  广济药业  |   4.5%   |       |       |       |       |       |       |       | 10.0  | -2.2  | -2.9  |
|  互联网服务  | 002380 |  科远智慧  |   4.5%   | -6.4  | -1.1  |  3.3  | -5.0  |  0.1  |  1.9  | -1.0  |  1.1  | 10.0  |  2.5  |
|   塑料制品   | 603051 |  鹿山新材  |   4.4%   | -0.2  | -0.3  |  0.0  | -7.6  |  2.2  |  0.6  |  0.9  | 10.0  |  6.9  | -6.9  |
|   石油行业   | 603798 |   康普顿   |   4.4%   |       |       |       |       | 10.0  | -0.3  |  2.1  | -1.3  | -2.3  | -3.3  |
|   仪器仪表   | 002819 |  东方中科  |   4.4%   |       |       |       |       |       | 10.0  | -2.1  | -1.4  |  0.0  | -1.7  |
|   化肥行业   | 000731 |  四川美丰  |   4.3%   |       |       |       |       |       |       |       | 10.0  | -2.4  | -2.8  |
|   通信设备   | 000836 |  富通信息  |   4.3%   |       |       |       |       |       |       |  9.9  | 10.1  | -4.1  | -10.1 |
|   化学制药   | 603676 |   卫信康   |   4.3%   |       |       |       |       |       |       |       | 10.0  | -1.6  | -3.6  |
|     燃气     | 600803 |  新奥股份  |   4.2%   |       |       |       |       |       |       | 10.0  | -1.6  | -2.3  | -1.5  |
|   医疗器械   | 688105 |   诺唯赞   |   4.0%   | 10.8  |  0.2  | -1.6  | -3.0  |  2.4  | -2.1  | -1.5  | -0.4  | -1.9  |  1.9  |
|   电源设备   | 002630 |  华西能源  |   4.0%   | -5.0  | -2.0  |  1.0  | -4.1  |  1.1  | -0.7  |  0.3  |  9.9  | 10.0  | -5.3  |
|    半导体    | 300053 |   欧比特   |   4.0%   |       |       |       |       |       | 16.2  | -6.0  | -0.3  | -0.8  | -3.7  |
|   通信服务   | 601698 |  中国卫通  |   4.0%   |       |       |       |       |       | 10.0  |  1.9  | -0.7  | -5.5  | -1.2  |
|   化学原料   | 001217 |   华尔泰   |   3.9%   | -3.6  |  0.5  |  0.6  | -4.5  | -1.7  |  0.8  | -1.2  |  2.9  | 10.0  |  0.7  |
|     中药     | 002566 |  益盛药业  |   3.9%   |       |       |       |       |       |       |       | 10.0  | -2.8  | -2.8  |
|   商业百货   | 002697 |  红旗连锁  |   3.8%   |       |       |       |       | 10.1  |  3.5  | -8.5  |  0.0  | -2.5  |  2.2  |
|     燃气     | 603318 |  水发燃气  |   3.8%   |       |       |       |       |       |       | 10.0  |  1.0  | -2.4  | -4.3  |
|     燃气     | 000407 |  胜利股份  |   3.7%   |       |       |       |       |       |       | 10.1  | -1.1  | -2.0  | -2.8  |
|  光学光电子  | 002387 |   维信诺   |   3.6%   | -3.6  | -2.3  | -0.2  | -1.6  | -1.1  |  2.9  | -1.4  | 10.0  |  0.9  |  0.6  |
|  汽车零部件  | 603997 |  继峰股份  |   3.6%   | -1.7  |  4.1  |  0.0  | -8.6  | -1.4  | 10.0  | -5.7  |  3.3  |  6.9  | -1.9  |
|   专用设备   | 002490 |  山东墨龙  |   3.5%   |  0.9  | -4.8  |  1.8  | -6.3  | -2.0  |  4.6  |  9.9  |  2.0  |  0.7  | -2.4  |
|  汽车零部件  | 603982 |  泉峰汽车  |   3.4%   | -4.7  | -1.9  |  0.0  | -10.0 | -2.8  |  3.8  | 10.0  |  2.5  |  6.7  |  1.3  |
|   软件开发   | 688083 |  中望软件  |   3.4%   | 20.0  |  0.8  | -6.5  | -2.9  | -0.7  | -3.5  |  1.7  | -4.4  | -1.0  |  2.1  |
|   化学制品   | 002562 |  兄弟科技  |   3.3%   |       |       |       |       |       |       |       |  9.9  | -5.2  | -0.9  |
|   通信服务   | 002467 |   二六三   |   3.3%   |       |       |       |       |       | 10.1  |  0.2  | -1.7  | -1.7  | -3.1  |
|   玻璃玻纤   | 603256 |  宏和科技  |   3.3%   | -1.5  | -1.4  |  0.0  | -3.2  | -1.7  |  1.3  |  0.3  |  0.4  | -0.4  | 10.0  |
|   多元金融   | 000416 |  民生控股  |   3.1%   |  9.9  | -5.5  |  0.0  | 10.1  | -4.2  |  4.7  |  0.9  | -2.0  | -6.5  | -2.7  |
|   电子元件   | 600152 |  维科技术  |   3.1%   | -5.9  | -6.0  |  0.0  | -10.0 | -5.0  |  5.3  | 10.0  | 10.0  |  4.3  |  2.5  |
|  汽车零部件  | 002537 |  海联金汇  |   3.0%   |  1.4  | -8.8  |  4.1  | -8.7  |  1.0  |  5.1  | -0.1  |  0.7  | 10.1  | -0.2  |
|    半导体    | 688213 |  思特威-W  |   3.0%   | 14.1  | -4.8  |  0.3  | -2.3  |  1.1  | -0.8  | -2.5  |  1.0  | -3.9  |  2.0  |
|   家用轻工   | 301101 |  明月镜片  |   3.0%   |       | 11.8  |  0.0  | -7.2  | -1.2  |  1.4  |  2.2  | -2.9  | -1.0  |  0.9  |
|   食品饮料   | 603886 |  元祖股份  |   2.9%   | 10.0  |  1.1  |  0.0  |  1.5  | -3.2  |  0.5  | -3.3  |  0.2  | -0.7  | -2.7  |
|   煤炭行业   | 600121 |  郑州煤电  |   2.9%   |  5.2  | -5.8  |  0.0  | -7.5  | 10.1  | -0.7  |  4.9  |  1.3  | -0.9  | -2.5  |
|   电力行业   | 601908 |   京运通   |   2.8%   |       | 10.0  |  0.0  | -10.0 | -3.2  | -1.8  | -0.1  |  6.8  |  4.2  | -1.8  |
|     燃气     | 603053 |  成都燃气  |   2.5%   |       | 10.0  |  0.0  | -5.9  |  0.8  | -3.2  |  8.1  | -1.6  | -1.9  | -2.8  |
|   文化传媒   | 001330 |   N博纳    |   2.4%   | 10.0  | 10.0  |  6.3  | -6.3  |  2.6  | -10.0 | -10.0 |  2.1  | -2.5  |  2.7  |
|   专用设备   | 603912 |   佳力图   |   2.4%   | 10.0  |  4.1  |  0.0  | -6.1  | -1.3  |  3.9  | -2.2  | -2.4  |  1.1  | -3.9  |
|   电源设备   | 600405 |   动力源   |   2.3%   | 10.0  | 10.0  |  0.0  | -9.9  | -8.7  | -0.5  |  1.4  |  3.9  | -0.1  | -1.7  |
|   通信设备   | 300563 |  神宇股份  |   2.2%   | -5.4  | -0.4  |  0.0  |  2.2  | -4.6  | 20.0  |  2.7  |  2.7  | -8.4  | -4.1  |
|  计算机设备  | 300455 |  康拓红外  |   2.1%   |       |       |       |       |       | 11.2  | -4.3  |  0.3  | -3.0  | -1.3  |
|  房地产开发  | 000042 |  中洲控股  |   2.1%   |       |       |       |       |       |       |       | 10.0  | -2.9  | -4.4  |
|   航运港口   | 000507 |   珠海港   |   1.9%   | 10.0  | -1.9  | -4.2  | -4.6  |  0.3  |  1.2  |  3.3  |  0.3  | -1.9  |  0.0  |
|   医疗服务   | 002173 |  创新医疗  |   1.9%   | -2.6  |  4.9  | -0.7  |  5.7  | -8.4  | 10.0  | -0.9  |  0.7  | -2.9  | -2.6  |
|     电机     | 003021 |  兆威机电  |   1.9%   |  4.2  | -7.3  | 10.0  | -10.0 | -4.0  |  7.7  | -4.1  |  5.0  | 10.0  | -7.1  |
|   专用设备   | 300472 |  新元科技  |   1.9%   | -7.7  | -2.8  |  0.0  | -4.4  | -1.5  |  9.6  | 11.1  |  0.3  |  2.5  | -3.7  |
|   有色金属   | 002532 |  天山铝业  |   1.9%   | -1.9  | -1.2  |  3.1  | -6.0  | -2.9  | -0.5  | -0.3  |  2.3  | 10.1  |  0.0  |
|   通用设备   | 002685 |  华东重机  |   1.8%   |  3.1  | -6.8  |  3.6  | -7.7  | -2.2  |  4.0  |  0.2  |  1.4  |  9.9  | -2.6  |
|   家电行业   | 300342 |  天银机电  |   1.8%   |       |       |       |       |       | 12.0  | -3.7  | -0.1  | -3.2  | -2.4  |
|   电子元件   | 002137 |   实益达   |   1.7%   |       |       |       |       | 10.0  | 10.0  | -3.3  | -2.7  | -4.3  | -6.6  |
|   电网设备   | 002090 |  金智科技  |   1.7%   | -2.8  |  1.7  | 10.0  | -10.0 | -7.2  |  4.3  |  1.4  |  3.3  | -0.8  |  3.2  |
|   通用设备   | 002514 |  宝馨科技  |   1.7%   | -4.7  | -1.2  | 10.0  | -2.0  | -5.5  |  5.6  | -1.7  |  3.6  |  3.6  | -4.9  |
|   食品饮料   | 600300 |  维维股份  |   1.6%   |       |       |       |       |       |       |       |  9.9  | -6.0  | -1.6  |
|   家用轻工   | 300729 |  乐歌股份  |   1.6%   | 16.3  | -8.5  |  0.0  | -4.8  |  1.7  |  2.3  |  1.2  | -1.9  | -1.4  | -1.5  |
|   医疗服务   | 688238 |  和元生物  |   1.4%   |       |  9.9  | -2.6  | -1.5  |  0.3  | -2.5  | -1.8  | -1.1  | -1.3  |  2.6  |
|   石油行业   | 000637 |  茂化实华  |   1.4%   |       |       |       |       |       |       | 10.1  | -0.9  | -3.5  | -3.6  |
|   家电行业   | 002676 |  顺威股份  |   1.4%   | -1.8  | -0.5  |  2.1  | 10.0  | -2.5  |  1.3  | -2.3  |  4.7  | -2.9  | -5.9  |
|   塑料制品   | 002341 |  新纶新材  |   1.3%   | -8.4  |  1.2  |  1.4  | -2.9  | -1.9  | 10.0  |  0.6  |  3.4  | -0.6  | -0.6  |
|  非金属材料  | 603260 |  合盛硅业  |   1.2%   | -7.0  | -3.4  |  0.0  | -4.5  | -4.7  | 10.0  |  4.5  |  6.3  |  2.7  | -1.3  |
|   化学制药   | 600851 |  海欣股份  |   1.2%   |       |       | 10.0  |  0.8  |  2.2  | -5.4  | -1.3  |  0.0  | -1.9  | -2.4  |
|   专用设备   | 301158 |  德石股份  |   1.2%   | 17.3  | -9.5  |  0.0  | -9.1  |  0.5  |  1.4  |  5.5  | -1.4  |  3.0  | -3.9  |
|     电池     | 300068 |  南都电源  |   1.2%   |  1.6  | -1.3  |  6.8  | -19.3 |  4.6  | -5.1  |  1.5  | 11.8  |  2.7  |  1.1  |
|   专用设备   | 300402 |  宝色股份  |   1.1%   |  6.7  |  1.6  |  0.0  | -8.4  | -11.0 |  0.8  |  2.2  | -0.7  | -0.9  | 12.7  |
|   采掘行业   | 002554 |   惠博普   |   1.0%   |       | 10.1  | 10.1  | -10.0 | -9.9  |  1.9  |  4.6  |  1.1  |  1.7  | -6.2  |
|   造纸印刷   | 002012 |  凯恩股份  |   0.9%   |       | 10.1  |  9.9  | -8.1  | -7.3  |  1.8  | -1.8  | -0.4  |  1.2  | -3.0  |
|   专用设备   | 002209 |   达意隆   |   0.9%   | 10.0  | -9.1  | -0.7  | -6.8  | -1.4  |  2.6  |  5.2  |  3.1  |  0.0  | -0.8  |
|     证券     | 000686 |  东北证券  |   0.8%   | 10.1  | -4.8  | -1.9  | -0.1  | -3.2  |  0.1  |  1.9  |  0.3  | -0.7  | -0.1  |
|     燃气     | 605169 |  洪通燃气  |   0.7%   |  3.1  | -4.7  |  0.0  | -6.1  |  0.1  |  1.6  | 10.0  |  2.6  | -0.3  | -4.7  |
|    半导体    | 002077 |  大港股份  |   0.5%   | -4.3  | -5.5  |  1.9  |  3.9  | -5.3  |  2.3  |  3.5  |  1.9  | 10.0  | -6.6  |
|     教育     | 003032 |  传智教育  |   0.5%   |       | 10.0  |  0.8  | -4.0  |  1.3  |  2.6  | -2.1  | -1.4  | -1.9  | -4.2  |
|   有色金属   | 002501 |  利源精制  |   0.4%   |  9.8  | -4.9  | -1.7  | -2.6  | -1.8  |  1.4  |  0.0  | -0.5  |  3.1  | -1.8  |
|   文化传媒   | 601811 |  新华文轩  |   0.3%   |       | 10.0  |  0.0  | -2.5  | -2.1  |  2.5  |  0.7  | -2.2  | -3.3  | -2.0  |
|   家电行业   | 002848 |  高斯贝尔  |   0.3%   | -1.6  |  0.0  |  0.0  | -4.2  | -4.6  |  6.1  |  3.0  | 10.0  | -4.0  | -3.3  |
|    半导体    | 688256 |  寒武纪-U  |   0.2%   | 10.3  | -4.1  |  5.5  | -1.8  |  0.3  | -3.1  | -4.0  | -1.5  | -0.7  |  0.2  |
|   物流行业   | 002210 |  飞马国际  |   0.0%   | -0.8  | -2.0  |  0.4  | -2.5  | -0.4  |  0.4  | 10.1  | -1.1  | -3.1  | -0.4  |
|   通信设备   | 000561 |  烽火电子  |  -0.1%   | -5.0  | -1.2  |  0.0  | -3.2  |  0.9  | 10.0  | -0.8  |  0.8  | -1.3  |  0.4  |
|   食品饮料   | 003000 |  劲仔食品  |  -0.1%   | -1.9  |  0.9  |  1.4  | -1.2  | -1.4  |  5.0  | -5.6  |  1.2  | 10.0  | -7.3  |
|   橡胶制品   | 002068 |  黑猫股份  |  -0.1%   | -4.3  | -5.8  |  2.9  | -6.2  |  0.0  |  6.0  |  1.6  | 10.0  |  1.6  | -4.7  |
|   通信服务   | 603602 |  纵横通信  |  -0.5%   | -4.8  |  0.0  |  0.0  | -2.3  |  2.5  | 10.0  | -0.6  |  1.9  | -3.4  | -3.1  |
|   家用轻工   | 002862 |  实丰文化  |  -0.5%   | -1.8  |  0.6  |  1.5  | 10.0  | -1.4  | -4.5  | -0.7  | -2.3  |  0.9  | -2.2  |
|   航运港口   | 600428 |  中远海特  |  -0.6%   | 10.0  | -1.9  |  0.0  | -9.2  | -3.0  |  4.6  |  2.5  |  0.9  | -1.9  | -1.4  |
|   光伏设备   | 600732 |  爱旭股份  |  -0.7%   | -2.7  | -4.7  |  0.0  | -4.4  |  0.4  | -3.9  |  1.1  | 10.0  |  4.9  | -0.3  |
|   通信设备   | 300698 |  万马科技  |  -0.7%   | -5.0  | -2.3  |  0.0  | -7.2  |  0.3  | 10.8  |  1.0  |  3.1  |  3.0  | -3.2  |
|    半导体    | 688047 |  龙芯中科  |  -0.8%   | 20.0  | -9.2  | -0.4  | -1.9  |  0.9  | -6.4  |  0.5  | -0.7  | -1.9  |  0.8  |
|  光学光电子  | 300545 |  联得装备  |  -1.0%   | -0.4  | -1.6  |  0.0  | -5.6  | -4.6  | 13.7  | -5.0  |  0.8  |  6.6  | -3.3  |
|   汽车整车   | 600733 |  北汽蓝谷  |  -1.1%   |       | 10.0  |  0.0  | -5.3  | -2.9  | -1.3  | -1.9  |  2.0  | -0.9  |  0.0  |
|   橡胶制品   | 600469 |  风神股份  |  -1.2%   | -2.4  | -4.6  |  0.0  | -3.4  | -1.1  |  2.1  |  0.9  |  2.4  | 10.0  | -4.2  |
|  光学光电子  | 002289 |  宇顺电子  |  -1.6%   | -1.7  | -2.3  | -2.3  | -4.5  |  0.6  |  1.9  | -1.6  |  0.1  | -1.1  |  9.9  |
|   化学制品   | 603822 |  嘉澳环保  |  -1.8%   | -1.3  | -2.0  |  0.0  | -10.0 | -0.1  |  6.4  | -0.6  |  4.1  | 10.0  | -6.8  |
|   专用设备   | 002337 |  赛象科技  |  -1.9%   |  2.2  | -8.4  | -1.2  | -4.5  | -2.1  |  9.9  |  2.0  |  1.3  |  1.6  | -1.4  |
|   通信设备   | 603083 |  剑桥科技  |  -2.0%   |       |       |       |       | 10.0  | -2.3  | -0.6  | -2.1  | -3.4  | -3.0  |
|   化学原料   | 002469 |  三维化学  |  -2.1%   | -2.1  | 10.0  | 10.1  | -9.7  | -10.0 |  0.1  |  2.2  |  3.6  |  0.2  | -4.4  |
|   软件开发   | 002261 |  拓维信息  |  -2.1%   | -0.8  |  0.3  | -2.6  | -2.6  | 10.1  |  0.7  | -1.3  | -0.3  | -2.7  | -2.5  |
|   软件开发   | 603138 |  海量数据  |  -2.1%   | -3.8  | -6.9  |  0.0  | -2.0  | 10.0  |  3.2  |  0.7  | -0.3  |  1.3  | -3.4  |
|   消费电子   | 002976 |  瑞玛精密  |  -2.2%   | -10.0 | -6.5  | -0.4  | -6.2  |  0.6  |  3.3  |  0.6  |  2.9  |  5.1  | 10.0  |
|   通信设备   | 002792 |  通宇通讯  |  -2.2%   | -4.7  |  0.3  | -2.1  | 10.0  | -1.5  | 10.0  | -1.8  |  7.4  | -10.0 | -7.8  |
|   电源设备   | 002534 |  西子洁能  |  -2.3%   |  2.9  | -2.6  | -5.3  | -10.0 |  0.3  | -2.3  |  0.8  |  7.3  | 10.0  | -1.9  |
|   电源设备   | 002518 |   科士达   |  -2.4%   | -0.1  | -6.0  |  2.0  | -10.0 | -0.3  |  0.1  | -1.2  | 10.0  |  3.2  |  1.2  |
|   专用设备   | 605286 |  同力日升  |  -2.5%   | -1.5  | -4.8  |  0.0  | -10.0 | -0.6  |  4.8  |  2.8  |  0.7  | -2.7  | 10.0  |
|  计算机设备  | 002512 |  达华智能  |  -3.2%   | -0.7  | -3.2  |  1.0  |  1.3  | -4.5  |  9.9  | -2.4  |  0.2  | -1.7  | -2.5  |
|     燃气     | 600617 |  国新能源  |  -3.6%   |  9.9  | -10.0 |  0.0  | -8.8  |  0.2  | -0.7  |  9.9  |  1.7  |  0.5  | -4.3  |
|     游戏     | 600892 |  大晟文化  |  -4.2%   |  1.9  | -5.2  |  0.0  |  6.2  | -9.9  |  9.9  | -1.6  | -0.4  | -1.6  | -2.2  |
|   电网设备   | 002622 |  融钰集团  |  -4.6%   |  9.9  | -9.3  | -0.3  | -5.7  | -2.9  |  2.4  |  1.2  |  0.3  |  1.7  | -0.8  |
|    半导体    | 001309 |   德明利   |  -4.7%   | -3.2  | -3.7  | -1.1  | -4.1  | -2.9  | 10.0  |  1.1  |  2.1  |  0.4  | -2.7  |
|   通用设备   | 000530 |  冰山冷热  |  -4.8%   | -1.0  | -6.0  |  2.2  |  0.7  | -4.3  | -3.0  | 10.1  |  1.1  |  0.5  | -4.2  |
|   仪器仪表   | 002658 |   雪迪龙   |  -4.8%   | 10.0  | -8.4  | -3.7  | -3.7  | -3.8  |  1.7  |  2.2  |  1.7  |  2.7  | -2.5  |
|   航运港口   | 002040 |   南京港   |  -4.9%   | 10.0  | -1.6  | -2.2  | -4.3  |  3.8  | -2.8  |  1.5  | -3.3  | -4.9  | -0.3  |
|   采掘行业   | 603727 |   博迈科   |  -5.2%   | 10.0  | -9.9  |  0.0  | -6.7  | -6.1  |  3.7  |  7.5  | -1.2  |  3.2  | -3.9  |
|   农牧饲渔   | 600359 |  新农开发  |  -5.2%   | -1.1  |  0.3  |  0.0  | -7.1  | 10.0  | -0.5  | -0.6  |  0.1  | -2.5  | -3.1  |
|   电网设备   | 603829 |  洛凯股份  |  -5.2%   |       |       |       |       | 10.0  | -1.2  | -2.4  |  0.1  | -5.1  | -6.0  |
|     燃气     | 002911 |  佛燃能源  |  -5.3%   |  4.0  | -10.0 | -3.0  | -6.0  |  1.9  | -1.2  | 10.0  |  5.6  | -1.1  | -4.0  |
|   仪器仪表   | 605056 |  咸亨国际  |  -5.5%   |       | 10.0  |  0.0  | -8.5  | -1.3  | -0.8  |  0.8  |  0.7  | -0.9  | -4.7  |
|   铁路公路   | 603069 |  海汽集团  |  -5.5%   | -5.8  |  0.3  |  0.0  | -5.9  | -5.2  |  0.4  | -1.6  |  2.1  |  1.2  | 10.0  |
|    半导体    | 688045 |   必易微   |  -5.8%   | 10.0  | -9.2  | -1.9  | -3.2  |  7.6  | -5.8  | -0.1  | -2.6  | -0.2  |  0.8  |
|   消费电子   | 300787 |  海能实业  |  -6.0%   |       | 11.1  |  0.0  | -11.6 |  3.5  | -1.1  | -4.2  |  1.7  |  1.4  | -5.3  |
|     电池     | 002580 |  圣阳股份  |  -6.3%   |  1.6  | -2.5  | -0.7  | -10.0 | -7.3  |  2.1  |  0.9  | 10.0  |  3.1  | -2.2  |
|   农牧饲渔   | 000702 |  正虹科技  |  -6.4%   |  9.9  | -4.7  |  0.1  |  1.8  | -0.5  | -4.0  | -2.2  |  0.0  | -1.4  | -4.8  |
|  互联网服务  | 300167 |   迪威迅   |  -6.5%   |       |       |       |       | 12.5  | -5.4  | -1.3  | -4.3  | -2.4  | -4.6  |
|  光学光电子  | 002983 |   芯瑞达   |  -6.6%   |       |       |       |       |       | 10.0  | -6.6  | -2.7  | -5.4  | -1.3  |
|   文化传媒   | 002292 |  奥飞娱乐  |  -6.7%   | -6.4  | -4.1  |  0.4  |  2.3  | -4.9  | 10.0  |  1.1  | -2.6  | -3.1  |  1.3  |
|   电子元件   | 301021 |  英诺激光  |  -7.7%   | -5.8  | -9.9  |  0.0  | -8.0  | -2.2  |  2.1  |  2.8  | 20.0  |  4.2  | -7.9  |
|   通用设备   | 002896 |  中大力德  |  -7.7%   | -3.7  | -3.1  |  0.5  |  1.1  | -7.3  | 10.0  | -3.2  |  4.0  |  1.8  | -6.9  |
|   商业百货   | 002264 |   新华都   |  -7.7%   | -10.0 |  2.5  |  2.5  |  0.1  |  9.9  | -5.8  | -0.9  | -2.1  | -2.1  | -0.9  |
|   电网设备   | 002350 |  北京科锐  |  -7.7%   |  2.8  | -4.7  | 10.0  | -10.0 | -10.0 | -0.8  |  1.7  |  4.3  |  4.8  | -4.1  |
|   电力行业   | 000037 |  深南电A   |  -7.8%   | -2.6  | 10.0  | 10.0  | -2.9  | -10.0 | -10.0 | -2.7  |  4.2  |  0.2  | -2.1  |
|   综合行业   | 000909 |  数源科技  |  -9.6%   | -10.0 | -4.0  | 10.0  | 10.1  | -3.0  |  0.6  |  4.0  | -2.4  | -9.1  | -4.0  |
|   文化传媒   | 000802 |  北京文化  |  -10.9%  |  9.9  | -6.4  | -1.1  |  9.8  | -10.0 | -2.5  |  1.1  | -2.8  | -5.3  | -2.3  |
|   专用设备   | 600520 |  文一科技  |  -11.1%  | -10.0 | -10.0 |  0.0  | -4.5  |  1.9  | 10.0  |  1.7  | -0.2  |  7.0  | -5.6  |
|   石油行业   | 002778 |  中晟高科  |  -11.3%  | 10.0  | -10.0 | -6.4  | -7.7  | -2.8  |  2.1  |  4.5  | -0.5  |  1.2  | -0.7  |
|   文化传媒   | 603721 |  中广天择  |  -11.4%  |  4.5  | -10.0 |  0.0  |  0.5  |  2.6  | -5.6  | 10.0  |  0.3  | -2.7  | -10.0 |
|   通用设备   | 603757 |  大元泵业  |  -11.6%  | -2.0  | -0.4  |  0.0  | -10.0 |  2.9  | -7.7  | 10.0  |  3.3  | -0.7  | -6.1  |
|   电网设备   | 002169 |  智光电气  |  -12.2%  | -2.8  | 10.0  | -6.7  | -10.0 | -8.8  | -0.6  |  0.7  |  4.8  |  4.9  | -2.6  |
|   文化传媒   | 002238 |  天威视讯  |  -13.3%  |  3.5  | -6.2  | -0.1  | 10.0  | -9.9  |  4.9  | -1.2  | -2.9  | -6.8  | -3.9  |
|   环保行业   | 000820 |  神雾节能  |  -13.6%  | -6.5  | -3.3  |  2.5  |  9.9  | -10.0 | -10.1 | -5.3  | -0.9  | 10.0  |  1.6  |
|   航运港口   | 000520 |  长航凤凰  |  -13.8%  |  9.9  | -9.9  | -5.8  | -7.7  | -2.9  |  3.5  |  2.0  |  2.2  | -2.2  | -2.5  |
|    半导体    | 600877 |  声光电科  |  -14.3%  | -2.0  | -0.7  |  0.0  | -1.9  | -1.4  | 10.0  | -8.5  |  1.5  | -8.0  | -3.1  |
|   公用事业   | 000605 |  渤海股份  |  -14.5%  | 10.0  | -10.0 | -9.9  | -4.1  | -1.9  |  1.2  |  3.7  | -0.3  | -1.1  | -1.4  |
|   家电行业   | 603366 |  日出东方  |  -14.9%  | -5.8  | -7.3  |  0.0  | -10.0 | -5.8  | -0.7  | 10.0  |  7.4  |  3.4  | -5.3  |
|   仪器仪表   | 002175 |  东方网络  |  -15.0%  | -7.2  |  8.3  | -2.7  | 10.1  | -3.9  | -9.8  |  1.3  | -2.9  | -3.2  | -4.4  |
|  汽车零部件  | 605133 |  嵘泰股份  |  -15.5%  | -7.9  | -2.8  |  0.0  | -10.0 | -2.4  | 10.0  | -2.9  |  3.8  |  0.8  | -3.8  |
|    半导体    | 000670 |   盈方微   |  -16.0%  |  3.5  | -10.0 | -7.5  |  0.5  | 10.0  | 10.0  | -8.5  | -3.6  | -2.9  | -6.5  |
|   消费电子   | 002888 |  惠威科技  |  -16.2%  | 10.0  | -10.0 | -10.0 | -5.7  | -0.6  |  1.8  |  1.4  |  0.2  |  0.6  | -3.4  |
|   专用设备   | 002689 |  远大智能  |  -16.5%  | -5.5  | 10.1  | -8.4  | -0.7  | -10.0 |  0.0  | -2.5  |  1.7  |  5.0  | -5.7  |
|   消费电子   | 002855 |  捷荣技术  |  -19.4%  | 10.0  | -10.0 | -10.0 | -9.8  | -0.2  |  1.1  |  0.3  |  1.7  |  0.6  | -3.3  |
|   农药兽药   | 001231 |  农心科技  |  -23.5%  | -10.0 | -3.0  | -8.4  | -6.7  |  0.5  | 10.0  | -2.6  |  3.0  | -3.1  | -4.6  |
|  光学光电子  | 002962 |  五方光电  |  -26.1%  | 10.0  | -10.0 | -0.5  | 10.0  | -9.4  | -10.0 | -10.0 | -3.0  |  2.2  | -6.2  |
+--------------+--------+------------+----------+-------+-------+-------+-------+-------+-------+-------+-------+-------+-------+
