+--------------+--------+-------------+----------+-------+-------+-------+-------+-------+------+-------+-------+-------+------+
|     行业     |  代码  |    名称     | 涨幅统计 |   9   |   8   |   7   |   6   |   5   |  4   |   3   |   2   |   1   |  0   |
+--------------+--------+-------------+----------+-------+-------+-------+-------+-------+------+-------+-------+-------+------+
|   食品饮料   | 603170 |  宝立食品   |  114.4%  |  0.0  |  0.0  | 10.0  | 10.0  | 10.0  | 10.0 | 10.0  | 10.0  | 10.0  | 10.0 |
|  汽车零部件  | 603211 |    N晋拓    |  74.2%   |       |       |       |       |       |      |       | 44.0  | 10.0  | 10.0 |
|     游戏     | 002168 |  惠程科技   |  71.1%   |  0.0  | -2.6  | 10.0  | 10.0  | 10.0  | 10.1 | 10.0  | -9.9  |  9.9  | 10.0 |
|   消费电子   | 002547 |  春兴精工   |  67.8%   | -4.5  | 10.1  | 10.0  | 10.0  |  9.9  | 10.0 |  5.0  |  4.7  | -9.8  | 10.0 |
|   通用设备   | 002896 |  中大力德   |  67.7%   |  6.1  | -2.1  | 10.0  | 10.0  | 10.0  | 4.6  | -4.4  | 10.0  |  0.3  | 10.0 |
|   综合行业   | 002591 |  恒大高新   |  65.5%   | 10.0  | 10.0  | 10.1  | 10.0  | -3.9  | 10.0 | -3.9  | 10.1  | -8.2  | 10.0 |
|   通用设备   | 002150 |  通润装备   |  61.2%   |       |       |       |       |       | 10.0 | 10.0  | 10.1  | 10.0  | 10.0 |
|     燃气     | 002911 |  佛燃能源   |  61.1%   |       |       |       |       |       | 10.0 | 10.0  | 10.0  | 10.0  | 10.0 |
|   家电行业   | 300403 |  汉宇集团   |  55.7%   | 12.2  |  4.1  |  3.0  |  4.1  | -2.8  | -3.6 |  3.0  | 14.2  | -1.5  | 14.6 |
|   化学原料   | 603067 |  振华股份   |  53.8%   | 10.0  | 10.0  | 10.0  |  4.2  | 10.0  | -2.1 |  2.4  | -8.1  |  2.3  | 7.0  |
|   文化传媒   | 600996 |  贵广网络   |  51.3%   |  9.9  |  5.3  |  3.6  | 10.0  | 10.0  | 7.1  | -10.0 | 10.0  | -2.6  | 0.8  |
|  房地产服务  | 000056 |  皇庭国际   |  47.4%   |       |       |       |       |       | 9.9  |  9.9  | 10.1  | 10.1  | 0.7  |
|   美容护理   | 300740 |  水羊股份   |  46.6%   |  0.5  | -0.6  | 20.0  |  1.0  |  7.6  | -1.0 | -3.5  |  4.5  |  6.5  | 5.8  |
|  汽车零部件  | 000678 |  襄阳轴承   |  46.5%   |       |       |       |       |       |      | 10.1  | 10.0  | 10.0  | 10.0 |
|  汽车零部件  | 605088 |  冠盛股份   |  45.8%   |  0.4  | -1.3  | 10.0  | 10.0  | 10.0  | 7.7  | -1.8  | -2.8  |  0.5  | 7.1  |
|   家电行业   | 002011 |  盾安环境   |  45.3%   |  4.8  | 10.0  |  7.2  | -4.3  |  1.4  | 10.0 | 10.0  | -4.6  |  0.9  | 3.9  |
|   专用设备   | 688218 |  江苏北人   |  44.8%   | 18.0  |  0.8  |  2.1  | -0.6  | -0.4  | 12.7 |  3.1  |  0.3  |  2.3  | 1.1  |
|   消费电子   | 002369 |  卓翼科技   |  43.6%   | -0.5  | -4.0  |  6.2  | 10.0  | -2.8  | 0.7  | -1.1  | 10.0  |  9.9  | 9.9  |
|   化学制药   | 300110 |  华仁药业   |  42.6%   |       |       |       |       |       |      |       | 20.1  |  9.6  | 8.4  |
|   公用事业   | 000544 |  中原环保   |  42.4%   |  9.9  |  9.9  | 10.0  | 10.0  | -9.3  | 3.4  |  3.3  | -3.8  |  5.1  | -0.6 |
|   有色金属   | 603527 |  众源新材   |  42.4%   |  2.3  |  2.4  |  3.6  | 10.0  | 10.0  | -4.2 | 10.0  |  0.6  | -4.1  | 6.6  |
|   塑料制品   | 002585 |  双星新材   |  42.2%   |  6.6  |  3.2  | 10.0  |  1.7  |  2.4  | -1.9 |  4.0  | -5.3  | 10.0  | 6.1  |
|   通用设备   | 688017 |  绿的谐波   |  42.1%   | 18.8  |  0.3  |  7.0  | -1.5  | -1.5  | -0.3 |  1.3  |  2.2  | -0.7  | 12.1 |
|  光学光电子  | 002765 |  蓝黛科技   |  41.8%   |  1.5  | -3.0  | 10.0  | 10.0  | -0.1  | -4.3 | -1.0  |  3.9  | 10.0  | 10.0 |
|   有色金属   | 002996 |  顺博合金   |  41.8%   |  0.8  |  5.7  | 10.0  |  9.6  |  5.9  | -4.7 | -0.5  | -3.1  | 10.0  | 3.2  |
|   医疗器械   | 688358 |  祥生医疗   |  40.9%   | 10.0  | -0.9  | -3.7  |  0.7  |  1.4  | 20.0 | -0.7  | 10.7  | -2.3  | 1.9  |
|   电网设备   | 301120 |  新特电气   |  40.6%   | 20.0  | 20.0  |  0.6  | -7.7  | -4.2  | 20.0 | -6.4  | -0.9  |  5.5  | -6.4 |
|   煤炭行业   | 600348 |  华阳股份   |  40.5%   |  3.5  | 10.0  | 10.0  |  4.0  | -1.4  | -2.5 | -5.6  |  3.4  | 10.0  | 4.6  |
|   通用设备   | 601369 |  陕鼓动力   |  40.5%   |  4.0  | 10.0  |  8.5  |  1.7  |  4.4  | -2.2 | -2.8  | 10.0  | -3.9  | 6.0  |
|   通用设备   | 002965 |  祥鑫科技   |  40.4%   | 10.0  | 10.0  | 10.0  | -10.0 |  8.9  | 7.9  | 10.0  | -10.0 | -1.4  | 2.1  |
|   石油行业   | 000819 |  岳阳兴长   |  40.4%   |  6.3  | 10.0  | 10.0  |  5.4  | -2.8  | 0.0  | -7.0  | -3.7  | 10.0  | 8.2  |
|   电网设备   | 002121 |  科陆电子   |  39.7%   |  3.1  | -4.0  | 10.0  |  7.3  | 10.0  | 10.0 |  1.8  | -5.2  | -7.0  | 10.0 |
|  汽车零部件  | 002997 |  瑞鹄模具   |  39.3%   |  2.2  | 10.0  | 10.0  | -4.5  |  0.8  | 2.0  |  2.1  | -1.1  |  9.0  | 4.2  |
|  汽车零部件  | 300893 |  松原股份   |  39.3%   |  3.6  |  0.1  | 13.4  |  2.5  | -1.1  | 9.7  |  3.4  | -3.2  |  3.0  | 3.4  |
|    半导体    | 001270 |  铖昌科技   |  39.1%   |  1.3  |  5.6  |  3.3  | 10.0  | 10.0  | 0.2  | -4.2  |  9.0  | -3.2  | 2.8  |
|  汽车零部件  | 605128 |  上海沿浦   |  39.0%   |  5.5  | 10.0  | 10.0  |  0.5  | -3.6  | 1.2  | -1.4  | 10.0  |  1.1  | 1.1  |
|   航运港口   | 600026 |  中远海能   |  38.8%   | -1.2  | -2.1  | 10.1  |  6.6  |  6.5  | 4.3  |  4.1  |  3.8  |  1.9  | 0.1  |
|   电源设备   | 300870 |   欧陆通    |  38.4%   | 12.1  | -2.6  |  1.7  | 11.8  | 11.3  | -1.4 | -2.7  |  2.7  | -0.5  | 1.9  |
|  汽车零部件  | 002863 |  今飞凯达   |  37.5%   |  2.2  | 10.0  | 10.1  |  1.1  |  3.4  | 3.5  | -1.2  | -1.1  |  2.6  | 2.6  |
|  汽车零部件  | 300652 |   雷迪克    |  37.0%   |  0.1  |  0.7  |  4.8  | 18.9  | -1.0  | -1.6 |  2.1  |  2.3  |  0.4  | 6.7  |
|   专业服务   | 301306 |    N西测    |  36.9%   |       |       |       |       |       |      |       |       | 29.6  | 5.7  |
|   交运设备   | 603787 |  新日股份   |  36.7%   | 10.0  |  7.6  |  2.4  |  6.7  | 10.0  | -0.8 |  2.2  | -4.5  | -1.5  | 0.9  |
|   医疗服务   | 301239 |  普瑞眼科   |  36.7%   | 20.0  |  4.5  |  0.3  |  0.7  |  0.8  | 2.5  | -5.6  |  8.2  |  1.2  | 1.1  |
|  汽车零部件  | 605208 |   永茂泰    |  36.6%   |  0.7  | 10.0  | 10.0  |  1.1  | -0.3  | -4.1 |  2.0  |  1.8  | 10.0  | 1.5  |
|   纺织服装   | 603055 |  台华新材   |  36.3%   |  3.0  | -3.0  | -0.1  | 10.0  | 10.0  | 4.6  |  0.3  |  4.5  |  3.0  | 0.0  |
|   专用设备   | 000821 |  京山轻机   |  36.0%   | -7.2  | 10.0  | 10.0  | -8.5  |  2.8  | 10.0 |  3.4  |  3.0  |  5.7  | 4.0  |
|   仪器仪表   | 688320 |  禾川科技   |  35.9%   | 10.5  |  0.1  | -3.2  |  4.6  | -2.5  | -2.5 | -0.0  |  0.7  |  5.6  | 20.0 |
|  房地产开发  | 000631 |  顺发恒业   |  35.5%   |  9.9  | 10.1  | 10.0  | -7.3  | 10.0  | -3.0 | 10.1  |  3.7  | -8.7  | -1.2 |
|   有色金属   | 603876 |  鼎胜新材   |  35.5%   |  7.6  | 10.0  |  7.6  | -2.2  |  0.8  | 0.6  |  0.6  |  2.8  |  5.7  | -1.8 |
|  汽车零部件  | 003033 |  征和工业   |  34.4%   |  3.0  |  3.8  |  4.0  | 10.0  | -2.9  | 3.8  |  1.9  | -1.9  |  2.0  | 7.0  |
|   专用设备   | 688290 |  景业智能   |  33.8%   | 13.8  |  3.3  |  5.4  |  0.7  | -4.1  | 9.7  |  0.0  |  1.1  | -0.9  | 1.7  |
|   电网设备   | 688663 |   新风光    |  33.8%   | 13.0  |  1.7  | 10.2  | -4.6  |  0.0  | -3.9 |  9.3  | -1.8  |  3.4  | 3.9  |
|  汽车零部件  | 002101 |  广东鸿图   |  33.8%   |  3.8  | 10.0  | 10.0  | -2.0  |  0.0  | 4.2  | 10.0  | -10.0 |  1.4  | 3.9  |
|  互联网服务  | 300339 |  润和软件   |  33.7%   |  3.0  |  0.6  |  3.4  | 20.0  | 11.0  | 2.0  | -6.3  | -1.5  |  2.9  | -3.2 |
|   风电设备   | 300690 |  双一科技   |  33.7%   |  6.3  | -2.6  |  6.0  | 20.0  |  6.0  | -4.9 |  3.5  | -8.5  |  4.4  | 1.9  |
|   通用设备   | 003043 |  华亚智能   |  33.6%   |  5.3  | 10.0  |  5.9  | -0.7  |  4.5  | 10.0 | -3.6  | -4.4  |  2.1  | 1.4  |
|   物流行业   | 605050 |   福然德    |  32.5%   |  0.1  |  3.1  |  7.1  | 10.0  |  2.5  | 1.9  |  4.6  | -1.6  | -4.2  | 6.0  |
|    小金属    | 688190 |  云路股份   |  31.7%   | 13.8  |  0.7  |  6.4  |  0.5  |  2.0  | -1.8 | -1.9  |  1.9  |  1.5  | 5.7  |
|  汽车零部件  | 603085 |  天成自控   |  31.2%   |  2.9  | -1.7  | 10.1  | 10.0  |  5.0  | 1.0  |  0.8  | -0.8  | -2.7  | 3.8  |
|   装修建材   | 000663 |  永安林业   |  31.1%   | -1.1  | 10.0  |  9.9  | -1.6  |  1.6  | 1.0  |  1.3  |  5.8  | -2.0  | 3.3  |
|   软件开发   | 603990 |  麦迪科技   |  30.5%   |  3.0  | -3.1  |  4.2  | 10.0  | -1.6  | 7.0  |  0.3  | -1.8  |  7.0  | 2.8  |
|   化学原料   | 002125 |  湘潭电化   |  30.5%   | -1.0  |  2.8  | 10.0  |  3.9  |  0.2  | 10.0 | -10.0 |  1.9  |  0.9  | 10.0 |
|   专用设备   | 603289 |  泰瑞机器   |  30.4%   |  0.5  |  1.2  |  3.0  | 10.0  |  2.9  | 2.4  |  0.0  | -3.7  | 10.0  | 1.3  |
|  汽车零部件  | 603917 |  合力科技   |  30.2%   | 10.0  | 10.0  |  7.1  | -10.0 |  1.1  | 10.0 | -2.3  | -5.7  |  5.4  | 3.4  |
|   化学制品   | 003022 |  联泓新科   |  30.1%   | 10.0  |  7.8  |  0.1  | -4.3  |  1.0  | 1.3  |  7.6  | -7.9  |  2.7  | 10.0 |
|     电机     | 300660 |  江苏雷利   |  29.8%   |  9.0  | -1.9  |  3.7  | 11.4  | -1.8  | -1.1 | -1.1  |  5.5  | -0.7  | 4.2  |
|  汽车零部件  | 605333 |  沪光股份   |  29.6%   | -1.3  | 10.0  | 10.0  | 10.0  |  3.0  | -5.9 |  0.6  | -2.4  |  1.4  | 2.2  |
|   专用设备   | 688700 |  东威科技   |  29.1%   |  5.5  |  0.8  | 13.9  | -1.8  |  2.8  | -0.8 | -1.4  |  4.3  | -0.4  | 3.9  |
|    半导体    | 688234 |  天岳先进   |  28.9%   |       |       |       |       |       |      | 20.0  |  8.3  | -3.9  | 3.2  |
|   化学制药   | 603676 |   卫信康    |  28.8%   | 10.0  |  6.3  | -4.2  | 10.0  |  1.1  | -2.0 | -3.5  |  5.6  | -1.8  | 5.3  |
|   医疗器械   | 300318 |  博晖创新   |  28.6%   |       |       |       |       |       |      |       | 20.0  |  2.7  | 4.3  |
|  汽车零部件  | 300928 |  华安鑫创   |  28.4%   |  2.2  | 10.2  |  3.5  |  5.7  | -0.4  | 5.2  |  5.8  | -8.8  | -2.0  | 5.2  |
|   环保行业   | 301049 |  超越科技   |  28.3%   |       |       |       |       |       |      | 20.0  | 11.0  | -6.8  | 3.4  |
|   消费电子   | 301123 |  奕东电子   |  28.1%   |  1.9  |  4.3  |  1.8  | 12.8  |  4.4  | -3.1 | -3.7  | -3.7  | 10.8  | 1.0  |
|  计算机设备  | 002835 |  同为股份   |  27.8%   |  0.0  | 10.0  | 10.0  | -4.3  |  2.1  | 1.3  |  0.7  |  1.1  |  2.3  | 2.4  |
|  计算机设备  | 300771 |  智莱科技   |  27.6%   |  1.6  | 20.0  |  0.1  |  5.7  | -2.0  | -0.4 |  0.5  |  0.8  |  1.6  | -1.6 |
|      —       | 839725 |  惠丰钻石   |  27.5%   |       |       |       |       |       |      |       | 10.6  | 22.0  | -5.5 |
|    半导体    | 688048 |  长光华芯   |  27.5%   |  3.8  |  0.0  |  9.8  |  1.2  | -3.0  | 4.9  |  1.9  |  6.5  |  0.9  | -0.9 |
|   交运设备   | 000913 |  钱江摩托   |  27.3%   |  3.1  | -2.3  |  4.8  | 10.0  |  3.8  | -1.6 | -2.0  |  6.0  |  2.2  | 1.1  |
|   化学制品   | 603217 |  元利科技   |  27.2%   |  1.3  | 10.0  | 10.0  |  1.0  | -0.6  | 3.4  | -1.9  | -1.8  |  0.4  | 3.4  |
|   软件开发   | 688207 | 格灵深瞳-U  |  26.9%   |  0.5  | -0.1  |  1.5  | 16.2  |  2.2  | -1.5 | -1.3  |  2.7  |  0.2  | 4.7  |
|  汽车零部件  | 603596 |   伯特利    |  26.6%   |  3.8  | 10.0  |  4.9  |  0.0  |  0.3  | 2.8  | -1.8  | -2.9  |  3.1  | 4.3  |
|   有色金属   | 301266 |  宇邦新材   |  26.5%   | 10.7  | -1.3  | -0.1  | 12.3  | -2.6  | -0.9 |  1.0  | -2.2  |  6.7  | 1.4  |
|   光伏设备   | 300827 |  上能电气   |  26.4%   | 16.5  | -4.8  | 16.4  |  1.5  | -1.8  | -4.3 |  1.4  | -7.0  |  0.1  | 8.8  |
|   电网设备   | 002441 |   众业达    |  26.4%   |  1.2  | -2.5  | 10.0  |  3.0  | 10.0  | 10.0 | -7.4  | -4.0  |  5.6  | -0.4 |
|  汽车零部件  | 603348 |  文灿股份   |  26.4%   |  4.8  | 10.0  |  4.6  | -6.1  | -0.5  | 4.3  |  5.1  | -5.4  |  3.1  | 4.8  |
|  汽车零部件  | 301229 |   纽泰格    |  26.3%   |  1.5  | 20.0  |  3.1  |  4.3  | -2.6  | -3.1 |  2.4  | -1.9  | -1.8  | 3.5  |
|    半导体    | 300666 |  江丰电子   |  26.3%   |  2.2  | 15.2  | -3.0  |  0.0  |  0.7  | 6.8  | -0.5  |  1.7  |  4.0  | -2.4 |
|  汽车零部件  | 603758 |  秦安股份   |  26.2%   |  5.8  |  2.6  | 10.0  | 10.0  |  3.0  | 3.5  | -4.5  | -5.5  | -4.1  | 4.1  |
|   通用设备   | 600992 |  贵绳股份   |  25.9%   | 10.0  | 10.0  |  4.5  | 10.0  | 10.0  | -2.4 | -10.0 | -8.5  |  0.0  | 2.2  |
|   通信设备   | 002897 |  意华股份   |  25.9%   |  4.0  | 10.0  |  7.5  | -2.6  | -3.4  | 0.9  | -1.5  | -1.3  |  1.0  | 10.0 |
|   环保行业   | 000826 |  启迪环境   |  25.7%   | -3.6  | -1.2  | 10.0  |  0.3  | -1.1  | 0.6  | 10.0  | 10.1  |  9.9  | -9.7 |
|   包装材料   | 002799 |  环球印务   |  25.6%   |       |       |       |       |       |      |       | 10.1  | 10.0  | 3.7  |
|   橡胶制品   | 300547 |  川环科技   |  25.5%   | 11.4  |  1.6  |  3.0  |  0.3  |  3.0  | -6.1 |  0.5  | -0.5  |  6.7  | 4.0  |
|   航运港口   | 601872 |  招商轮船   |  25.4%   |  0.0  | -3.0  | 10.0  |  5.4  |  4.3  | 0.8  |  2.6  |  1.8  |  3.3  | -1.6 |
|   专用设备   | 301018 |  申菱环境   |  25.4%   |       |       |       |       |       |      |       | 13.7  | -3.6  | 14.4 |
|   环保行业   | 300187 |  永清环保   |  25.1%   | -0.3  | 19.9  | 20.0  | -10.8 |  1.7  | 0.9  |  2.4  | -4.0  |  0.9  | -4.0 |
|  光学光电子  | 002992 |  宝明科技   |  25.0%   |  3.1  |  2.5  | 10.0  |  1.3  |  3.4  | 3.8  |  0.3  | -10.0 |  6.5  | 2.8  |
|  房地产开发  | 000671 |   阳光城    |  24.9%   |       |       |       |       |       |      |       |  9.8  |  9.9  | 3.4  |
|  汽车零部件  | 603982 |  泉峰汽车   |  24.8%   |       |       |       |       |       |      | 10.0  |  2.7  | 10.0  | 0.5  |
|  房地产开发  | 600641 |  万业企业   |  24.7%   | -0.1  | -1.5  |  1.1  | 10.0  |  3.7  | 8.5  | -1.9  | -8.2  |  2.4  | 10.0 |
|   环保行业   | 688659 |  元琛科技   |  24.6%   |       |       |       |       |       |      | 12.9  |  4.0  |  9.7  | -3.3 |
|  汽车零部件  | 603586 |   金麒麟    |  24.3%   | 10.0  | 10.0  |  0.0  | -1.6  | -0.5  | -1.2 |  2.8  | -0.5  | -0.4  | 4.2  |
|  汽车零部件  | 603179 |  新泉股份   |  23.9%   |       |       |       |       |       |      | 10.0  | -0.7  |  5.6  | 7.4  |
|   消费电子   | 600898 |  国美通讯   |  23.7%   |  9.9  | -6.6  |  0.3  | -1.0  | -1.1  | 10.0 |  4.9  | 10.0  | -2.3  | -1.1 |
|   化学制药   | 002370 |  亚太药业   |  23.7%   |       |       |       |       |       |      |       | 10.1  |  2.1  | 10.0 |
|    半导体    | 001309 |   德明利    |  23.7%   |  0.9  | 10.0  |  0.9  | -0.6  |  2.6  | 10.0 |  3.2  | -3.3  | -2.9  | 1.5  |
|   纺织服装   | 002612 |  朗姿股份   |  23.6%   | -2.6  | 10.0  |  3.4  |  4.7  |  6.3  | -2.5 |  0.3  |  0.9  | -4.2  | 6.1  |
|   专用设备   | 002209 |   达意隆    |  23.4%   |  2.3  | -2.2  |  4.0  | 10.0  | 10.0  | -8.2 |  2.0  | -2.7  | 10.0  | -2.1 |
|   专用设备   | 603960 |  克来机电   |  23.4%   |  1.7  | 10.0  |  6.8  | -2.6  |  4.2  | -2.8 |  1.6  | -2.7  |  0.0  | 5.8  |
|     电池     | 605378 |  野马电池   |  23.3%   | 10.0  |  4.8  |  1.0  | -0.7  | -1.7  | 4.1  | -2.5  | -0.7  |  3.6  | 3.9  |
|  汽车零部件  | 002715 |  登云股份   |  23.2%   |  1.0  | -3.8  | 10.0  | 10.0  | -6.5  | 10.0 | -0.7  | -2.0  |  2.0  | 2.8  |
|   医疗服务   | 301103 |  何氏眼科   |  23.2%   | 15.2  | -3.7  |  0.0  | -1.5  |  2.0  | -0.4 | -2.3  |  9.7  |  3.1  | 0.5  |
|   通用设备   | 300700 |  岱勒新材   |  23.2%   |       |       |       |       |       |      |       | 10.3  |  7.8  | 3.6  |
|   电网设备   | 002300 |  太阳电缆   |  22.9%   |       |       |       |       |       |      | 10.0  |  6.0  | 10.0  | -4.1 |
|  光学光电子  | 300940 |   南极光    |  22.7%   |  1.2  | -3.6  | 15.4  |  6.4  |  1.5  | -0.8 | -1.9  | -1.3  |  3.4  | 1.6  |
|    小金属    | 600549 |  厦门钨业   |  22.6%   |  1.6  | -2.4  | 10.0  |  6.2  |  0.2  | 0.6  | -3.1  |  3.7  |  2.3  | 2.1  |
|   通信设备   | 002902 |  铭普光磁   |  22.5%   |  3.6  |  3.4  | 10.0  | -7.3  |  2.6  | -1.5 | 10.0  | -7.0  | 10.0  | -1.4 |
|  光学光电子  | 600071 |  凤凰光学   |  22.5%   | -0.2  | -4.5  |  1.0  | 10.0  |  0.1  | -2.5 |  8.6  |  9.0  | -1.6  | 1.8  |
|   采掘行业   | 603505 |  金石资源   |  22.2%   |       |       |       |       |       | 10.0 |  1.3  |  1.1  | -0.5  | 9.0  |
|   通信设备   | 603236 |  移远通信   |  22.2%   |  9.5  |  9.9  | -1.8  |  2.4  |  0.0  | 1.5  |  0.5  | -3.0  |  4.8  | -2.6 |
|   消费电子   | 002139 |  拓邦股份   |  22.1%   |  7.3  |  1.1  | 10.0  | -0.2  | -0.2  | 1.0  | -2.5  | -5.1  |  0.1  | 10.0 |
|    小金属    | 300328 |  宜安科技   |  21.9%   |  2.4  |  3.3  | 13.1  | -1.5  |  2.2  | -3.1 | -1.0  |  5.3  | -1.1  | 1.3  |
|   电子元件   | 300657 |  弘信电子   |  21.4%   |  2.9  | -0.9  | 14.9  |  0.1  |  1.3  | 1.1  |  3.2  | -3.9  |  1.3  | 0.6  |
|  非金属材料  | 301071 |  力量钻石   |  21.1%   |       |       |       |       |       |      |       |       | 11.1  | 9.0  |
|   包装材料   | 002846 |  英联股份   |  21.1%   |       |       |       |       |       |      |       |       | 10.1  | 10.0 |
|   家电行业   | 002290 |  禾盛新材   |  21.1%   |       |       |       |       |       |      |       |       | 10.1  | 10.0 |
|  汽车零部件  | 603335 |   迪生力    |  21.1%   |       |       |       |       |       |      | 10.1  | 10.0  | -2.4  | 2.4  |
|   专用设备   | 001336 |  楚环科技   |  21.0%   |       |       |       |       |       |      |       |       | 10.0  | 10.0 |
|  汽车零部件  | 605133 |  嵘泰股份   |  21.0%   |       |       |       |       |       |      |       |       | 10.0  | 10.0 |
|  汽车零部件  | 002865 |  钧达股份   |  21.0%   |       |       |       |       |       |      |       |       | 10.0  | 10.0 |
|   塑料制品   | 002395 |  双象股份   |  21.0%   |       |       |       |       |       |      |       |       | 10.0  | 10.0 |
|     电机     | 603728 |  鸣志电器   |  21.0%   |       |       |       |       |       |      |       |       | 10.0  | 10.0 |
|  汽车零部件  | 300473 |  德尔股份   |  21.0%   |  4.1  | -1.7  | 12.6  | -0.1  |  1.5  | 4.2  |  1.7  | -5.5  | -0.6  | 4.1  |
|   通用设备   | 002552 |  宝鼎科技   |  21.0%   |       |       |       |       |       |      |       |       | 10.0  | 10.0 |
|  汽车零部件  | 002593 |  日上集团   |  21.0%   |       |       |       |       |       |      |       |       | 10.1  | 9.9  |
|   电网设备   | 601700 |  风范股份   |  20.9%   |       |       |       |       |       |      |       |       | 10.0  | 9.9  |
|   电子元件   | 688103 |  国力股份   |  20.9%   |  0.4  |  2.8  | 20.0  | -1.0  | -1.5  | -4.9 |  7.5  | -2.2  | -1.3  | 1.4  |
|   家电行业   | 002543 |  万和电气   |  20.9%   |       |       |       |       |       |      |       | 10.1  | 10.1  | -0.2 |
|   消费电子   | 603595 |  东尼电子   |  20.9%   |       |       |       |       |       |      | 10.0  | 10.0  | -2.5  | 2.4  |
|   电网设备   | 002622 |  融钰集团   |  20.8%   |       |       |       |       |       |      |       |       | 10.0  | 9.9  |
|   交运设备   | 600818 |  中路股份   |  20.8%   | 10.0  | -0.5  |  1.4  |  1.9  | -0.2  | -2.5 |  0.1  |  2.6  |  7.0  | 0.0  |
|   物流行业   | 001228 |   永泰运    |  20.7%   | 10.0  |  4.0  | -1.4  |  2.0  | -1.0  | 1.9  | -3.4  | -0.2  | -2.0  | 10.0 |
|   电网设备   | 301031 |  中熔电气   |  20.7%   |       |       |       |       |       |      |       | 11.8  |  5.5  | 2.2  |
|   光伏设备   | 002506 |  协鑫集成   |  20.5%   |       |       |       |       |       |      | 10.1  |  1.9  |  6.6  | 0.7  |
|     电池     | 688819 |  天能股份   |  20.3%   | 12.4  | -3.1  |  0.4  | -0.4  |  8.3  | -3.4 |  6.6  | -6.6  | -0.4  | 6.4  |
|   医疗服务   | 002172 |  澳洋健康   |  20.3%   | -1.9  |  9.9  | 10.1  | -3.5  |  6.1  | -3.0 | -1.6  |  0.2  |  1.4  | 2.1  |
|   纺织服装   | 600630 |  龙头股份   |  20.2%   | 10.0  | -5.7  | -0.2  |  3.3  |  0.5  | 2.5  | -0.7  | 10.0  | -2.9  | 3.0  |
|    半导体    | 002077 |  大港股份   |  20.2%   |       |       |       |       |       | 10.0 | 10.0  | 10.0  | -8.2  | -1.6 |
|   化学制品   | 600160 |  巨化股份   |  20.2%   |  5.1  |  3.4  | 10.0  |  3.9  |  0.6  | -1.6 | -4.6  |  2.0  | -0.3  | 0.8  |
|   通用设备   | 603088 |  宁波精达   |  20.1%   |       |       |       |       |       | 10.0 | 10.0  |  2.5  | -5.8  | 2.8  |
|   通用设备   | 300554 |  三超新材   |  20.1%   |       |       |       |       |       |      | 20.0  | -6.5  |  6.5  | 0.5  |
|   化学制品   | 603379 |  三美股份   |  20.1%   |  2.1  |  2.4  |  4.6  | 10.0  | -0.2  | 1.4  | -7.1  |  3.2  |  0.0  | 3.0  |
|  汽车零部件  | 301181 |  标榜股份   |  20.0%   |       |       |       |       |       |      |       |       |       | 20.0 |
|   电力行业   | 300125 |  聆达股份   |  20.0%   |       |       |       |       |       |      |       |       |       | 20.0 |
|   电网设备   | 688248 |  南网科技   |  19.8%   | 20.0  | -2.0  | 16.3  | -10.4 |  1.1  | -3.7 |  1.9  | -1.7  | -4.1  | 4.4  |
|   通信服务   | 603421 |  鼎信通讯   |  19.7%   |  0.5  |  3.8  |  9.9  | 10.0  |  0.5  | -2.0 |  5.9  | -6.3  | -3.4  | 0.4  |
|   专用设备   | 603076 |  乐惠国际   |  19.7%   |       |       |       |       |       |      |       |       | 10.0  | 8.8  |
|   电子元件   | 002214 |  大立科技   |  19.6%   |  5.1  | 10.0  | -2.0  |  1.1  |  1.8  | -0.1 | -0.9  |  0.8  | -1.3  | 4.0  |
|   通用设备   | 002598 |  山东章鼓   |  19.5%   |  5.3  | -4.4  | 10.1  | -0.8  | 10.0  | 1.4  | -5.0  | -3.3  |  2.7  | 3.3  |
|   电子元件   | 688020 |  方邦股份   |  19.4%   |       |       |       |       |       |      |       | 14.6  |  5.5  | -1.2 |
|   化学制品   | 002096 |  南岭民爆   |  19.3%   | -0.4  | -2.6  |  3.9  | 10.0  |  1.7  | -1.1 |  0.1  | -2.7  |  0.0  | 10.0 |
|  互联网服务  | 002766 |  索菱股份   |  19.2%   |       |       |       |       |       |      | 10.0  | 10.0  | -2.7  | 1.2  |
|   交运设备   | 001696 |  宗申动力   |  19.1%   |  2.5  | 10.1  | 10.1  | -5.9  |  1.9  | -3.7 |  0.6  |  3.1  | -1.6  | 1.7  |
|   电源设备   | 300693 |  盛弘股份   |  19.1%   | 20.0  | -4.6  |  7.4  |  2.7  | -4.3  | -4.4 |  3.1  | -9.1  |  1.4  | 8.5  |
|   专用设备   | 002009 |  天奇股份   |  19.1%   |       |       |       |       |       |      | 10.0  |  1.7  |  0.7  | 5.7  |
|   化学原料   | 603299 |  苏盐井神   |  19.0%   |  0.6  |  0.1  |  3.4  | 10.0  |  7.3  | -2.2 | -3.9  |  0.2  |  0.4  | 2.5  |
|   有色金属   | 300057 |  万顺新材   |  18.7%   |  0.0  | -5.4  | 13.2  | -1.1  |  2.4  | -2.1 |  3.1  |  0.1  |  6.8  | 1.4  |
|   纺织服装   | 300526 |   *ST中潜   |  18.6%   |       |       |       |       |       |      |       |       | 19.9  | -1.1 |
|   有色金属   | 300930 |  屹通新材   |  18.4%   |  7.0  |  0.8  |  1.1  | 10.3  | -2.9  | 5.1  | -2.0  | -3.7  |  0.1  | 2.3  |
|   光伏设备   | 603396 |  金辰股份   |  18.2%   | 10.0  | -1.9  | -3.2  | -0.8  | -0.8  | 10.0 | -2.9  | -3.2  |  6.2  | 4.9  |
|   电网设备   | 002533 |  金杯电工   |  18.1%   |  1.9  | 10.0  |  2.0  | -5.5  | 10.1  | -2.7 |  2.3  | -6.7  |  3.3  | 3.5  |
|   生物制品   | 000534 |  万泽股份   |  18.0%   | -0.3  | -2.9  | 10.0  |  1.9  |  2.8  | -0.2 |  1.4  |  2.2  |  0.3  | 2.0  |
|   消费电子   | 002976 |  瑞玛精密   |  18.0%   | 10.0  |  0.8  |  1.9  | -1.6  |  2.1  | 1.8  |  0.2  | -4.5  |  0.1  | 6.5  |
|   专用设备   | 688001 |  华兴源创   |  18.0%   |  7.9  | -0.7  |  0.7  | 11.8  | -0.6  | -0.7 | -3.7  | -0.0  |  1.1  | 1.8  |
|   消费电子   | 300684 |  中石科技   |  17.9%   |  1.0  |  0.8  |  3.2  | 15.6  |  0.4  | -2.3 | -2.2  | -2.9  |  2.9  | 1.5  |
|   医疗器械   | 688317 |  之江生物   |  17.9%   |       |       |       |       |       |      |       | 15.1  | -7.0  | 10.2 |
|   通信设备   | 300308 |  中际旭创   |  17.9%   |  2.5  | -0.9  |  9.8  |  3.7  |  2.3  | -3.4 |  1.3  |  2.8  | -1.9  | 0.9  |
|  互联网服务  | 688088 |  虹软科技   |  17.8%   |  2.3  | -0.3  | 12.3  |  3.8  | -1.0  | 1.2  | -2.8  | -2.3  | -1.7  | 5.9  |
|  汽车零部件  | 002553 |  南方精工   |  17.8%   |  1.4  |  0.5  |  2.0  | 10.0  | -0.3  | 2.6  | -2.9  | -1.5  |  3.5  | 1.8  |
|   航天航空   | 300424 |  航新科技   |  17.7%   |       |       |       |       |       |      |       |       |       | 17.7 |
|   塑料制品   | 688585 |  上纬新材   |  17.7%   |  3.1  | -2.2  |  5.9  | 14.9  | -3.1  | -4.2 |  1.0  | -1.3  |  0.8  | 2.9  |
|  汽车零部件  | 300643 |  万通智控   |  17.4%   |  4.5  | -0.7  | 15.6  | -1.3  | -4.0  | 1.0  |  0.1  | -0.7  |  0.9  | 2.0  |
|    半导体    | 688072 | 拓荆科技-U  |  17.4%   |  0.9  | 12.6  | -3.2  | -2.3  |  4.1  | 2.1  |  0.5  | -0.2  | -0.1  | 2.6  |
|   化学制药   | 600079 |  人福医药   |  17.4%   |  3.2  | 10.0  | -4.2  |  6.7  |  6.6  | 0.2  | -3.5  | -2.4  |  1.3  | -0.8 |
|   电源设备   | 002335 |  科华数据   |  17.2%   | 10.0  |  7.0  |  5.3  | -0.9  | -2.7  | -2.2 |  2.0  | -6.6  | -0.0  | 5.2  |
|   通用设备   | 003025 |  思进智能   |  17.1%   |  2.2  |  2.1  | 10.0  | -4.3  |  1.8  | 2.9  | -1.1  | -3.8  |  2.6  | 4.1  |
|   有色金属   | 601388 |  怡球资源   |  17.1%   |       |       |       |       |       | 9.9  |  3.8  | -6.3  | -0.5  | 10.1 |
|   消费电子   | 002681 |  奋达科技   |  16.9%   |  0.0  |  1.5  | 10.1  |  0.2  |  8.0  | -1.5 | -0.7  | -2.6  |  4.2  | -2.8 |
|   消费电子   | 300916 |  朗特智能   |  16.7%   | 14.9  |  2.1  |  2.9  | -4.6  |  6.4  | -3.2 | -2.4  |  2.3  | -4.2  | 2.8  |
|   通用设备   | 002046 |  国机精工   |  16.6%   |       |       |       |       |       |      |       |       | 10.0  | 6.0  |
|   光伏设备   | 002617 |  露笑科技   |  16.6%   |       |       |       |       |       | 10.0 | 10.0  | -4.2  | -1.4  | 2.0  |
|   消费电子   | 002782 |   可立克    |  16.6%   |       |       |       |       |       |      | 10.0  | -1.2  |  6.7  | 0.5  |
|   食品饮料   | 600872 |  中炬高新   |  16.6%   | -0.2  | -1.1  |  2.0  | 10.0  | 10.0  | -4.2 | -2.9  |  1.9  | -0.3  | 1.2  |
|  汽车零部件  | 603305 |  旭升股份   |  16.4%   | -10.0 | 10.0  |  8.3  |  3.5  |  0.6  | 1.0  |  2.9  | -1.4  | -0.3  | 2.0  |
|   电网设备   | 002882 |   金龙羽    |  16.4%   | 10.0  | 10.0  | -4.0  |  6.7  | -5.7  | 10.0 | -7.2  |  1.2  | -5.1  | 1.5  |
|   家用轻工   | 301004 |  嘉益股份   |  16.2%   |       |       |       |       |       |      | 10.2  | -3.5  |  5.6  | 3.4  |
|   电子元件   | 301041 |   金百泽    |  16.1%   |       |       |       |       |       | 20.0 |  4.2  | -6.1  | -0.9  | -0.2 |
|   专用设备   | 300724 |  捷佳伟创   |  16.0%   | 10.8  | -1.4  | -1.7  |  1.2  |  1.0  | 1.1  | -0.8  | -4.7  |  3.1  | 7.3  |
|   旅游酒店   | 600593 |  大连圣亚   |  15.8%   |       |       |       |       |       |      |       |       | 10.0  | 5.2  |
|   光伏设备   | 600732 |  爱旭股份   |  15.7%   |       |       |       |       |       |      |       |       | 10.0  | 5.2  |
|   装修建材   | 001216 |  华瓷股份   |  15.7%   | 10.0  |  4.9  |  1.6  | -1.5  |  0.4  | -2.3 | -0.4  |  4.8  | -1.7  | -0.5 |
|   家电行业   | 603366 |  日出东方   |  15.7%   |  2.3  | -10.1 |  1.4  | 10.0  |  2.2  | -2.2 |  0.8  |  3.4  | -1.5  | 10.0 |
|   专用设备   | 300757 |  罗博特科   |  15.6%   |       |       |       |       |       | 11.6 | -3.0  | -4.5  |  8.9  | 2.7  |
|      —       | 838670 |  恒进感应   |  15.4%   |       |       |       |       |       |      |       |       | 12.1  | 2.9  |
|   贸易行业   | 301099 |  雅创电子   |  15.4%   | 11.1  | -0.1  |  4.4  | -4.1  |  0.2  | 4.7  | -2.2  |  1.8  | -2.3  | 1.8  |
|   综合行业   | 000158 |  常山北明   |  15.3%   |  1.0  | -4.0  |  3.4  | 10.1  | 10.1  | 1.3  | -4.5  |  0.7  | -0.7  | -1.9 |
|  汽车零部件  | 300176 |  派生科技   |  15.3%   |  0.4  |  1.7  | 10.9  |  4.5  | -1.4  | -3.1 |  0.5  | -1.5  |  1.0  | 2.0  |
|   航运港口   | 601975 |  招商南油   |  15.3%   |  0.6  | -1.9  | 10.1  |  3.4  |  3.6  | -3.5 |  1.1  | -1.6  |  3.9  | -0.8 |
|   化学制药   | 301130 |  西点药业   |  15.2%   |       |       |       |       |       |      |       | 14.2  | -2.7  | 3.7  |
|   塑料制品   | 688386 |  泛亚微透   |  15.1%   |       |       |       |       |       | 12.3 |  0.1  | -4.0  | -0.3  | 6.9  |
|   装修建材   | 000619 |  海螺新材   |  15.1%   | -0.7  | -3.1  | 10.0  | 10.1  | 10.0  | 10.1 | -4.5  | -9.6  | -4.0  | -1.6 |
|   仪器仪表   | 002175 |  东方网络   |  15.1%   |       |       |       |       |       | 10.0 | -1.9  |  0.3  |  4.4  | 1.8  |
|   软件开发   | 300663 |  科蓝软件   |  15.1%   | -0.2  | -1.3  |  3.1  | 14.8  | -0.7  | -0.3 | -1.7  | -1.5  |  5.6  | -2.4 |
|   商业百货   | 002277 |  友阿股份   |  15.1%   |       |       |       |       |       | 10.1 | -5.7  |  9.9  | -1.9  | 2.8  |
|   医疗服务   | 002173 |  创新医疗   |  15.1%   |  1.7  | -8.5  |  5.0  | 10.0  | 10.0  | 9.9  | -7.1  | -4.1  |  0.7  | -1.3 |
|   仪器仪表   | 688768 |  容知日新   |  15.0%   |  3.3  | -2.5  | 13.5  | -2.2  | -0.1  | -0.9 | -2.0  |  6.3  | -1.8  | 1.6  |
|   塑料制品   | 301196 |  唯科科技   |  15.0%   |  1.2  | 20.0  | -3.4  |  1.3  | -2.5  | -2.2 |  0.5  | -0.6  |  2.2  | -0.5 |
|   通用设备   | 300990 |  同飞股份   |  15.0%   | 12.3  |  0.6  |  9.1  | -2.5  | -3.0  | -2.2 | -2.8  | -2.5  | -1.6  | 8.2  |
|  互联网服务  | 300079 |  数码视讯   |  14.9%   |       |       |       |       |       |      |       |       | 13.9  | 0.8  |
|   化纤行业   | 688295 |  中复神鹰   |  14.9%   |  4.4  |  3.2  | -1.1  | 12.5  |  2.9  | -1.9 |  0.8  | -4.3  | -1.2  | -0.3 |
|   环保行业   | 002645 |  华宏科技   |  14.9%   |       |       |       |       |       |      | 10.0  |  6.7  | -3.5  | 1.4  |
|   消费电子   | 605277 |  新亚电子   |  14.9%   |  3.2  | -2.9  | 10.0  | -2.4  | -0.5  | 6.2  | -2.0  | -4.0  |  4.4  | 3.0  |
|   化学制品   | 002455 |  百川股份   |  14.7%   | 10.0  | -1.8  |  4.4  |  3.2  | -0.6  | 0.4  |  0.6  | -6.7  |  2.1  | 2.8  |
|      —       | 834062 |  科润智控   |  14.7%   |       |       |       |       |       |      |       |       |       | 14.7 |
|   专用设备   | 002667 |  鞍重股份   |  14.7%   |       |       |       |       |       |      |       | 10.0  |  2.6  | 1.6  |
|  光学光电子  | 300319 |  麦捷科技   |  14.6%   |  0.4  | 13.8  |  1.1  |  2.7  |  0.8  | -0.6 | -0.8  | -2.9  | -0.4  | 0.5  |
|     电池     | 688339 |  亿华通-U   |  14.6%   | 20.0  | -3.3  |  0.5  | -2.0  | -1.3  | 4.2  | -1.7  |  1.9  | -4.4  | 1.7  |
|   公用事业   | 605162 |   新中港    |  14.6%   |       |       |       |       |       |      |       | 10.0  | 10.0  | -5.3 |
|     电机     | 301023 |  江南奕帆   |  14.5%   |       |       |       |       |       |      |       |       |       | 14.4 |
|   电子元件   | 002161 |   远望谷    |  14.4%   |       |       |       |       |       | 9.9  |  1.0  |  3.7  | -1.0  | 0.3  |
|   专用设备   | 603283 |  赛腾股份   |  14.4%   |       |       |       |       |       |      | 10.0  |  2.9  | -3.3  | 4.5  |
|  汽车零部件  | 300611 |  美力科技   |  14.3%   |  5.7  | 14.0  |  1.9  | -0.1  | -6.2  | 2.1  | -1.0  | -5.8  | -0.1  | 4.4  |
|   交运设备   | 603529 |  爱玛科技   |  14.3%   | 10.0  | -1.4  |  0.4  |  4.8  |  9.0  | -4.7 | -3.9  |  4.6  | -4.2  | 0.1  |
|   航天航空   | 688070 |  纵横股份   |  14.3%   |       |       |       |       |       |      |       |       | 11.9  | 2.1  |
|  汽车零部件  | 300428 |  立中集团   |  14.3%   |  5.3  | 20.0  |  0.6  | -9.4  |  0.3  | -0.7 | -3.1  | -5.6  |  5.6  | 3.2  |
|   汽车整车   | 600418 |  江淮汽车   |  14.2%   |       |       |       |       |       |      | 10.0  | -10.0 | 10.0  | 4.8  |
|   通用设备   | 000890 |   法尔胜    |  14.1%   |  1.9  | -4.2  |  3.9  | 10.1  | 10.0  | 10.1 | -6.9  | -5.3  | -3.6  | -0.8 |
|  互联网服务  | 603496 |  恒为科技   |  14.1%   |  1.1  | -2.9  |  2.9  | 10.0  |  3.1  | 0.6  | -3.6  |  2.3  | -1.0  | 1.2  |
|   交运设备   | 301016 |   雷尔伟    |  14.0%   |  0.0  |  0.0  | 20.0  |  4.7  | -5.0  | 5.2  | -5.2  | -1.8  | -3.5  | 1.1  |
|   贸易行业   | 600647 |  同达创业   |  14.0%   | 10.0  | -5.8  | 10.0  |  0.0  |  0.0  | 0.0  |  0.0  |  0.0  |  0.0  | 0.0  |
|   通用设备   | 000595 |  宝塔实业   |  14.0%   |       |       |       |       |       | 9.9  |  0.5  | -6.8  |  0.5  | 10.1 |
|   装修建材   | 603313 |   梦百合    |  13.9%   | -1.9  | 10.0  | -1.1  |  5.5  | -0.5  | -0.2 | -0.2  |  1.4  |  1.3  | -0.7 |
|   电源设备   | 002665 |  首航高科   |  13.8%   |  1.6  | -5.9  | 10.2  | -1.2  |  1.5  | 10.1 | -0.5  | -5.7  |  0.9  | 3.4  |
|   专用设备   | 002960 |  青鸟消防   |  13.8%   | 10.0  |  1.1  |  1.9  |  3.2  | -1.5  | -4.6 | -1.8  | -1.9  |  3.4  | 4.0  |
|  计算机设备  | 000034 |  神州数码   |  13.7%   |       |       |       |       |       |      |       |       | 10.0  | 3.4  |
|     游戏     | 300533 |  冰川网络   |  13.6%   |       |       |       |       |       | 12.6 | -2.7  | -1.7  |  8.4  | -2.6 |
|   汽车服务   | 605151 |   西上海    |  13.6%   |  0.3  |  0.3  |  2.1  | 10.0  |  0.5  | -0.6 | -0.5  | -1.1  |  0.0  | 2.2  |
|   电网设备   | 300286 |   安科瑞    |  13.6%   |       |       |       |       |       |      |       |       | 11.3  | 2.0  |
|  汽车零部件  | 603950 |  长源东谷   |  13.5%   |  0.0  | -1.2  |  5.7  | 10.0  |  0.7  | -2.2 | -0.9  | -1.3  | -0.4  | 3.0  |
|   医疗器械   | 688217 |  睿昂基因   |  13.4%   |       |       |       |       |       |      |       |       |       | 13.4 |
|   有色金属   | 603978 |  深圳新星   |  13.4%   |       |       |       |       |       |      | 10.0  | -2.2  |  6.1  | -0.6 |
|   化学原料   | 600319 |  亚星化学   |  13.4%   | 10.1  | -0.2  |  0.8  |  1.0  | -1.1  | -2.5 |  3.4  |  0.0  |  0.9  | 0.8  |
|   软件开发   | 300229 |   拓尔思    |  13.4%   |  0.8  | -1.7  |  3.3  | 12.4  | -1.3  | -1.2 | -1.1  |  3.0  | -1.9  | 1.2  |
|  互联网服务  | 002657 |  中科金财   |  13.4%   |  1.7  | -2.5  | 10.0  |  2.9  | -1.1  | -1.8 | -1.6  |  1.0  |  6.4  | -1.8 |
|   工程建设   | 002374 |  中锐股份   |  13.2%   | 10.0  | -10.1 |  8.6  | 10.1  |  1.8  | -5.5 | -2.6  | -2.7  |  7.5  | -2.4 |
|   通用设备   | 300179 |   四方达    |  13.1%   |       |       |       |       |       |      |       |       | 13.8  | -0.6 |
|   电子元件   | 688322 | 奥比中光-UW |  13.1%   |       |       |       |       |       |      | 10.3  |  3.0  |  0.4  | -0.9 |
|    半导体    | 688167 |  炬光科技   |  13.0%   |       |       |       |       |       |      |       |       |       | 13.0 |
|      —       | 430047 |  诺思兰德   |  13.0%   |       |       |       |       |       |      |       |       | 20.0  | -5.8 |
|   专用设备   | 688162 |  巨一科技   |  13.0%   |       |       |       |       |       |      |       |       |       | 13.0 |
|  光学光电子  | 300545 |  联得装备   |  12.9%   |       |       |       |       |       |      |       |       | 10.1  | 2.6  |
|   电力行业   | 000155 |  川能动力   |  12.9%   | 10.0  |  0.6  |  4.3  | -1.0  |  1.7  | 0.3  | -1.0  | -0.4  |  1.9  | -3.7 |
|   通用设备   | 002164 |  宁波东力   |  12.9%   |  0.9  | -2.3  | 10.1  | -2.9  |  2.7  | -5.2 |  0.8  | -2.6  |  2.0  | 10.0 |
|   铁路公路   | 000755 |  山西路桥   |  12.9%   | 10.0  |  4.5  |  5.2  |  0.0  |  0.0  | 0.0  |  0.0  |  0.0  | -10.0 | 3.7  |
|  互联网服务  | 603869 |  新智认知   |  12.8%   | -0.5  | -1.8  |  2.1  | 10.0  | 10.0  | -0.1 | -3.0  | -2.4  | -0.2  | -1.0 |
|  汽车零部件  | 300707 |  威唐工业   |  12.7%   |       |       |       |       |       |      |       |       |       | 12.7 |
|  房地产开发  | 600234 |  科新发展   |  12.7%   |  0.0  | -2.4  |  5.8  | 10.0  | -2.5  | 0.2  | -2.1  |  4.9  |  1.1  | -2.2 |
|   电网设备   | 000533 |  顺钠股份   |  12.6%   | -3.8  | -4.9  | 10.1  | -1.2  |  1.9  | 10.1 |  4.7  | -10.0 |  0.9  | 6.0  |
|   软件开发   | 002261 |  拓维信息   |  12.6%   |  0.7  | -3.6  |  5.5  | 10.0  |  0.6  | -1.6 | -2.2  |  1.8  | -0.5  | 1.9  |
|  汽车零部件  | 688071 |  华依科技   |  12.5%   |       |       |       |       |       |      |       |       |       | 12.5 |
|   电网设备   | 002339 |  积成电子   |  12.4%   |       |       |       |       |       | 10.0 | -1.4  |  2.1  |  4.3  | -2.7 |
|   消费电子   | 300709 |  精研科技   |  12.4%   |       |       |       |       |       |      |       |       |       | 12.4 |
|   化学制药   | 002082 |   万邦德    |  12.3%   |  2.1  | -5.0  |  0.8  | 10.0  |  4.1  | 0.5  | -2.1  |  1.0  |  1.5  | -0.5 |
|   专用设备   | 605286 |  同力日升   |  12.3%   | 10.0  |  4.2  |  4.6  | -2.9  |  0.9  | -4.0 | -0.6  | -5.3  | -0.8  | 6.8  |
|   环保行业   | 000035 |  中国天楹   |  12.3%   |  1.1  | -4.7  |  9.9  | -0.9  |  4.4  | -4.4 |  1.6  | -0.7  |  0.9  | 5.2  |
|   光伏设备   | 300118 |  东方日升   |  12.2%   |       |       |       |       |       |      |       |       | 10.9  | 1.1  |
|   通信设备   | 300565 |  科信技术   |  12.1%   | 16.1  | -1.9  | -12.2 |  1.8  | -7.2  | 2.1  |  5.6  | -5.4  |  6.9  | 8.9  |
|   食品饮料   | 605198 |  德利股份   |  12.0%   |  1.5  |  2.4  | 10.0  | -6.2  |  2.3  | -0.7 | -1.5  |  4.6  | -0.7  | 0.6  |
|   文化传媒   | 301052 |  果麦文化   |  12.0%   |       |       |       |       |       |      |       | 10.7  |  4.5  | -3.2 |
|   光伏设备   | 300763 |  锦浪科技   |  12.0%   |  3.0  |  0.7  | 11.6  | -7.1  | -0.1  | 0.2  |  1.2  | -1.4  |  0.9  | 3.1  |
|   电网设备   | 002560 |  通达股份   |  11.8%   |       |       |       |       |       |      |       |       | 10.1  | 1.6  |
|    小金属    | 603399 |  吉翔股份   |  11.8%   |       |       |       |       |       |      |       | 10.0  |  0.0  | 1.6  |
|     电机     | 002823 |  凯中精密   |  11.8%   |  0.2  | -0.6  |  4.1  | 10.0  | -0.8  | -1.2 | -1.5  | -1.3  | -0.4  | 3.3  |
|   消费电子   | 688007 |  光峰科技   |  11.7%   |       |       |       |       |       |      |       |       |       | 11.7 |
|   光伏设备   | 002218 |  拓日新能   |  11.7%   |       |       |       |       |       |      |       |       | 10.1  | 1.4  |
|   通用设备   | 300607 |   拓斯达    |  11.7%   |       |       |       |       |       |      |       |       |       | 11.7 |
|   水泥建材   | 600477 |  杭萧钢构   |  11.6%   |       |       |       |       |       | 10.0 | -2.1  | -8.8  |  3.2  | 10.1 |
|   仪器仪表   | 688686 |   奥普特    |  11.5%   |       |       |       |       |       |      |       |       |       | 11.4 |
|   电网设备   | 688676 |  金盘科技   |  11.4%   | 13.0  |  1.1  |  7.4  | -1.1  | -0.1  | -6.5 | -4.1  | -4.9  |  1.1  | 6.6  |
|   有色金属   | 002824 |  和胜股份   |  11.3%   | 10.0  |  0.8  | -0.4  |  4.0  | -1.8  | -2.9 | -2.5  |  2.4  | -2.3  | 4.1  |
|   文化传媒   | 600052 |  东望时代   |  11.3%   | -0.9  | -1.1  |  4.7  |  9.9  |  1.0  | 1.0  | -1.5  | -1.4  |  0.8  | -1.2 |
|   专用设备   | 688155 |  先惠技术   |  11.3%   | 15.3  | -1.3  |  1.0  | -1.3  | -0.0  | 0.0  | -3.4  | -2.4  |  1.6  | 2.5  |
|   软件开发   | 300598 |  诚迈科技   |  11.3%   |  1.7  |  1.1  |  3.0  | 16.7  | -2.0  | -2.5 | -1.4  | -2.7  |  0.6  | -2.3 |
|   电网设备   | 601877 |  正泰电器   |  11.3%   | 10.0  |  5.6  |  1.1  | -1.9  | -0.4  | -2.6 | -1.6  | -2.5  |  1.0  | 2.5  |
|   汽车服务   | 000757 |  浩物股份   |  11.2%   | -1.9  | -1.9  |  5.0  |  9.9  | -0.4  | -2.8 |  1.6  | -1.5  |  2.9  | 0.7  |
|   通用设备   | 002843 |  泰嘉股份   |  11.2%   | 10.0  | 10.0  |  2.1  | -0.5  | -4.1  | -0.6 | -1.8  | -6.5  | -0.4  | 3.8  |
|   通信设备   | 002296 |  辉煌科技   |  11.2%   | -1.3  | -2.2  |  9.9  |  0.8  | -0.4  | 0.3  |  1.4  | -0.9  |  1.8  | 1.9  |
|   专业服务   | 301257 |   普蕊斯    |  11.2%   | 10.9  |  0.6  |  1.9  | -4.6  |  0.5  | -2.1 | -0.2  |  4.5  | -0.7  | 0.6  |
|   塑料制品   | 002825 |  纳尔股份   |  11.1%   | 10.0  |  0.0  |  0.3  |  1.6  | -2.0  | -1.4 |  2.2  |  2.6  | -2.1  | -0.2 |
|  汽车零部件  | 002813 |  路畅科技   |  11.1%   | -1.4  |  1.2  | 10.0  | -1.4  |  1.8  | -6.4 | 10.0  | -2.6  | -1.0  | 1.6  |
|   包装材料   | 002565 |  顺灏股份   |  11.0%   |       |       |       |       |       |      |       |       | 10.1  | 0.8  |
|   航运港口   | 001205 |  盛航股份   |  10.9%   |       |       |       |       |       |      |       | 10.0  |  3.6  | -2.7 |
|   电子元件   | 600152 |  维科技术   |  10.9%   |  5.6  | -2.7  |  9.9  | -3.9  | 10.0  | 0.0  |  0.7  | -10.0 |  3.4  | -1.0 |
|  汽车零部件  | 300969 |  恒帅股份   |  10.9%   |       |       |       |       |       |      |       |       |       | 10.9 |
|   光伏设备   | 688223 |  晶科能源   |  10.9%   |       |       |       |       |       |      |       |       |       | 10.9 |
|     电池     | 300068 |  南都电源   |  10.8%   | 20.0  |  3.0  |  7.0  | -0.4  | -6.0  | -3.3 | -1.1  | -13.5 | -1.9  | 10.3 |
|   专用设备   | 300415 |   伊之密    |  10.8%   |       |       |       |       |       |      |       |       |       | 10.8 |
|   环保行业   | 002672 |  东江环保   |  10.7%   |       |       |       |       |       |      | 10.0  |  2.0  | -2.1  | 0.7  |
|   医疗服务   | 002524 |  光正眼科   |  10.7%   | 10.0  |  1.2  | -1.2  | -0.1  |  4.7  | -2.4 | -1.3  |  1.6  | -0.6  | -1.1 |
|  汽车零部件  | 600218 |  全柴动力   |  10.6%   | 10.0  |  0.5  |  0.8  |  2.2  |  1.1  | -3.0 | -0.4  | -1.9  |  0.5  | 0.8  |
|   消费电子   | 301086 |   鸿富瀚    |  10.6%   |       |       |       |       |       |      |       |       | 13.6  | -2.6 |
|   通信设备   | 688788 |  科思科技   |  10.6%   |       |       |       |       |       |      |       |       |       | 10.6 |
|   电网设备   | 002112 |  三变科技   |  10.5%   | -5.5  |  0.0  | 10.0  | 10.0  | 10.1  | 10.0 | -10.0 | -10.0 | -4.0  | 2.6  |
|   消费电子   | 002993 |  奥海科技   |  10.4%   | 10.0  |  4.2  |  0.3  | -1.5  | -3.6  | -0.5 | -2.6  | -2.8  |  1.4  | 5.8  |
|  房地产开发  | 000863 |  三湘印象   |  10.4%   |       |       |       |       |       |      |       |       | 10.1  | 0.3  |
|   专用设备   | 300776 |  帝尔激光   |  10.4%   |       |       |       |       |       |      |       |       |       | 10.4 |
|  房地产开发  | 000736 |  中交地产   |  10.3%   |       |       |       |       |       |      |       |       | 10.0  | 0.3  |
|   化学制品   | 605020 |  永和股份   |  10.3%   | -1.8  | 10.0  |  3.8  |  0.7  | -2.3  | -3.5 |  2.9  |  0.1  | -0.9  | 1.6  |
|   专用设备   | 002523 |  天桥起重   |  10.3%   | -7.6  | -0.3  |  9.9  |  9.9  | 10.1  | -3.7 |  3.6  | -9.9  | -3.3  | 3.7  |
|   通信设备   | 003040 |   楚天龙    |  10.2%   |       |       |       |       |       |      |       |       | 10.0  | 0.2  |
|   通用设备   | 002685 |  华东重机   |  10.1%   |       |       |       |       |       |      |       |       |       | 10.1 |
|   仪器仪表   | 300553 |  集智股份   |  10.1%   |       |       |       |       |       |      |       |       |       | 10.1 |
|   工程机械   | 002204 |  大连重工   |  10.1%   | -3.4  | -3.7  | 10.0  | -9.6  | 10.1  | 10.0 | 10.1  | -4.0  |  1.3  | -8.2 |
|   美容护理   | 000615 |  奥园美谷   |  10.1%   |       |       |       |       |       |      |       |       |       | 10.1 |
|  房地产开发  | 600603 |  广汇物流   |  10.1%   |       |       |       |       |       |      |       |       |       | 10.1 |
|   电子元件   | 002199 |  东晶电子   |  10.1%   |       |       |       |       |       |      |       |       |       | 10.1 |
|  汽车零部件  | 002590 |  万安科技   |  10.1%   |       |       |       |       |       |      |       |       |       | 10.1 |
|   通用设备   | 000837 |  秦川机床   |  10.0%   |       |       |       |       |       |      |       |       |       | 10.1 |
|   家电行业   | 002035 |  华帝股份   |  10.0%   |       |       |       |       |       |      |       |       |       | 10.0 |
|   通用设备   | 603028 |   赛福天    |  10.0%   |       |       |       |       |       |      |       |       |       | 10.0 |
|   综合行业   | 000009 |  中国宝安   |  10.0%   |       |       |       |       |       |      |       |       |       | 10.0 |
|     燃气     | 605169 |  洪通燃气   |  10.0%   |       |       |       |       |       |      |       |       |       | 10.0 |
|   软件开发   | 002362 |  汉王科技   |  10.0%   |       |       |       |       |       |      |       |       |       | 10.0 |
|   船舶制造   | 600685 |  中船防务   |  10.0%   |       |       |       |       |       |      |       |       |       | 10.0 |
|     电机     | 603819 |  神力股份   |  10.0%   |       |       |       |       |       |      |       |       |       | 10.0 |
|   电力行业   | 600644 |  乐山电力   |  10.0%   |       |       |       |       |       |      |       |       |       | 10.0 |
| 工程咨询服务 | 603959 |  百利科技   |  10.0%   |       |       |       |       |       |      |       |       |       | 10.0 |
|   包装材料   | 000812 |  陕西金叶   |  10.0%   |       |       |       |       |       |      |       |       |       | 10.0 |
|   家电行业   | 002403 |   爱仕达    |  10.0%   |       |       |       |       |       |      |       |       |       | 10.0 |
|   专用设备   | 002730 |  电光科技   |  10.0%   |       |       |       |       |       |      |       |       |       | 10.0 |
|   物流行业   | 002682 |  龙洲股份   |  10.0%   |       |       |       |       |       |      |       |       |       | 10.0 |
|   仪器仪表   | 002338 |  奥普光电   |  10.0%   |       |       |       |       |       |      |       |       |       | 10.0 |
|  汽车零部件  | 603319 |   湘油泵    |  10.0%   |       |       |       |       |       |      |       |       |       | 10.0 |
|  互联网服务  | 603636 |  南威软件   |  10.0%   |       |       |       |       |       |      |       |       | 10.0  | 0.0  |
|   化纤行业   | 000301 |  东方盛虹   |  10.0%   |       |       |       |       |       |      |       |       |       | 10.0 |
|   化学制品   | 603192 |  汇得科技   |  10.0%   |       |       |       |       |       |      |       |       |       | 10.0 |
|   专用设备   | 002527 |   新时达    |  10.0%   |       |       |       |       |       |      |       |       |       | 10.0 |
|   有色金属   | 003038 |  鑫铂股份   |  10.0%   |       |       |       |       |       |      |       |       |       | 10.0 |
|   化学制药   | 002898 |  赛隆药业   |  10.0%   |       |       |       |       |       |      |       |       |       | 10.0 |
|  汽车零部件  | 600933 |   爱柯迪    |  10.0%   |       |       |       |       |       |      |       |       |       | 10.0 |
|   家电行业   | 603355 |  莱克电气   |  10.0%   |       |       |       |       |       |      |       |       |       | 10.0 |
|  汽车零部件  | 002472 |  双环传动   |  10.0%   |       |       |       |       |       |      |       |       |       | 10.0 |
|  汽车零部件  | 002126 |  银轮股份   |  10.0%   |       |       |       |       |       |      |       |       |       | 10.0 |
|   化学制品   | 002810 |  山东赫达   |  10.0%   |       |       |       |       |       |      |       |       |       | 10.0 |
|   通用设备   | 603915 |  国茂股份   |  10.0%   |       |       |       |       |       |      |       |       |       | 10.0 |
|     电机     | 003021 |  兆威机电   |  10.0%   |       |       |       |       |       |      |       |       |       | 10.0 |
|  汽车零部件  | 002536 |  飞龙股份   |  10.0%   |       |       |       |       |       |      |       |       |       | 10.0 |
|     燃气     | 000593 |  德龙汇能   |  10.0%   |       |       |       |       |       |      |       |       |       | 10.0 |
|   通用设备   | 603617 |  君禾股份   |  10.0%   |       |       |       |       |       |      |       |       |       | 10.0 |
|  汽车零部件  | 603197 |  保隆科技   |  10.0%   |       |       |       |       |       |      |       |       |       | 10.0 |
|     燃气     | 000421 |  南京公用   |  10.0%   |       |       |       |       |       |      |       |       |       | 10.0 |
|   专用设备   | 603416 |  信捷电气   |  10.0%   |       |       |       |       |       |      |       |       |       | 10.0 |
|   家电行业   | 002050 |  三花智控   |  10.0%   |       |       |       |       |       |      |       |       |       | 10.0 |
|   电子元件   | 002922 |   伊戈尔    |  10.0%   |       |       |       |       |       |      |       |       |       | 10.0 |
|   塑料制品   | 603051 |  鹿山新材   |  10.0%   |       |       |       |       |       |      |       |       |       | 10.0 |
|  汽车零部件  | 603730 |  岱美股份   |  10.0%   |       |       |       |       |       |      |       |       |       | 10.0 |
|   通用设备   | 002347 |  泰尔股份   |  10.0%   |       |       |       |       |       |      | 10.0  | -4.5  |  1.4  | 3.3  |
|  汽车零部件  | 603239 |  浙江仙通   |  10.0%   |       |       |       |       |       |      |       |       |       | 10.0 |
|   电网设备   | 002058 |   威尔泰    |  10.0%   |       |       |       |       |       |      |       |       |       | 10.0 |
|   环保行业   | 300070 |   碧水源    |  10.0%   |       |       |       |       |       |      |       |       |       | 10.0 |
|   光伏设备   | 300029 |   ST天龙    |  10.0%   |       |       |       |       |       |      |       |       |       | 10.0 |
|   纺织服装   | 002083 |  孚日股份   |  10.0%   |       |       |       |       |       |      |       |       |       | 10.0 |
|     教育     | 002621 |   美吉姆    |   9.9%   |       |       |       |       |       |      |       |       |       | 9.9  |
|   电源设备   | 002518 |   科士达    |   9.9%   |  5.0  |  0.0  | 10.0  | -0.7  | -1.2  | 1.0  | -2.1  | -10.0 |  1.0  | 8.1  |
|   有色金属   | 603937 |  丽岛新材   |   9.9%   |  1.5  | -3.2  | 10.0  | -2.1  |  1.3  | -3.9 |  4.6  | -2.3  |  3.9  | 0.6  |
|     中药     | 600129 |  太极集团   |   9.8%   |       |       |       |       |       |      |       | 10.0  |  0.9  | -1.0 |
|   电网设备   | 600869 |  远东股份   |   9.8%   |       |       |       |       |       | 9.9  | -3.1  | -3.9  | 10.0  | -2.5 |
|   装修建材   | 002641 |  公元股份   |   9.8%   | -3.8  | -7.0  |  3.6  |  9.9  | 10.0  | -5.5 |  0.9  | -3.4  |  1.6  | 4.8  |
|  互联网服务  | 000997 |   新大陆    |   9.7%   |       |       |       |       |       |      |       | 10.0  |  2.0  | -2.2 |
|   化学制品   | 301216 |  万凯新材   |   9.7%   |       |       |       |       |       |      | 10.7  |  0.0  | -0.1  | -0.8 |
|   物流行业   | 002468 |  申通快递   |   9.7%   |  2.5  | -10.0 |  5.0  | 10.0  |  0.5  | 4.9  | -2.4  |  0.0  | -0.5  | 0.6  |
|  房地产开发  | 000918 |   嘉凯城    |   9.7%   |       |       |       |       |       |      |       |       | 10.1  | -0.4 |
|   通信设备   | 603712 |   七一二    |   9.6%   |       |       |       |       |       |      |       | 10.0  | -0.8  | 0.5  |
|   风电设备   | 600458 |  时代新材   |   9.5%   | -3.1  |  5.7  |  3.1  | 10.0  |  6.4  | -4.8 | -2.3  | -8.1  |  0.5  | 3.4  |
|   家用轻工   | 002571 |  德力股份   |   9.4%   |       |       |       |       |       |      | 10.0  | -3.7  |  4.6  | -1.2 |
|   旅游酒店   | 002306 |  中科云网   |   9.4%   |       |       |       |       |       |      |       |       | 10.0  | -0.6 |
|   通用设备   | 300988 |  津荣天宇   |   9.3%   | 20.0  | -0.8  | -3.7  |  1.4  | -3.0  | -2.3 | -1.3  | -3.5  | -0.8  | 5.0  |
|  汽车零部件  | 002328 |  新朋股份   |   9.3%   |       |       |       |       |       |      |       |       | 10.1  | -0.7 |
|   电力行业   | 000537 |  广宇发展   |   9.3%   | -3.9  | -7.9  | 10.0  | 10.0  | 10.0  | 8.6  | -10.0 | -4.1  | -2.6  | 1.6  |
|   食品饮料   | 600189 |   泉阳泉    |   9.3%   |       |       |       |       |       |      |       |       | 10.0  | -0.7 |
|   电力行业   | 600509 |  天富能源   |   9.1%   |       |       |       |       |       |      | 10.1  |  1.2  | -0.7  | -1.4 |
|     中药     | 603139 |  康惠制药   |   9.1%   |       |       |       |       |       |      |       |       | 10.0  | -0.8 |
|   家电行业   | 000921 |  海信家电   |   9.0%   |       |       |       |       |       |      |       |       | 10.0  | -0.9 |
|   专用设备   | 603015 |  弘讯科技   |   8.7%   |  7.6  | -4.3  | 10.1  |  1.0  | -2.3  | -4.1 |  1.9  |  0.5  | -5.8  | 5.2  |
|   化学制品   | 002037 |  保利联合   |   8.7%   |       |       |       |       |       | 10.0 | 10.0  | -8.6  |  1.3  | -2.9 |
|   汽车服务   | 600386 |  北巴传媒   |   8.6%   | -1.7  | -6.3  |  9.9  |  2.4  |  1.9  | 0.5  |  5.3  | -0.9  | -1.8  | -0.2 |
|   电源设备   | 002534 |  西子洁能   |   8.6%   |  6.2  | -2.5  | 10.0  |  4.1  |  2.2  | 3.0  | -7.4  | -9.5  | -1.7  | 5.6  |
|   仪器仪表   | 001266 |  宏英智能   |   8.5%   | -0.2  | -5.5  | 10.0  | 10.0  | -1.1  | -0.3 | -3.5  | -1.7  |  0.3  | 1.4  |
|   工程建设   | 601068 |  中铝国际   |   8.5%   | -1.8  | -2.6  | 10.1  |  7.0  | -3.9  | -1.3 |  3.0  | -3.3  |  2.2  | -0.2 |
|   消费电子   | 002937 |  兴瑞科技   |   8.5%   |       |       |       |       |       |      |       |       | 10.0  | -1.4 |
|   铁路公路   | 000885 |  城发环境   |   8.5%   |       |       |       |       |       |      | 10.0  |  2.6  | -1.9  | -2.1 |
|   装修装饰   | 002989 |  中天精装   |   8.4%   |       |       |       |       |       |      |       |       | 10.0  | -1.5 |
|  房地产开发  | 000961 |  中南建设   |   8.4%   |       |       |       |       |       |      |       |       |  9.9  | -1.4 |
|   电网设备   | 601126 |  四方股份   |   8.4%   | 10.0  |  3.8  |  0.0  | -2.3  |  1.8  | -4.3 |  1.1  | -4.9  | -0.2  | 3.9  |
|   通用设备   | 002342 |  巨力索具   |   8.3%   |       |       |       |       |       |      |       |       |  9.9  | -1.5 |
|   环保行业   | 002973 |  侨银股份   |   8.3%   |  0.1  | -2.2  | 10.0  |  1.0  | -2.1  | -0.1 |  0.5  |  3.3  | -0.4  | -1.5 |
|   通用设备   | 002559 |  亚威股份   |   8.2%   |       |       |       |       |       |      |       | 10.1  | -2.6  | 1.0  |
|  光学光电子  | 603679 |  华体科技   |   8.2%   |       |       |       |       |       |      | 10.0  | -1.8  | -1.5  | 1.7  |
|  光学光电子  | 002952 |  亚世光电   |   8.1%   | 10.0  | -0.8  |  2.5  | -3.8  | -2.0  | -0.5 |  0.7  | -3.6  |  2.6  | 3.4  |
|   消费电子   | 002055 |  得润电子   |   8.1%   |       |       |       |       |       | 10.0 | -4.7  |  3.3  | -2.1  | 1.9  |
|  汽车零部件  | 603009 |  北特科技   |   8.1%   |       |       |       |       |       | 10.0 | -5.2  | -2.5  |  0.0  | 6.3  |
|   电力行业   | 600780 |  通宝能源   |   8.0%   |       |       |       |       |       |      |       | 10.0  | -0.5  | -1.3 |
|   综合行业   | 600784 |  鲁银投资   |   8.0%   | 10.0  | -4.0  |  2.0  |  2.4  | -2.1  | -1.8 |  2.2  | -3.1  |  1.2  | 1.5  |
|  汽车零部件  | 603109 |  神驰机电   |   8.0%   | 10.0  | -0.9  | -0.2  |  1.5  | -2.2  | 5.6  | -3.7  | -4.9  |  2.4  | 1.1  |
|   文化传媒   | 002502 |  鼎龙文化   |   7.9%   | -2.0  | -4.6  | 10.0  | -1.9  | 10.1  | 9.9  | -9.9  | -5.4  |  1.9  | 1.9  |
|     游戏     | 600892 |  大晟文化   |   7.9%   |       |       |       |       |       | 9.9  | -4.4  |  1.7  |  0.5  | 0.5  |
|   专用设备   | 600343 |  航天动力   |   7.6%   |  1.9  | -10.0 | -1.1  | 10.0  | 10.0  | 1.8  | -2.9  | -3.0  |  0.8  | 1.4  |
|   物流行业   | 002210 |  飞马国际   |   7.6%   |       |       |       |       |       |      |       | 10.0  | -1.8  | -0.4 |
|   纺织服装   | 002193 |  如意集团   |   7.5%   | -1.0  |  0.5  | 10.0  | -2.3  |  1.1  | -2.4 |  0.8  | -0.3  |  0.1  | 1.4  |
|   消费电子   | 003028 |  振邦智能   |   7.4%   |  4.7  |  0.4  | 10.0  | -5.2  | -1.8  | -2.1 |  0.8  | -4.4  | -0.5  | 6.2  |
|   专用设备   | 002796 |  世嘉科技   |   7.4%   | 10.0  | 10.0  | 10.0  | 10.0  | -10.0 | -6.9 | -9.8  | -3.9  | -1.1  | 2.1  |
|   医药商业   | 600272 |  开开实业   |   7.3%   | 10.0  | -4.4  |  2.3  |  0.6  |  3.5  | -3.7 | -2.5  |  5.1  | -2.8  | -0.2 |
|  光学光电子  | 002955 |  鸿合科技   |   7.3%   | -0.6  |  0.2  |  3.2  | 10.0  | -3.1  | -1.3 | -0.5  | -2.1  |  2.6  | -0.7 |
|   装修装饰   | 002620 |  瑞和股份   |   7.2%   | -1.1  | -5.2  | 10.0  | -0.5  |  1.3  | 0.3  |  1.3  | -4.5  |  4.7  | 1.6  |
|   光伏设备   | 301046 |  能辉科技   |   7.2%   | 10.5  | -3.2  |  1.4  | -2.6  | -0.4  | -1.1 | -0.5  | -6.6  |  1.0  | 9.6  |
|   旅游酒店   | 301073 |  君亭酒店   |   7.2%   |       |       |       |       |       |      |       |       | 11.7  | -4.0 |
|   环保行业   | 003027 |  同兴环保   |   7.1%   | -0.1  | -2.1  | 10.0  |  2.5  | -3.1  | -0.7 |  0.8  | -1.4  |  0.6  | 1.0  |
|   环保行业   | 002310 |  东方园林   |   7.1%   |       |       |       |       |       |      | 10.0  |  0.0  | -0.8  | -1.9 |
|   电子元件   | 002869 |  金溢科技   |   7.1%   | -7.5  |  4.3  | -0.6  | 10.0  |  0.0  | 1.9  | -2.3  | -4.3  |  5.1  | 1.4  |
|     中药     | 000590 |  启迪药业   |   7.1%   |       |       |       |       |       | 10.0 | -3.3  |  1.9  | -2.1  | 0.8  |
|  计算机设备  | 300449 |  汉邦高科   |   6.9%   |       |       |       |       |       |      |       |  9.9  | -0.3  | -2.4 |
|   电子元件   | 600237 |  铜峰电子   |   6.9%   |  9.9  | -2.2  |  1.0  |  2.8  |  0.5  | -0.8 | -1.8  | -3.3  |  0.9  | 0.0  |
|   有色金属   | 002295 |  精艺股份   |   6.7%   |  2.6  | -7.6  | 10.0  | -0.6  |  1.4  | -3.2 |  1.7  |  1.0  |  2.7  | -0.7 |
|     教育     | 300089 |   *ST文化   |   6.7%   |       |       |       |       |       | 19.9 | -4.1  | -6.1  | -3.4  | 2.4  |
|     电池     | 002580 |  圣阳股份   |   6.7%   |  9.9  | -1.1  |  1.8  | -1.4  |  0.1  | -3.2 | -1.0  | -3.0  |  1.0  | 3.8  |
|   通用设备   | 002633 |  申科股份   |   6.7%   |       |       |       |       |       |      |       | 10.0  | -4.3  | 1.4  |
|   有色金属   | 002806 |  华锋股份   |   6.7%   | -3.0  | -2.6  | 10.0  |  1.9  |  0.9  | -2.3 |  1.7  | -1.6  |  1.9  | 0.1  |
|  互联网服务  | 600797 |  浙大网新   |   6.6%   |  0.3  | -3.5  |  1.3  |  9.9  |  0.7  | -2.5 | -2.5  |  2.1  |  2.2  | -1.2 |
|   通用设备   | 301268 |   铭利达    |   6.4%   | 17.2  | -3.0  |  3.8  | -4.2  | -1.5  | -7.2 | -0.9  | -2.7  |  2.5  | 4.2  |
|   工程机械   | 601226 |  华电重工   |   6.4%   |       |       |       |       |       |      |       |       | 10.0  | -3.2 |
|   水泥建材   | 002671 |  龙泉股份   |   6.4%   | -0.4  | -6.8  | 10.0  | -1.2  | -0.6  | -0.4 | -0.4  |  0.6  |  0.8  | 5.5  |
|   仪器仪表   | 601222 |  林洋能源   |   6.3%   | 10.0  |  4.7  |  0.8  | -3.8  |  0.4  | -4.5 |  0.4  | -4.9  |  0.1  | 3.8  |
|   消费电子   | 301135 |  瑞德智能   |   6.2%   | 10.7  |  8.4  | -3.8  | -5.4  | -2.3  | 3.7  | -3.4  |  1.0  | -3.5  | 1.8  |
|   化纤行业   | 000782 |  美达股份   |   6.1%   |       |       |       |       |       | 10.0 |  9.9  | -9.4  | -3.7  | 0.6  |
|   家电行业   | 603311 |  金海高科   |   6.1%   |       |       |       |       |       | 10.0 |  2.5  | -3.4  | -1.9  | -0.7 |
|   家用轻工   | 002862 |  实丰文化   |   6.1%   |       |       |       |       |       |      | 10.0  | -3.2  | -0.7  | 0.3  |
|   食品饮料   | 002286 |   保龄宝    |   6.0%   |       |       |       |       |       | 10.0 | -4.2  | -1.6  | -0.2  | 2.5  |
|   专用设备   | 000856 |  冀东装备   |   6.0%   |       |       |       |       |       |      | 10.0  | -3.1  |  0.9  | -1.4 |
|   通用设备   | 002871 |  伟隆股份   |   6.0%   |       |       |       |       |       |      | 10.0  | -4.4  |  1.2  | -0.5 |
|   汽车服务   | 600335 |  国机汽车   |   5.9%   |       |       |       |       |       | 10.0 |  0.4  | -5.4  |  0.7  | 0.6  |
|   汽车服务   | 600297 |  广汇汽车   |   5.9%   | -0.8  | -2.8  |  9.8  | -1.1  | -1.5  | 0.0  |  0.8  | -1.1  |  0.4  | 2.7  |
|   装修建材   | 600321 |  正源股份   |   5.9%   |       |       |       |       |       |      |       |  9.8  | -2.2  | -1.4 |
|  光学光电子  | 002745 |   木林森    |   5.9%   |       |       |       |       |       | 10.0 | -1.0  | -3.0  |  0.3  | 0.0  |
|   电网设备   | 002028 |  思源电气   |   5.9%   |  2.2  | -0.9  | 10.0  | -4.3  |  2.0  | -3.2 |  1.4  | -0.0  |  1.2  | -2.0 |
|   软件开发   | 301236 |  软通动力   |   5.9%   |  4.6  |  0.1  |  1.8  | 13.8  | -1.8  | -4.5 | -4.1  | -2.9  |  1.8  | -1.9 |
|   农药兽药   | 603086 |  先达股份   |   5.8%   | 10.0  | -3.8  |  1.7  |  1.2  |  0.2  | -3.0 | -1.2  | -0.7  |  1.1  | 0.8  |
|   电力行业   | 600505 |  西昌电力   |   5.8%   |       |       |       |       |       |      | 10.0  | -5.2  | -0.3  | 1.8  |
|   塑料制品   | 300610 |  晨化股份   |   5.8%   |  3.1  |  2.5  | -1.0  | 16.8  |  1.4  | -6.2 | -6.9  | -5.4  |  0.1  | 3.3  |
|   环保行业   | 300262 |  巴安水务   |   5.8%   | -2.6  | -2.0  | 19.9  | -1.1  | -2.8  | -2.3 |  3.6  | -4.3  | -0.6  | 0.0  |
|  汽车零部件  | 300585 |  奥联电子   |   5.8%   | 10.0  | -0.5  |  0.9  | -0.3  | -2.5  | -3.9 |  1.7  | -1.2  | -0.6  | 2.7  |
|   化学制药   | 300436 |   广生堂    |   5.7%   |  1.3  | 11.8  | -0.3  | -5.4  |  0.6  | 0.8  | -3.8  |  1.0  |  0.5  | -0.0 |
|   专用设备   | 002529 |  海源复材   |   5.7%   |       |       |       |       |       | 10.0 | -8.5  |  2.6  | -1.5  | 3.8  |
|   光伏设备   | 688680 |  海优新材   |   5.7%   |       |       |       |       |       | 9.8  | -4.5  | -3.0  | -1.9  | 5.8  |
|  汽车零部件  | 000570 |   苏常柴Ａ   |   5.6%   |       |       |       |       |       |      | 10.0  | -6.8  |  5.0  | -1.8 |
|  汽车零部件  | 603286 |  日盈电子   |   5.6%   |       |       |       |       |       |      |       | 10.0  | -3.3  | -0.7 |
|   纺织服装   | 002397 |  梦洁股份   |   5.4%   |       |       |       |       |       | 10.0 | -5.2  | -0.4  |  3.1  | -1.5 |
|   公用事业   | 000692 |  惠天热电   |   5.4%   | 10.0  | 10.0  | -4.2  | -5.1  | -2.1  | -2.1 |  0.7  | -2.9  |  3.2  | -1.0 |
|   环保行业   | 603797 |  联泰环保   |   5.2%   | -0.8  |  0.2  | 10.1  |  0.8  | -1.8  | -2.7 |  1.1  | -1.4  |  0.0  | 0.3  |
|   汽车服务   | 000753 |  漳州发展   |   5.1%   |  0.0  | -5.4  | 10.1  |  1.6  |  3.1  | -3.0 | -2.2  | -0.9  |  5.7  | -3.0 |
|   玻璃玻纤   | 002080 |  中材科技   |   5.1%   |  1.4  |  0.8  |  0.7  | 10.0  |  4.1  | -5.0 | -3.3  | -4.8  |  2.0  | -0.1 |
|   电网设备   | 300356 |   *ST光一   |   5.1%   |       |       |       |       |       |      | 11.5  | -1.5  | -1.2  | -3.1 |
|   电力行业   | 000531 |   穗恒运Ａ   |   5.1%   | -0.3  | -5.5  | 10.0  | -3.1  |  4.0  | 0.5  |  3.3  | -3.1  |  0.1  | -0.1 |
|   通用设备   | 301063 |  海锅股份   |   5.0%   | 14.8  | -0.6  | -0.3  | -0.1  |  3.2  | -2.5 | -4.5  | -4.7  | -0.9  | 1.8  |
|   电子元件   | 002134 |  天津普林   |   5.0%   | 10.0  | 10.0  | -10.0 |  3.6  | -8.9  | 1.7  |  1.4  |  4.1  | -5.3  | 0.4  |
|   通用设备   | 301125 |  腾亚精工   |   5.0%   |  4.7  | 20.0  | -8.3  | -4.3  |  0.0  | 1.2  | -6.0  |  1.5  | -1.9  | 0.4  |
|     电池     | 300438 |  鹏辉能源   |   4.9%   | 11.5  |  0.4  |  0.4  | -0.9  |  1.5  | -6.8 | -3.1  | -1.7  | -2.0  | 6.6  |
|   电力行业   | 000040 |  东旭蓝天   |   4.8%   | -2.5  | -4.0  |  9.9  | -3.8  |  0.8  | -3.1 |  9.9  | -3.4  |  1.1  | 1.1  |
|   专用设备   | 600169 |  太原重工   |   4.7%   |       |       |       |       |       |      |       | 10.1  | -4.3  | -0.6 |
|   仪器仪表   | 002819 |  东方中科   |   4.7%   | -0.8  | -0.9  |  1.6  | 10.0  | -3.2  | 0.2  | -1.4  | -1.7  |  0.4  | 1.0  |
|   通用设备   | 002514 |  宝馨科技   |   4.6%   |  5.7  |  4.2  | 10.0  | -6.0  |  0.5  | 5.8  |  5.4  | -10.0 | -10.0 | 1.1  |
|   医药商业   | 603368 |  柳药集团   |   4.5%   |       |       |       |       |       | 10.0 | -3.8  | -1.4  | -0.7  | 0.9  |
|   化学制品   | 002669 |  康达新材   |   4.4%   |       |       |       |       |       |      | 10.0  |  0.4  | -4.9  | -0.6 |
|  互联网服务  | 688258 |  卓易信息   |   4.4%   |  0.7  | -2.3  |  1.0  | 11.0  | -3.3  | -1.9 | -2.1  | -0.5  |  0.9  | 1.5  |
|   电力行业   | 601016 |  节能风电   |   4.4%   |  0.4  |  0.2  | 10.0  |  0.4  |  3.7  | -3.8 | -2.5  | -3.8  |  1.1  | -0.8 |
|   电网设备   | 603191 |  望变电气   |   4.3%   | -2.3  | 10.0  |  1.2  |  0.1  | -1.0  | 5.5  | -4.5  | -6.0  | -0.3  | 2.5  |
|   消费电子   | 002885 |   京泉华    |   4.1%   |       |       |       |       |       |      | 10.0  | -4.0  |  2.6  | -4.0 |
|  房地产开发  | 000838 |  财信发展   |   4.1%   |       |       |       |       |       | 10.0 | -4.4  | -2.2  |  4.3  | -2.9 |
|   商业百货   | 000715 |  中兴商业   |   4.0%   | -0.7  | -4.1  | 10.0  | 10.0  | -6.7  | 0.0  | -2.6  |  2.6  | -0.3  | -2.9 |
|   工程建设   | 300712 |  永福股份   |   4.0%   | 13.9  | -5.0  |  3.0  |  3.7  | -2.8  | -5.8 |  2.1  | -8.7  | -3.1  | 8.8  |
|   专用设备   | 002031 |  巨轮智能   |   3.5%   |  2.2  |  1.4  | 10.0  |  4.6  | -6.6  | -0.4 |  3.4  | -1.1  | -7.6  | -1.2 |
|   电源设备   | 600405 |   动力源    |   3.4%   |       |       |       |       |       | 10.0 | -2.5  | -6.4  |  4.0  | -0.9 |
|   农药兽药   | 603718 |  海利生物   |   3.4%   | 10.0  | -3.7  | -0.3  | -0.5  | -1.3  | -1.0 | -0.7  |  0.4  |  0.6  | 0.3  |
|   装修建材   | 002718 |  友邦吊顶   |   3.3%   |  1.7  | -4.3  | 10.0  | -0.8  | -2.2  | 0.3  | -2.0  |  1.4  |  1.2  | -1.4 |
|   农药兽药   | 002868 |  绿康生化   |   3.2%   | 10.0  | -2.5  |  1.3  |  3.4  | -3.1  | -1.4 | -2.5  | -1.4  | -0.8  | 0.8  |
|   电力行业   | 000601 |  韶能股份   |   3.2%   |       |       |       |       |       |      | 10.1  | -7.4  |  4.3  | -2.9 |
|   汽车整车   | 000550 |  江铃汽车   |   3.2%   |       |       |       |       |       | 10.0 | -2.5  | -8.4  |  1.6  | 3.4  |
|   装修装饰   | 000055 |  方大集团   |   3.2%   | 10.1  | -6.1  | 10.0  | -6.1  |  0.4  | -2.2 |  5.5  | -2.3  | -2.8  | -1.7 |
|   电力行业   | 605028 |  世茂能源   |   3.1%   | -1.4  | -4.2  | 10.0  | -0.8  | -0.2  | -2.3 |  1.1  | -2.3  |  5.4  | -1.3 |
|   化纤行业   | 000420 |  吉林化纤   |   3.1%   |  2.7  | -4.2  |  1.5  | 10.0  |  6.0  | -2.3 | -3.6  | -8.2  |  3.9  | -1.4 |
|   通信服务   | 002115 |  三维通信   |   3.0%   | -4.1  | -5.9  | 10.1  |  2.3  |  3.4  | -2.8 |  0.7  | -1.6  |  1.8  | 0.0  |
|   通用设备   | 002520 |  日发精机   |   2.9%   |       |       |       |       |       | 10.0 | -2.3  | -5.2  |  1.3  | -0.3 |
|  光学光电子  | 688150 |  莱特光电   |   2.8%   |       |       |       |       |       | 12.7 | -5.6  | -3.5  | -2.5  | 2.6  |
|   环保行业   | 300422 |   博世科    |   2.7%   | -2.2  | -4.8  | 12.1  | -2.5  | -1.1  | 0.0  |  5.0  | -3.4  | -0.2  | 0.8  |
|   装修建材   | 002323 |  雅博股份   |   2.7%   | 10.0  | -9.9  | -6.6  |  2.0  | -1.4  | 1.9  |  5.3  |  5.5  |  2.8  | -5.0 |
|   环保行业   | 300614 |  百川畅银   |   2.7%   |  1.7  | -4.9  | 13.8  | -4.5  | -0.3  | 2.3  |  1.9  | -4.2  |  1.2  | -2.9 |
|   装修建材   | 603661 |  DR恒林股   |   2.6%   | 10.0  | -4.5  |  0.0  | -2.0  |  1.0  | -2.3 | -1.2  |  0.8  |  1.7  | -0.3 |
|   软件开发   | 002298 |  中电兴发   |   2.5%   |       |       |       |       |       | 10.0 | -6.1  |  0.1  | -1.5  | 0.6  |
|   玻璃玻纤   | 002201 |  正威新材   |   2.5%   |       |       |       |       |       |      |       | 10.0  | -6.0  | -0.9 |
|  房地产服务  | 002188 |  巴士在线   |   2.3%   | -2.3  | -3.2  | 10.0  | -0.8  | -0.3  | -3.5 |  0.7  |  0.8  |  4.7  | -3.1 |
|  汽车零部件  | 002454 |  松芝股份   |   2.1%   |  1.2  | -3.0  |  4.4  | 10.0  | -8.8  | 4.5  | -3.9  | -5.6  | -1.2  | 6.1  |
|   电子元件   | 603186 |  华正新材   |   1.8%   |       |       |       |       |       | 10.0 | -4.7  | -2.5  | -1.9  | 1.4  |
|   食品饮料   | 002330 |   得利斯    |   1.8%   |  1.9  | -3.7  | 10.0  | -0.1  | -0.6  | -2.0 | -0.5  | -3.6  |  2.0  | -1.0 |
|   装修装饰   | 002047 |  宝鹰股份   |   1.6%   | -8.6  | -1.3  |  1.8  | 10.1  | -1.1  | 1.2  | -3.9  | -1.2  |  4.1  | 1.6  |
|   电网设备   | 603097 |  江苏华辰   |   1.5%   |  1.1  |  3.5  | 10.0  | -10.0 | -1.6  | 3.0  | -2.7  | -2.8  | -0.6  | 2.8  |
|    小金属    | 603993 |  洛阳钼业   |   1.5%   |       |       |       |       |       | 9.9  | -7.0  | -3.2  |  1.7  | 0.9  |
|   综合行业   | 000652 |  泰达股份   |   1.5%   |  9.9  | -9.7  |  2.7  | -0.9  | -0.2  | 0.5  |  1.4  |  1.9  | -1.2  | -1.9 |
|  房地产开发  | 600657 |  信达地产   |   1.5%   | 10.0  | -10.0 | -1.8  |  0.8  | -1.5  | -4.7 |  3.0  |  6.3  |  7.7  | -6.5 |
|  房地产开发  | 600466 |  蓝光发展   |   1.4%   | -4.7  | -7.8  | 10.0  | -0.7  |  0.7  | -0.7 | -0.7  |  4.3  |  6.8  | -4.5 |
|   环保行业   | 001230 |    N劲旅    |   1.3%   |  0.0  | 28.9  | -10.0 | -6.6  | -0.5  | -4.0 |  0.9  | -3.1  | -0.8  | 0.9  |
|   化学原料   | 002145 |  中核钛白   |   1.3%   | -2.7  | -1.5  | 10.0  |  2.2  |  6.0  | -1.9 | -5.0  | -6.7  |  1.6  | 0.3  |
|   电源设备   | 300713 |   英可瑞    |   1.2%   |       |       |       |       |       | 15.2 | -6.7  | -6.6  | -0.6  | 1.5  |
|   食品饮料   | 002495 |  佳隆股份   |   1.1%   | 10.2  | -9.9  |  0.8  |  0.8  |  0.4  | -1.9 |  3.8  |  0.7  | -0.7  | -1.8 |
|   化学原料   | 600955 |  维远股份   |   1.0%   |  0.3  | -5.9  |  1.4  | 10.0  |  1.2  | -1.6 | -0.3  | -2.7  |  0.4  | -1.2 |
|     电池     | 300648 |  星云股份   |   0.9%   | 10.3  | -2.8  |  6.0  | -3.0  | -2.4  | 1.1  | -4.9  | -4.7  | -3.1  | 5.4  |
|   汽车整车   | 600686 |  金龙汽车   |   0.7%   | -0.6  | -8.6  |  1.7  | 10.0  | 10.0  | -4.8 | -1.6  | -5.4  |  1.9  | -0.4 |
|   钢铁行业   | 000655 |  金岭矿业   |   0.5%   | -2.6  | -7.0  |  9.9  | -0.3  |  4.6  | -1.0 | -1.4  |  0.8  |  0.0  | -1.5 |
|   风电设备   | 002487 |  大金重工   |   0.5%   | -2.1  | 10.0  |  0.3  | -1.6  |  8.4  | -4.1 | -0.1  | -10.0 | -0.2  | 1.4  |
|  非金属材料  | 603612 |  索通发展   |   0.3%   | 10.0  |  7.5  | -9.6  | -5.3  |  7.1  | -8.3 |  3.5  | -1.7  |  1.9  | -2.6 |
|   多元金融   | 000567 |  海德股份   |   0.2%   | 10.0  | -10.0 | -1.4  |  2.3  |  1.1  | 2.4  | -3.8  | -0.7  |  1.2  | 0.1  |
|   通用设备   | 603969 |  银龙股份   |   0.2%   |       |       |       |       |       | 10.0 | -6.1  | -4.3  |  0.8  | 0.6  |
|   电源设备   | 002227 |   奥特迅    |   0.1%   |       |       |       |       |       | 10.0 | -7.1  | -5.2  |  2.5  | 1.0  |
|   通用设备   | 002426 |  胜利精密   |   0.0%   | -0.8  | -4.6  | 10.1  | -1.6  |  0.4  | -2.8 | -1.7  | -0.8  |  1.7  | 0.8  |
|   有色金属   | 002114 |  罗平锌电   |  -0.3%   | -3.4  | -9.2  | 10.0  |  3.8  |  2.8  | -1.2 |  1.1  | -1.8  | -0.9  | -0.3 |
|   家电行业   | 000521 |  长虹美菱   |  -0.4%   | -7.6  | 10.0  | -5.3  | 10.1  | -1.9  | -3.0 |  4.0  | -2.1  | -3.1  | 0.2  |
|   专用设备   | 002337 |  赛象科技   |  -0.6%   | -9.2  | -5.2  | 10.0  | -3.6  | 10.1  | 0.9  |  0.2  | -7.0  |  0.4  | 4.8  |
|  汽车零部件  | 603768 |  常青股份   |  -0.6%   |       |       |       |       |       |      | 10.0  | -4.9  | -4.4  | -0.6 |
|   公用事业   | 000605 |  渤海股份   |  -0.6%   | -2.5  | -3.8  | 10.0  | -1.7  |  0.4  | -2.8 |  1.3  |  0.9  | -0.1  | -1.6 |
|   装修装饰   | 002963 |   豪尔赛    |  -0.6%   |       |       |       |       |       | 10.0 |  0.6  | -10.0 | -2.2  | 2.1  |
|   塑料制品   | 603722 |   阿科力    |  -0.7%   |  0.9  | -1.9  | -1.7  | 10.0  | -2.4  | -2.3 | -0.5  | -3.5  | -0.3  | 1.8  |
|   环保行业   | 000711 |  京蓝科技   |  -1.1%   | -2.2  | -8.2  | 10.1  |  0.7  | -0.7  | -0.4 |  2.6  | -2.5  |  2.2  | -1.8 |
|   消费电子   | 002866 |  传艺科技   |  -1.8%   | -10.0 | 10.0  | 10.0  | 10.0  |  3.2  | -2.7 | -7.4  | -10.0 | -3.5  | 1.5  |
|   公用事业   | 600187 |  国中水务   |  -2.2%   | -1.1  | -6.4  | 10.0  | -1.4  |  3.0  | -4.7 |  0.8  | -2.6  |  1.9  | -0.8 |
|   电力行业   | 002616 |  长青集团   |  -3.1%   | -4.5  | -4.2  | 10.1  | 10.0  | -8.0  | 1.2  | -1.9  | -5.5  |  1.3  | 0.0  |
|   铁路公路   | 600662 |  外服控股   |  -3.3%   | -7.1  |  9.9  | -1.9  | -1.5  |  0.1  | -2.1 | -1.7  | -0.2  |  1.4  | 0.5  |
|   环保行业   | 605069 |  正和生态   |  -3.4%   |  1.0  | -10.0 |  2.5  | 10.0  | -1.6  | -1.9 |  2.6  | -3.0  | -2.2  | 0.3  |
|   装修建材   | 603378 |  亚士创能   |  -3.8%   | -2.5  | -4.3  | 10.0  | -1.5  |  3.5  | -4.2 | -2.9  | -2.2  |  5.8  | -4.6 |
|   化学制药   | 301089 |  拓新药业   |  -3.9%   |  4.7  | -10.2 | 11.7  |  0.1  | -3.5  | -1.1 |  1.4  |  3.8  | -6.3  | -3.0 |
|   有色金属   | 600490 |  鹏欣资源   |  -5.0%   | -3.2  | -10.0 |  1.4  | 10.1  |  3.3  | 0.5  | -3.5  | -2.3  |  0.5  | -0.8 |
| 工程咨询服务 | 002883 |  中设股份   |  -5.4%   | -5.7  | -7.7  | 10.0  |  0.9  | -1.7  | -2.4 |  2.1  |  0.0  |  0.0  | 0.0  |
|   电网设备   | 002953 |  日丰股份   |  -6.0%   |  3.2  |  6.1  | -1.9  | 10.0  | -6.6  | -5.3 |  3.6  | -2.1  | -10.0 | -1.6 |
|   工程建设   | 002628 |  成都路桥   |  -6.4%   | -3.0  | -7.1  | 10.1  |  1.2  | -1.7  | -3.5 | -0.8  | -0.8  |  0.5  | -0.8 |
|     电池     | 600847 |  万里股份   |  -7.2%   |  3.9  |  7.8  |  0.6  | 10.0  | -10.0 | -8.9 |  1.9  | -7.9  | -2.3  | -0.3 |
|   环保行业   | 301175 |  中科环保   |  -7.2%   |  5.4  | -5.3  | 14.3  | -10.3 | -3.1  | -3.6 |  5.4  | -5.9  | -1.8  | -0.2 |
|   电力行业   | 001896 |  豫能控股   |  -8.4%   | -2.8  | -7.7  | 10.0  | -2.7  | -0.6  | -2.9 |  0.3  | -2.9  |  1.1  | 0.3  |
|  汽车零部件  | 605319 |  无锡振华   |  -9.9%   |  0.0  |  0.0  |  0.0  | 10.0  | -9.2  | -3.9 | -2.8  | -4.2  |  0.2  | 0.6  |
|  汽车零部件  | 002703 |  浙江世宝   |  -10.2%  |  2.1  | -5.4  | 10.0  | -3.6  | -9.6  | -0.7 |  2.0  | -3.6  | -1.4  | 0.9  |
|   铁路公路   | 000548 |  湖南投资   |  -11.0%  | -6.7  | -8.3  | -0.4  |  9.9  |  1.0  | -3.2 |  1.8  | -3.3  |  1.2  | -2.4 |
|     证券     | 002670 |  国盛金控   |  -11.5%  | -6.9  | -7.8  |  9.9  | -2.8  | -1.2  | 0.8  | -1.5  | -1.7  |  0.6  | -0.5 |
|   电网设备   | 002090 |  金智科技   |  -15.6%  |  5.0  | 10.0  | 10.0  | -10.0 | -10.0 | -7.4 | -6.1  |  1.6  | -6.3  | -0.9 |
|   汽车整车   | 000957 |  中通客车   |  -16.6%  | 10.0  |  4.0  |  5.3  | -10.0 | -10.0 | -9.7 | -3.3  |  5.6  | -4.1  | -3.5 |
+--------------+--------+-------------+----------+-------+-------+-------+-------+-------+------+-------+-------+-------+------+
