+------------+--------+------------+----------+------+-------+-------+-------+-------+-------+-------+-------+-------+-------+
|    行业    |  代码  |    名称    | 涨幅统计 |  9   |   8   |   7   |   6   |   5   |   4   |   3   |   2   |   1   |   0   |
+------------+--------+------------+----------+------+-------+-------+-------+-------+-------+-------+-------+-------+-------+
|  电力行业  | 001258 |  立新能源  |  159.7%  | 10.1 | 10.1  | 10.0  | 10.0  |  9.9  | 10.1  |  9.9  | 10.0  | 10.1  | 10.0  |
| 汽车零部件 | 603211 |   N晋拓    |  112.3%  | 10.0 | 10.0  | 10.0  | 10.0  | 10.0  | 10.0  | 10.0  | 10.0  | 10.0  | -10.0 |
|   半导体   | 002077 |  大港股份  |  109.6%  | 10.1 | -5.5  |  3.4  | 10.0  | 10.0  | 10.0  | 10.0  | 10.0  | 10.0  | 10.0  |
|  多元金融  | 001236 |   N弘业    |  92.5%   |      |       |       |       |       |       | 44.1  | 10.1  | 10.2  | 10.2  |
|     —      | 835985 |   N海泰    |  82.3%   |      |       |       |       |       |       |       | 27.4  | 29.9  | 10.2  |
|  消费电子  | 001229 |   N魅视    |  74.2%   |      |       |       |       |       |       |       | 44.0  | 10.0  | 10.0  |
|    电机    | 603728 |  鸣志电器  |  71.4%   | 10.0 | 10.0  | 10.0  | 10.0  | -2.2  |  1.2  | -4.4  | 10.0  |  2.2  | 10.0  |
|   半导体   | 301132 |   N满坤    |  67.3%   |      |       |       |       |       |       |       |       |       | 67.3  |
|  专用设备  | 688255 |   凯尔达   |  66.0%   | 20.0 |  9.1  |  6.7  | -8.9  |  7.2  | 16.1  | -6.7  |  7.4  |  8.1  | -3.1  |
|  化学制品  | 300848 |  美瑞新材  |  66.0%   |      | 20.0  | 14.7  |  5.5  | -3.3  |  4.1  |  6.3  |  1.6  |  0.3  |  4.7  |
|  家电行业  | 603366 |  日出东方  |  65.8%   | 10.0 | 10.1  | 10.0  |  0.0  |  3.5  |  3.4  | -4.3  |  0.4  | 10.0  | 10.1  |
|  纺织服装  | 300526 |  *ST中潜   |  64.6%   | 8.2  | -0.1  |  5.4  |  1.1  |  9.7  | 20.0  | -5.1  |  4.3  | 13.0  | -3.0  |
|  专用设备  | 688596 |  正帆科技  |  62.2%   | 11.2 | -2.6  | -0.1  | -1.6  |  8.7  |  8.0  |  8.7  |  4.9  |  1.0  | 12.8  |
|  通信服务  | 002231 |  奥维通信  |  61.8%   |      |       | 10.0  | -2.9  | 10.0  | -5.8  |  9.9  | 10.0  | 10.0  | 10.0  |
|  专用设备  | 301312 |   智立方   |  60.5%   |      | 12.5  | 14.9  | -2.8  | -1.7  | 10.0  | 13.2  |  2.0  |  4.8  | -2.5  |
|   半导体   | 301308 |  N江波龙   |  59.9%   |      |       |       |       |       |       | 77.8  | -14.6 |  7.9  | -2.4  |
|  玻璃玻纤  | 600586 |  金晶科技  |  59.5%   | 10.0 | 10.0  |  9.9  | 10.1  | -4.6  | 10.0  | -9.3  | 10.0  | -5.5  | 10.1  |
|  通用设备  | 300554 |  三超新材  |  57.2%   | -0.5 | -3.3  | 14.3  | -5.4  | -4.4  | 15.7  | 14.8  | 20.0  | -2.8  |  1.9  |
|  家用轻工  | 603398 |  沐邦高科  |  57.1%   | 10.0 |  2.0  | 10.0  |  1.6  |  1.9  | -3.1  |  1.5  | 10.0  | 10.0  |  3.2  |
|  专用设备  | 688160 |  步科股份  |  56.1%   | 20.0 |  4.5  |  5.3  |  3.1  | -3.8  | -3.9  | -8.0  |  1.9  | 20.0  | 10.3  |
| 汽车零部件 | 603286 |  日盈电子  |  55.8%   | 4.9  | 10.0  | 10.0  | 10.0  | 10.0  | -2.5  |  6.0  |  0.5  | -1.0  | -1.5  |
|    电池    | 301121 |   N紫建    |  55.5%   |      |       |       |       |       |       |       | 45.4  | 14.8  | -6.8  |
| 互联网服务 | 300044 |  赛为智能  |  55.5%   |      | 19.9  | 19.9  | -10.5 | -8.2  | 15.9  | -8.9  |  8.0  | 10.8  |  4.2  |
|  软件开发  | 301269 |  C华大九   |  54.4%   |      |       |       |       | 15.5  | 14.1  | 20.0  |  9.5  | -5.8  | -5.3  |
|  专用设备  | 603800 |  道森股份  |  54.2%   |      |       | 10.0  | 10.0  |  6.5  | 10.0  | -1.1  |  3.9  |  3.8  |  2.0  |
| 汽车零部件 | 002553 |  南方精工  |  52.0%   | -0.8 | 10.0  | -2.0  | -9.2  | -2.8  | 10.0  | 10.0  | 10.0  | 10.0  | 10.0  |
|  专用设备  | 688383 |   新益昌   |  51.2%   |      |       |       | 15.6  |  8.9  | -1.8  | 15.3  |  6.4  | -0.5  |  0.0  |
|  环保行业  | 301030 |  仕净科技  |  50.1%   |      |       |       |       |       | 12.2  | -0.2  | 15.3  | 15.6  |  0.6  |
|   半导体   | 002156 |  通富微电  |  50.0%   | 10.0 | -0.5  | -1.0  | -1.9  |  3.8  |  2.6  | 10.0  | 10.0  | 10.0  | -0.4  |
| 汽车零部件 | 833533 |  骏创科技  |  47.5%   |      |       |       |       |       |       |       | 10.8  |  2.5  | 29.9  |
|    电池    | 300068 |  南都电源  |  47.2%   | 4.7  |  0.3  | 20.0  |  6.1  | -5.7  | -3.3  | 11.1  |  4.7  | -0.5  |  4.4  |
|  软件开发  | 603528 |  多伦科技  |  46.8%   |      |       |       |       |  9.9  |  9.9  | 10.0  | -4.5  | 10.0  |  5.1  |
|   半导体   | 688380 |   N中微    |  46.7%   |      |       |       |       |       |       | 82.1  | -14.4 | -3.6  | -2.3  |
|  仪器仪表  | 688115 |   思林杰   |  46.7%   | 10.0 | 14.7  | 10.2  | -2.4  | -3.0  |  2.8  | -4.5  | 10.0  |  5.4  | -2.1  |
| 电子化学品 | 300537 |  广信材料  |  46.4%   |      |       | 20.0  | 14.9  |  1.1  |  8.8  | -0.3  | -5.8  |  7.7  | -4.6  |
|  通信设备  | 300565 |  科信技术  |  44.5%   | 0.9  | -3.2  |  2.0  | 12.9  |  2.1  |  3.2  |  4.8  | 20.0  | -0.4  | -2.7  |
|   半导体   | 688037 |   芯源微   |  42.8%   |      |       | 10.9  |  5.8  |  2.4  |  5.4  | 12.3  | -2.0  |  6.7  | -4.0  |
|  航天航空  | 688070 |  纵横股份  |  42.1%   | 4.4  |  0.5  |  6.2  | -3.1  |  5.5  | -0.3  |  3.2  | 14.9  |  4.7  |  0.7  |
|  电力行业  | 300125 |  聆达股份  |  41.8%   | 6.4  |  5.8  |  0.1  |  1.5  | -5.8  | 10.6  | -1.7  | 17.0  | -2.7  |  6.4  |
| 房地产开发 | 600773 |  西藏城投  |  41.8%   |      |       |       |       |       |       | 10.0  | 10.0  |  6.5  | 10.0  |
|  文化传媒  | 300392 |  *ST腾信   |  41.6%   |      |       |       |       |       | 20.1  |  4.0  |  1.9  | 12.9  | -1.4  |
|  航天航空  | 688239 |  航宇科技  |  40.0%   | 17.7 | -2.2  |  1.2  |  4.0  |  3.0  | -2.4  |  5.2  |  4.7  |  3.6  |  0.9  |
|  电源设备  | 002665 |  首航高科  |  39.7%   | 0.8  | 10.1  |  9.9  |  2.0  |  2.4  |  3.9  | -10.0 |  3.7  | 10.0  |  2.6  |
| 计算机设备 | 002512 |  达华智能  |  39.3%   |      |       |       |       |       | 10.1  | 10.1  | 10.1  | -5.2  | 10.1  |
|  有色金属  | 688786 |  悦安新材  |  39.0%   |      |       | 20.0  | 20.0  | 17.1  | -18.1 | -3.2  |  1.8  |  4.2  | -2.0  |
|  有色金属  | 300963 |  中洲特材  |  39.0%   | 20.0 | -1.6  |  2.7  |  0.6  | -6.0  | -5.7  |  0.6  |  4.8  |  1.5  | 20.0  |
| 汽车零部件 | 301181 |  标榜股份  |  38.9%   | 20.0 | -1.2  |  9.9  | -5.1  | -7.6  |  0.8  | -6.6  | 20.0  | 14.9  | -6.3  |
| 光学光电子 | 300650 |  太龙股份  |  38.8%   |      |       |       |       |       | 11.2  | 13.2  |  3.3  |  6.0  |  0.7  |
|  专用设备  | 300480 |  光力科技  |  37.9%   |      |       |       |       | 14.0  |  3.2  | 13.6  |  2.5  | -0.6  |  1.2  |
| 汽车零部件 | 603768 |  常青股份  |  37.4%   | 6.6  |  1.0  |  4.2  | -3.7  |  0.1  | 10.0  |  0.6  | 10.0  |  1.5  |  2.8  |
|  通用设备  | 002903 |  宇环数控  |  37.2%   |      | 10.0  | -0.1  | 10.0  |  3.6  | -2.3  |  2.5  | -1.1  |  0.6  | 10.0  |
|   半导体   | 002119 |  康强电子  |  37.2%   |      |       |       |       |       |       | 10.0  | 10.0  | 10.0  |  3.0  |
|   半导体   | 688206 |  概伦电子  |  36.6%   |      |       |       |       | 15.7  | 16.7  | 12.9  | -5.1  |  2.2  | -7.6  |
|  电网设备  | 002471 |  中超控股  |  35.9%   |      |       |       |       |       | 10.2  |  9.9  | 10.0  | -6.2  |  8.8  |
|   半导体   | 688216 |  气派科技  |  34.3%   |      |       |       |       |       |       | 11.5  | -3.5  | 20.0  |  4.0  |
|  消费电子  | 688260 |  昀冢科技  |  34.2%   | 11.9 |  0.0  | 16.4  |  2.7  | -0.3  |  1.9  |  0.7  |  3.5  | -0.4  | -4.8  |
|  通信设备  | 600355 |  精伦电子  |  33.9%   |      | 10.0  | -2.1  | -7.1  | 10.0  |  9.9  | -6.1  |  2.9  | 10.1  |  4.1  |
| 互联网服务 | 688258 |  卓易信息  |  33.7%   | 1.6  |  8.8  |  8.6  | -7.4  |  3.1  |  1.7  | 16.2  |  4.8  | -6.0  |  0.2  |
|   半导体   | 300666 |  江丰电子  |  33.1%   | 0.5  |  1.1  |  2.7  |  3.2  | -2.4  |  6.4  |  6.7  | -1.0  | 14.4  | -1.5  |
| 汽车零部件 | 300893 |  松原股份  |  32.9%   | -0.9 |  6.3  | -1.8  | -3.2  | -1.8  | -1.5  | -2.3  | 20.0  |  2.0  | 14.8  |
| 光学光电子 | 002876 |   三利谱   |  32.7%   |      |       |       |       |       | 10.0  |  8.3  |  0.4  |  5.6  |  5.0  |
|   半导体   | 688002 |  睿创微纳  |  32.5%   |      |       |       |       |       |       | 20.0  |  9.8  |  1.5  | -0.9  |
|  化学制品  | 003022 |  联泓新科  |  32.4%   | 10.0 | -1.4  | -1.0  |  5.9  | -3.8  |  1.8  | -2.0  | 10.0  |  1.3  |  8.9  |
|  仪器仪表  | 688768 |  容知日新  |  32.2%   | 5.5  |  1.9  | -1.0  | -3.9  |  9.2  |  0.6  |  2.7  |  4.3  | 12.3  | -2.3  |
|  软件开发  | 301197 |   N工大    |  32.1%   |      |       |       |       |       |       |       | 47.0  | -6.8  | -3.6  |
|  专用设备  | 301018 |  申菱环境  |  31.8%   | 3.5  | 20.0  | -0.3  | -2.5  | -8.8  | -3.5  | -6.3  |  8.7  |  1.4  | 20.0  |
|   半导体   | 688521 | 芯原股份-U |  31.5%   |      |       |       |       |       |       | 20.0  |  7.9  |  7.0  | -5.1  |
|  电子元件  | 002579 |  中京电子  |  31.2%   | 10.0 | -2.8  |  4.3  | 10.1  |  1.5  | -9.9  | 10.0  |  5.0  |  5.1  | -3.6  |
| 汽车零部件 | 603201 |   N常润    |  30.6%   |      | 44.0  | 10.0  | 10.0  | -10.0 | -9.7  | -5.6  |  2.8  | -1.9  | -3.1  |
|  农药兽药  | 603639 |   海利尔   |  30.2%   |      |       |       |       |       |       | 10.0  | 10.0  |  0.4  |  7.1  |
| 光学光电子 | 300301 |  *ST长方   |  30.2%   |      |       |       |       |       | 11.2  |  1.5  |  4.0  |  0.5  | 10.4  |
|  化纤行业  | 000301 |  东方盛虹  |  29.9%   | 8.1  | -1.7  |  1.5  | 10.0  | -6.4  | -0.1  |  2.0  |  6.1  |  2.8  |  5.1  |
|   半导体   | 688286 |  敏芯股份  |  29.9%   |      |       |       |       |       | 19.4  |  6.1  | -5.2  | 12.5  | -3.8  |
|  专用设备  | 688328 |   深科达   |  29.6%   |      |       |       |       |       |       |       | 20.0  | 13.3  | -4.7  |
|   半导体   | 688200 |  华峰测控  |  29.5%   |      |       |       |       |       |       | 20.0  |  2.2  |  4.3  |  1.3  |
|  塑料制品  | 300487 |  蓝晓科技  |  29.4%   |      |       | 20.0  |  3.8  | -4.4  |  6.3  | -0.8  |  1.9  | -0.6  |  1.8  |
| 汽车零部件 | 002708 |  光洋股份  |  29.3%   | 10.0 |  1.4  | 10.0  |  5.7  | -8.5  |  0.5  | -4.5  |  3.3  |  0.0  | 10.0  |
|  通用设备  | 300260 |  新莱应材  |  29.3%   |      |       |       |       | 11.2  |  0.9  |  9.0  | -2.9  |  7.1  |  1.7  |
|  通用设备  | 603757 |  大元泵业  |  29.2%   |      |       | 10.0  | 10.0  | -2.6  | -3.1  | -3.6  | -3.1  | 10.0  | 10.0  |
|  通用设备  | 002896 |  中大力德  |  29.1%   | 10.0 | 10.0  | 10.0  |  6.5  | -2.8  | 10.0  | -10.0 | -2.6  |  5.6  | -8.0  |
|  橡胶制品  | 603650 |  彤程新材  |  29.0%   |      |       | 10.0  |  6.5  | 10.0  |  1.6  |  4.9  | -5.6  | -0.5  | -0.1  |
|   半导体   | 001309 |   德明利   |  29.0%   | 2.7  | 10.0  |  3.5  | 10.0  |  2.8  |  0.9  |  9.1  | -10.0 |  1.8  | -3.3  |
|  通用设备  | 002943 |  宇晶股份  |  28.9%   |      |       |       |       |       |       |       | 10.0  | 10.0  |  6.5  |
|  消费电子  | 002881 |  美格智能  |  28.7%   |      |       | 10.0  |  7.6  |  8.0  | -4.5  |  3.6  |  2.8  |  5.2  | -5.8  |
|  有色金属  | 002532 |  天山铝业  |  28.7%   |      |  9.9  | 10.0  |  9.0  | -5.3  |  2.0  | -0.7  |  2.5  | -1.9  |  1.1  |
|  化学制品  | 603823 |   百合花   |  28.5%   |      | 10.0  |  6.1  | -2.9  |  7.1  | -0.1  | 10.0  | -1.5  |  0.2  | -2.4  |
| 汽车零部件 | 002865 |  钧达股份  |  28.2%   | 8.8  |  1.2  | -4.1  |  2.8  | -4.9  |  4.2  | -3.1  | 10.0  |  1.8  | 10.0  |
| 汽车零部件 | 002536 |  飞龙股份  |  28.2%   | 10.1 |  3.2  | -7.8  | -0.5  | 10.0  | 10.0  |  0.0  | -4.0  | -3.8  | 10.1  |
| 计算机设备 | 603516 |  淳中科技  |  27.7%   | 10.0 |  4.5  | -2.8  | -4.7  | 10.0  | 10.0  | -6.4  |  3.0  | -0.3  |  3.1  |
|  软件开发  | 603138 |  海量数据  |  27.7%   |      | 10.0  | -1.6  | -3.8  |  6.7  | 10.0  |  4.6  | 10.0  | -5.8  | -3.5  |
|  电子元件  | 688375 |  国博电子  |  27.6%   |      |       | 12.4  | -3.5  |  3.2  |  0.0  | 13.3  | -0.2  | -0.9  |  1.8  |
|  塑料制品  | 002886 |  沃特股份  |  27.6%   |      |       |       |       |       | 10.0  |  0.6  |  5.3  |  3.3  |  5.9  |
| 房地产开发 | 600603 |  广汇物流  |  27.4%   | 10.1 | 10.1  |  5.1  | -5.1  | -6.9  |  5.6  | -8.0  | 10.0  |  4.3  |  1.6  |
|  电网设备  | 002276 |  万马股份  |  27.3%   |      |       | 10.0  | -0.5  | -5.6  |  1.1  | 10.0  |  1.1  |  7.9  |  1.7  |
|  家用轻工  | 002575 |  群兴玩具  |  27.3%   | 10.0 |  9.4  | -8.1  | 10.0  | 10.0  |  1.3  |  1.4  | -3.5  | -4.9  |  0.9  |
|   半导体   | 688699 |  明微电子  |  27.1%   |      |       |       |       |       |       | 20.0  |  7.0  |  4.8  | -5.5  |
|  通信设备  | 300620 |  光库科技  |  26.3%   |      |       |       |       | 13.7  | -1.9  |  5.2  |  1.8  | -0.7  |  6.6  |
|  装修建材  | 300117 |  嘉寓股份  |  26.1%   |      |       |       |       |       |       |       |       | 20.1  |  5.0  |
|  环保行业  | 000035 |  中国天楹  |  26.1%   | 10.1 |  3.9  | -3.1  | -2.3  |  1.7  | -1.9  |  9.9  |  6.6  | -0.9  |  0.5  |
|    电机    | 003021 |  兆威机电  |  26.0%   | 10.0 | -0.8  | -1.6  | -4.7  | -2.2  | -4.8  | 10.0  | 10.0  |  3.9  |  5.2  |
|  通用设备  | 002871 |  伟隆股份  |  26.0%   | -0.7 |  0.7  |  1.3  | -4.7  | -1.6  |  0.8  | -1.1  | 10.0  | 10.0  | 10.0  |
|  商业百货  | 002818 |   富森美   |  26.0%   |      |       |       |       | 10.1  | 10.0  | -6.1  |  0.1  |  0.6  | 10.0  |
|  通用设备  | 605060 |  联德股份  |  25.6%   |      |       |       | 10.0  |  7.6  | -1.2  |  1.1  |  2.9  |  3.5  | -0.3  |
|  通信设备  | 300397 |  天和防务  |  25.4%   |      |       |       | 20.0  | 14.2  | -7.1  | -2.6  | -1.2  |  2.5  | -0.2  |
|  有色金属  | 688102 |  斯瑞新材  |  25.0%   |      |       | 14.0  | -3.2  |  6.1  | -3.1  |  0.0  |  8.7  | -0.2  |  1.4  |
|   半导体   | 688661 |  和林微纳  |  24.9%   |      |       |       |       |       |       | 13.5  |  3.7  |  4.8  |  1.3  |
|  消费电子  | 300131 |  英唐智控  |  24.9%   | 14.0 | -5.4  |  1.8  | -4.5  |  5.7  |  2.8  |  4.4  |  0.8  | -1.6  |  6.0  |
|  软件开发  | 603990 |  麦迪科技  |  24.8%   | 6.3  |  2.8  |  6.0  | -4.2  | -1.6  | -1.7  | -6.7  | 10.0  |  2.9  | 10.0  |
|  生物制品  | 688373 |  N盟科-U   |  24.8%   |      |       |       |       |       |       | 33.3  |  6.4  | -10.8 | -1.4  |
|  仪器仪表  | 001266 |  宏英智能  |  24.6%   | 3.3  | -1.2  | 10.0  |  1.8  |  1.2  | -3.8  | -3.8  |  5.0  |  6.1  |  4.5  |
|  通信设备  | 002897 |  意华股份  |  24.5%   | 7.0  | 10.0  | -0.9  | -4.9  | -2.9  | -3.0  |  2.6  | 10.0  |  2.4  |  3.2  |
|  化纤行业  | 000936 |  华西股份  |  24.4%   |      |       |       |       |       | 10.1  | 10.0  |  2.1  | -3.0  |  3.7  |
| 房地产开发 | 600641 |  万业企业  |  24.4%   | 7.0  | -2.3  |  6.2  |  8.2  | -3.1  | -0.8  | 10.0  |  0.1  | -1.3  | -0.9  |
|  环保行业  | 688501 |  青达环保  |  24.4%   |      | 11.3  | -3.9  | -1.9  | 14.4  | -3.9  |  0.2  | -0.9  |  5.5  |  2.7  |
|  橡胶制品  | 002753 |  永东股份  |  23.5%   |      |       | 10.0  |  3.6  | -5.1  |  1.6  | -1.9  |  3.1  | 10.0  |  0.9  |
| 光学光电子 | 688272 |   富吉瑞   |  23.2%   |      |       | 20.0  |  3.5  |  0.1  | -5.3  | -1.8  |  3.5  | -1.1  |  4.3  |
| 光学光电子 | 002845 |   同兴达   |  23.0%   |      |       |       |       |       |       | 10.0  | 10.0  |  7.1  | -5.0  |
|  纺织服装  | 002404 |  嘉欣丝绸  |  23.0%   |      |       |       |       |       |       | 10.0  |  1.5  |  0.1  | 10.0  |
|  专用设备  | 835368 |  连城数控  |  22.9%   |      |       |       |       |       |       | 11.1  |  4.8  |  1.2  |  4.3  |
|  仪器仪表  | 002338 |  奥普光电  |  22.4%   | 3.2  |  3.7  | -0.5  | -4.4  |  4.8  | 10.0  | -5.8  |  0.9  |  2.1  |  7.5  |
|  电子元件  | 603186 |  华正新材  |  22.2%   | 6.2  | -3.4  |  3.9  | -3.9  |  5.0  | -1.2  | 10.0  | -0.3  |  2.0  |  2.9  |
|  专用设备  | 688218 |  江苏北人  |  22.1%   | 4.6  |  7.9  |  1.5  |  5.1  | -9.6  | 20.0  | -8.2  |  1.7  | -2.7  |  2.9  |
|  电网设备  | 603577 |   汇金通   |  21.9%   |      | 10.1  | 10.0  | -10.0 | -3.7  | 10.0  | -1.1  |  2.3  |  0.5  |  3.9  |
|  塑料制品  | 603051 |  鹿山新材  |  21.9%   | -4.4 |  5.3  |  1.2  |  1.6  | -1.3  | -6.3  | -2.6  |  8.0  | 10.0  | 10.0  |
|     —      | 834062 |  科润智控  |  21.5%   | 4.8  | -3.1  | -3.8  |  4.6  | -0.2  |  2.3  |  2.2  |  0.2  | -0.7  | 14.7  |
|   半导体   | 002079 |  苏州固锝  |  21.0%   |      |       |       |       |       |       |       |       | 10.0  | 10.0  |
|  光伏设备  | 603628 |  清源股份  |  21.0%   |      |       |       |       |       |       |       |       | 10.0  | 10.0  |
|  专用设备  | 002337 |  赛象科技  |  21.0%   | -2.3 | 10.1  | 10.0  | 10.1  | -10.0 | -3.5  | -9.2  |  1.7  |  5.4  | 10.0  |
|  专用设备  | 600520 |  文一科技  |  21.0%   |      |       |       |       |       |       |       |       | 10.0  | 10.0  |
|  电子元件  | 688511 |  天微电子  |  20.6%   |      |       |       |       | 20.0  | -5.0  |  2.0  |  4.4  |  0.7  | -1.4  |
|  通用设备  | 002444 |  巨星科技  |  20.2%   |      |       | 10.0  | 10.0  | -3.0  | -1.2  | -3.0  |  1.2  |  4.3  |  1.3  |
|  电子元件  | 002008 |  大族激光  |  20.1%   | 10.0 | -0.4  |  6.6  |  5.0  |  0.0  | -4.5  | -0.3  |  1.9  | -0.1  |  1.1  |
|  光伏设备  | 688680 |  海优新材  |  20.0%   | 1.2  | -0.9  | -1.5  |  4.8  | -4.8  | -1.2  | -0.2  |  4.0  | 14.8  |  3.6  |
|  专用设备  | 688170 |  德龙激光  |  20.0%   |      | 20.0  |  1.0  | -3.1  |  3.6  | -1.1  | -1.2  |  1.3  | -1.0  |  0.7  |
|  化学制品  | 300727 |  润禾材料  |  20.0%   |      |       |       |       |       |       |       |       |       | 20.0  |
|  电子元件  | 688371 |   菲沃泰   |  20.0%   |      |       |       |       |       |       |       |       |       | 20.0  |
|  电网设备  | 688226 |  威腾电气  |  20.0%   |      |       |       |       |       |       |       |       |       | 20.0  |
|    电池    | 002580 |  圣阳股份  |  20.0%   | 1.6  |  0.0  |  1.5  | -3.5  | 10.0  | -1.4  | -5.4  |  5.3  |  1.3  | 10.1  |
|  家电行业  | 600619 |  海立股份  |  19.9%   |      | 10.0  |  5.1  | -1.9  |  3.0  | -2.6  | -1.6  |  0.0  |  2.4  |  4.8  |
| 电子化学品 | 300481 |  濮阳惠成  |  19.9%   |      |       |       |       |       |       |       | 19.0  | -3.5  |  4.3  |
|   半导体   | 603005 |  晶方科技  |  19.8%   |      |       |       |       |       |       | 10.0  |  6.0  |  6.7  | -3.7  |
|  光伏设备  | 603396 |  金辰股份  |  19.8%   | 10.0 |  4.7  | 10.0  | -5.0  | -5.0  | -1.8  | -3.0  | 10.0  | -2.4  |  2.4  |
|  消费电子  | 301086 |   鸿富瀚   |  19.7%   | 0.4  |  7.3  |  0.1  | -3.9  | -3.1  |  2.2  |  4.7  |  2.4  | 10.1  | -1.1  |
| 汽车零部件 | 002213 |  大为股份  |  19.6%   |      |       |       |       |       |       |       | 10.0  | -1.2  | 10.0  |
|  通用设备  | 003043 |  华亚智能  |  19.6%   | -2.5 | -3.1  |  0.1  | 10.0  | -2.1  |  4.3  |  6.2  | -3.5  | -0.1  | 10.0  |
|  电子元件  | 301150 |  中一科技  |  19.6%   |      |       |       |       | 11.8  | -5.3  | -1.8  | 13.7  | -0.1  |  1.3  |
|  电源设备  | 002534 |  西子洁能  |  19.3%   | -1.7 |  5.0  | 10.0  |  2.4  | -7.1  |  0.1  | -1.1  |  5.8  | -1.1  |  6.5  |
|  软件开发  | 300378 |  鼎捷软件  |  19.3%   |      |       |       |       |       |       |       | 20.0  |  0.0  | -0.6  |
|  酿酒行业  | 000596 |  古井贡酒  |  19.2%   |      |       | 10.0  |  6.5  | -0.8  |  4.4  | -2.2  |  0.8  | -0.2  | -0.1  |
| 汽车零部件 | 603922 |   金鸿顺   |  19.2%   |      |       |       |       |       |       |       | 10.0  | 10.0  | -1.5  |
|  电力行业  | 600212 |  绿能慧充  |  19.2%   | 10.0 |  2.0  | -1.1  | -2.0  | -1.7  |  6.2  | -0.1  |  4.2  |  1.6  | -0.7  |
|  农药兽药  | 002868 |  绿康生化  |  19.1%   | -2.3 | -1.2  | 10.0  | 10.0  | 10.0  | 10.0  | 10.0  | -10.0 | -10.0 | -5.5  |
|  仪器仪表  | 688622 |  禾信仪器  |  19.1%   |      |       |       |       |       |       | 15.7  | -1.1  | -2.3  |  6.5  |
| 汽车零部件 | 688326 | 经纬恒润-W |  19.0%   |      | 11.8  |  5.4  |  7.4  | -7.6  |  0.6  | -8.8  |  5.8  |  3.0  |  1.9  |
|  家电行业  | 603726 |  朗迪集团  |  19.0%   |      |       |       |       |       |       | 10.0  | 10.0  | -1.5  | -0.1  |
|  环保行业  | 300056 |  中创环保  |  19.0%   |      | 14.7  |  0.0  | -4.2  | -6.0  | 11.6  |  0.0  |  1.8  | -2.1  |  3.5  |
|   半导体   | 688213 |  思特威-W  |  18.9%   | 16.7 | -1.5  | -0.3  | -2.7  |  1.1  | -0.8  | 14.1  | -4.8  |  0.3  | -2.3  |
|  通信设备  | 000561 |  烽火电子  |  18.8%   |      |       |       |       |       |       |       | 10.0  | 10.1  | -1.9  |
| 互联网服务 | 600536 |  中国软件  |  18.8%   |      |       |       |       | 10.0  | -0.1  | 10.0  |  2.3  | -5.7  |  1.9  |
| 汽车零部件 | 002715 |  登云股份  |  18.6%   | 10.0 | -0.1  | -1.5  | -5.1  | -3.3  |  5.1  |  3.0  |  7.6  | -0.6  |  3.2  |
|    电机    | 002576 |  通达动力  |  18.6%   |      |       |       |       |       |       |       | 10.0  | 10.0  | -2.0  |
|  美容护理  | 002919 |  名臣健康  |  18.5%   |      |       |       |       |       |       |       |       | 10.0  |  7.8  |
|  化学制品  | 301190 |  善水科技  |  18.5%   |      |       |       |       |       |       |       | 20.0  |  1.9  | -3.1  |
|  软件开发  | 300348 |  长亮科技  |  18.4%   |      |       |       |       |       |       | 15.7  | -1.8  |  4.0  |  0.2  |
|  化学制品  | 002917 |   金奥博   |  18.2%   |      |       | 10.0  | 10.0  | -7.9  |  4.2  | -4.6  |  1.1  |  3.5  |  1.9  |
|  仪器仪表  | 300720 |  海川智能  |  18.2%   |      |       | 13.4  | -5.2  | -2.8  |  9.0  |  2.4  |  1.8  | -0.9  |  0.5  |
|  玻璃玻纤  | 600876 |  洛阳玻璃  |  18.2%   |      | 10.0  | -0.9  | -3.1  | -3.1  |  0.4  |  4.0  | -0.5  |  7.0  |  3.9  |
|  通信服务  | 002148 |  北纬科技  |  18.1%   |      |       |       |       |       |       |  9.9  |  9.9  | -6.2  |  4.2  |
|  通用设备  | 002931 |  锋龙股份  |  18.0%   |      |       |       |       |       |       |       | 10.0  | 10.0  | -2.5  |
| 非金属材料 | 300395 |   菲利华   |  18.0%   |      |       |       |       |       |       |       | 12.5  |  1.0  |  3.9  |
| 电子化学品 | 300398 |  飞凯材料  |  17.8%   |      |       | 11.3  | -4.0  |  1.2  |  0.7  |  5.4  | -0.4  | -0.9  |  4.0  |
|  家电行业  | 300217 |  东方电热  |  17.6%   |      |       |       |       |       |       |       | 10.4  | -1.1  |  7.7  |
|  通信设备  | 000586 |  汇源通信  |  17.5%   |      |       |       |       |       |       |       |       | 10.0  |  6.8  |
|   半导体   | 300706 |   阿石创   |  17.5%   |      |       | 10.2  |  5.1  | -5.2  |  2.9  |  4.5  | -1.1  |  5.2  | -4.3  |
|  仪器仪表  | 688600 |  皖仪科技  |  17.4%   |      |       |       |       |       |       | 14.8  | -0.6  |  1.6  |  1.2  |
|  航天航空  | 688237 |  超卓航科  |  17.4%   |      |       |       |       | 11.6  | -2.1  |  1.1  |  0.2  | -1.0  |  7.1  |
|  化学原料  | 301059 |   金三江   |  17.2%   |      |       |       |       |       | 11.5  | -4.8  | 13.0  | -0.8  | -1.4  |
|  通用设备  | 002158 |  汉钟精机  |  17.2%   |      |       |       |       |       |       |       | 10.0  |  4.2  |  2.2  |
|  通用设备  | 300943 |  春晖智控  |  17.2%   | 11.7 |  1.1  | -0.9  | -6.2  |  7.0  | -1.9  |  0.7  | -0.6  | -3.0  |  9.6  |
|    电池    | 300648 |  星云股份  |  17.1%   | -2.2 |  0.1  |  4.2  | 20.0  | -6.9  |  3.7  | -4.7  |  3.1  | -1.7  |  2.5  |
|  软件开发  | 002987 |   京北方   |  17.1%   |      |       |       |       |       |       | 10.0  |  3.9  |  6.6  | -3.9  |
|  有色金属  | 300337 |  银邦股份  |  17.0%   |      |       | 16.5  |  3.9  | -7.6  | -1.1  | -2.0  | 10.1  |  3.1  | -4.9  |
|   贵金属   | 000975 |  银泰黄金  |  17.0%   |      |       |       |       |       |       | 10.0  |  0.4  |  0.2  |  5.6  |
|  电网设备  | 300265 |  通光线缆  |  17.0%   |      |       |       |       |       | 20.0  | -5.3  | -1.4  |  1.0  |  3.4  |
|  电力行业  | 000040 |  东旭蓝天  |  16.9%   | -1.1 |  0.5  | -1.9  | -6.9  |  1.5  |  1.7  | -1.4  |  4.3  | 10.0  | 10.1  |
|  塑料制品  | 300539 |  横河精密  |  16.9%   | 20.0 | -4.7  |  1.5  | -8.2  |  0.1  |  1.8  | -1.6  |  5.0  |  3.2  |  1.1  |
|  橡胶制品  | 002068 |  黑猫股份  |  16.9%   |      |       | 10.0  | 10.0  |  2.2  | -3.5  | -7.7  |  3.8  |  3.3  | -1.1  |
|  仪器仪表  | 688320 |  禾川科技  |  16.8%   | 10.1 | -0.3  |  0.5  |  3.7  |  4.6  | -0.2  | -3.6  | -3.4  |  5.8  | -0.8  |
| 汽车零部件 | 603997 |  继峰股份  |  16.7%   |      |       |       |       |       |       |       |       | 10.0  |  6.1  |
|  专用设备  | 688306 |  均普智能  |  16.7%   |      |       |       |       |       | 10.6  | -2.1  | -0.8  |  7.2  |  1.3  |
|     —      | 832491 |   奥迪威   |  16.7%   |      |       | 12.2  | -7.1  |  2.9  |  4.1  | -0.3  | -0.1  | -2.3  |  7.2  |
|  软件开发  | 300799 |  左江科技  |  16.6%   |      |       |       |       | 10.1  |  0.3  | 13.6  | -3.9  |  2.1  | -5.4  |
|  电网设备  | 603070 |  万控智造  |  16.6%   |      |       | 10.0  | -2.5  | -0.9  | 10.0  | -2.1  |  0.9  |  2.6  | -1.6  |
|  专用设备  | 300402 |  宝色股份  |  16.6%   |      |       |       |       | 20.0  | -1.6  | -1.6  |  2.2  | -1.7  | -0.2  |
|  医药商业  | 301015 |  百洋医药  |  16.5%   |      |       |       |       |       |       |       |       |       | 16.5  |
|  医疗服务  | 301333 |  N诺思格   |  16.4%   |      |       |       | 14.1  |  4.5  | -1.8  | -4.6  | 12.0  | -7.1  |  0.1  |
| 光学光电子 | 300691 |  联合光电  |  16.4%   |      |       |       |       | 18.0  | -4.8  | -0.7  |  6.2  |  0.1  | -1.8  |
|  装修建材  | 002853 |   皮阿诺   |  16.4%   |      |       |       |       |       | 10.0  |  3.4  |  3.5  |  1.3  | -2.5  |
|  纺织服装  | 600400 |  红豆股份  |  16.3%   |      |       |       |       |       |       |       | 10.0  |  8.1  | -2.2  |
|  通信服务  | 688682 |   霍莱沃   |  16.3%   |      |       |       |       |       |       | 13.9  |  5.4  | -3.6  |  0.5  |
|  汽车整车  | 600418 |  江淮汽车  |  16.3%   | -1.4 |  8.5  | 10.0  |  2.9  | -1.1  | -4.9  | -1.7  |  0.8  | -2.2  |  5.5  |
|  电网设备  | 600550 |  保变电气  |  16.3%   |      |       |       |       |       | 10.0  | -1.1  | 10.0  | -3.0  |  0.3  |
|  化学制药  | 688192 | 迪哲医药-U |  16.3%   |      |       |       |       |       |       | 12.2  |  5.4  |  2.1  | -3.7  |
| 电子化学品 | 688268 |  华特气体  |  16.2%   |      |       |       |       |       |       |  9.9  |  5.7  |  2.1  | -2.1  |
| 光学光电子 | 300939 |   秋田微   |  16.2%   |      |       |       |       |       |       |       |       | 13.9  |  2.1  |
|  消费电子  | 002947 |   恒铭达   |  16.2%   |      |       | 10.0  | -2.8  | -2.5  |  4.5  |  4.3  |  1.4  | -1.5  |  2.4  |
| 光学光电子 | 688205 |  N德科立   |  16.2%   |      |       |       |       |       |       |       |       | 25.8  | -7.7  |
| 电子化学品 | 688359 |  三孚新科  |  16.1%   |      | 12.1  |  0.7  | -2.1  | -2.4  | -0.3  |  2.7  |  4.7  |  4.8  | -4.0  |
|  化学制药  | 300583 |  赛托生物  |  16.1%   |      |       |       |       |       | 12.5  | -0.3  |  2.8  |  0.4  |  0.3  |
|  化学原料  | 000635 |   英力特   |  16.0%   |      | 10.0  |  0.8  | -5.8  | -1.2  | 10.0  | -1.8  |  1.1  |  3.3  | -0.3  |
|  电子元件  | 002869 |  金溢科技  |  16.0%   | -2.6 |  3.8  |  3.8  | -7.3  | -2.5  |  2.7  |  5.8  | 10.0  |  1.2  |  1.2  |
|  消费电子  | 300256 |  *ST星星   |  16.0%   |      |       |       |       |       | 14.4  | -4.2  |  1.8  |  1.8  |  2.1  |
|  专用设备  | 688518 |  联赢激光  |  15.9%   |      |       |       |       |       |       |       |       | 12.5  |  3.0  |
| 汽车零部件 | 000622 |  恒立实业  |  15.8%   |      |       |       |       | 10.0  | -1.2  | -2.0  |  3.7  |  2.8  |  2.1  |
|  商业百货  | 002344 |  海宁皮城  |  15.8%   |      |       |       |       |       |       |  9.9  |  4.5  | -0.2  |  1.0  |
|  农牧饲渔  | 000592 |  平潭发展  |  15.7%   |      |       |       | 10.0  |  3.5  | -4.4  | -4.2  |  9.9  | -3.3  |  4.5  |
|  通用设备  | 603617 |  君禾股份  |  15.7%   | 3.4  | -0.2  | 10.0  |  4.1  | -6.3  |  0.2  | -0.7  |  3.9  |  1.1  |  0.1  |
|  通信设备  | 000547 |  航天发展  |  15.6%   |      |       | 10.0  | 10.0  |  5.8  | -7.7  | -1.5  | -2.2  |  3.8  | -2.2  |
|  通用设备  | 000837 |  秦川机床  |  15.6%   | 10.0 | 10.0  | 10.0  | 10.0  | -10.0 | -8.1  | -10.0 |  0.1  |  0.2  |  5.8  |
|  专用设备  | 600560 |  金自天正  |  15.5%   |      |       |       |       |       | 10.0  | -5.4  | -0.5  | 10.0  |  1.4  |
|  装修装饰  | 300993 |  玉马遮阳  |  15.4%   |      |       |       |       |       |       |       | 11.2  |  1.0  |  2.8  |
|   半导体   | 688107 | 安路科技-U |  15.4%   | 10.3 | -6.8  |  2.3  | -2.5  |  3.8  | 11.7  |  7.3  | -5.2  | -0.9  | -3.8  |
|  化学制品  | 300041 |  回天新材  |  15.4%   |      |       |       |       |       | 10.5  | -2.7  |  5.4  | -2.5  |  4.5  |
|  电力行业  | 600995 |  文山电力  |  15.4%   |      |       |       |       |       |       |       | 10.0  |  4.8  |  0.1  |
|  专用设备  | 002651 |  利君股份  |  15.4%   | 9.9  |  6.0  | -3.8  |  2.2  |  2.6  | -2.9  | -2.4  |  3.7  |  0.7  | -0.9  |
|  家电行业  | 000541 |  佛山照明  |  15.4%   | 10.0 | -5.9  |  1.4  | -4.5  |  2.0  |  4.4  |  2.3  |  0.3  |  6.7  | -1.4  |
|  化学制品  | 605366 |  宏柏新材  |  15.3%   |      |       |       |       |       |       |       |       | 10.0  |  4.8  |
|  装修装饰  | 603929 |  亚翔集成  |  15.3%   |      |       |       |       | 10.0  |  0.9  | 10.0  | -2.9  | -0.5  | -2.3  |
|   半导体   | 688234 |  天岳先进  |  15.3%   | -2.4 |  0.0  |  6.1  |  3.7  |  5.2  | -1.2  | 10.1  | -5.0  |  3.4  | -4.5  |
|   半导体   | 002185 |  华天科技  |  15.2%   |      |       |       |       |       |       | 10.0  |  2.6  |  5.1  | -2.9  |
|  酿酒行业  | 600084 |  中葡股份  |  15.2%   |      |       |       |       |       |       |       |  9.8  |  3.4  |  1.5  |
| 非金属材料 | 688300 |  联瑞新材  |  15.2%   |      |       |       |       |       |       |       |       |       | 15.2  |
|  电网设备  | 002346 |  柘中股份  |  15.1%   |      |       |       |       |       |       | 10.0  |  1.1  | -0.4  |  3.9  |
| 汽车零部件 | 002406 |  远东传动  |  15.1%   |      |       |       |       |       | 10.1  | -4.4  | 10.1  | -1.8  |  1.1  |
|  纺织服装  | 002763 |  汇洁股份  |  15.0%   |      |       |       |       |       |       |       | 10.1  | 10.0  | -5.0  |
|  通信设备  | 300638 |   广和通   |  15.0%   |      |       |       |       |       |       |  9.9  |  1.0  |  0.5  |  3.1  |
|  文化传媒  | 002995 |  天地在线  |  15.0%   |      |       |       |       |       |       |       |       | 10.0  |  4.5  |
|  化纤行业  | 301057 |  汇隆新材  |  14.9%   |      |       |       |       |       |       |       | 16.9  |  0.7  | -2.4  |
|   半导体   | 002371 |  北方华创  |  14.9%   |      |       |       |       |       |       | 10.0  |  2.3  |  0.3  |  1.7  |
|  航运港口  | 001205 |  盛航股份  |  14.9%   | -0.7 | -3.4  |  3.2  | -3.0  |  0.1  |  4.5  | -0.4  | 10.0  | -2.3  |  6.8  |
| 光学光电子 | 688011 |  新光光电  |  14.8%   |      |       |       |       | 10.4  | -4.6  |  0.4  |  4.1  |  4.0  |  0.2  |
| 汽车零部件 | 002921 |  联诚精密  |  14.7%   | 10.0 | 10.0  | 10.0  | 10.0  | -10.0 | -10.0 | -8.0  |  1.7  | -0.1  |  3.4  |
| 汽车零部件 | 603109 |  神驰机电  |  14.7%   | 2.1  |  3.1  | -1.0  | -5.1  |  5.5  |  4.2  | -2.7  | 10.0  | -1.8  |  0.3  |
|  电网设备  | 603861 |  白云电器  |  14.7%   |      |       |       |       |       | 10.0  |  4.0  | -1.2  |  1.6  |  0.0  |
|  软件开发  | 688095 |  福昕软件  |  14.6%   |      |       |       |       |       |       | 18.6  |  1.0  | -4.9  |  0.6  |
|  专用设备  | 601606 |  长城军工  |  14.5%   |      |       |       | 10.0  | 10.0  | -1.4  | -4.3  | -0.1  |  0.6  | -0.3  |
|  化肥行业  | 603938 |  三孚股份  |  14.5%   |      |       |       |       |       |       |       |       | 10.0  |  4.0  |
|  消费电子  | 301318 |  N维海德   |  14.4%   |      |       |       |       |       |       |       |       |       | 14.4  |
|  文化传媒  | 000676 |  智度股份  |  14.3%   |      |       |       |       |  9.9  |  2.2  |  2.3  | -2.2  |  1.5  |  0.3  |
|  交运设备  | 688569 |  铁科轨道  |  14.3%   |      |       |       |       |       |       |       | 13.3  |  0.6  |  0.3  |
|  交运设备  | 000913 |  钱江摩托  |  14.3%   | 5.2  |  0.3  |  1.0  | -3.2  | -4.3  | -0.3  | -0.6  | 10.0  |  3.8  |  2.3  |
| 汽车零部件 | 300707 |  威唐工业  |  14.3%   | 9.2  |  1.7  | 10.5  |  2.4  | -5.7  |  1.7  | -5.6  |  6.3  | -4.3  | -1.3  |
|  化学制品  | 605020 |  永和股份  |  14.3%   | 6.8  |  3.7  | -0.7  | -4.7  | -1.3  |  1.4  | -0.7  | -0.3  |  0.0  | 10.0  |
|  医疗器械  | 688314 |  康拓医疗  |  14.3%   |      |       |       |       |       |       |       | 10.9  |  3.3  | -0.3  |
|  塑料制品  | 300905 |   宝丽迪   |  14.2%   |      |       |       |       |       |       |       |       |       | 14.2  |
|  化学制品  | 603822 |  嘉澳环保  |  14.2%   |      |       |       |       |       |       |       |       | 10.0  |  3.9  |
|  环保行业  | 002645 |  华宏科技  |  14.2%   | -0.2 | -2.0  |  6.0  | -3.6  | -4.3  | -4.1  |  3.5  |  4.0  | 10.0  |  5.2  |
|  专用设备  | 002367 |  康力电梯  |  14.2%   |      |       |       |       |       |       | 10.0  | 10.0  | -8.6  |  3.2  |
|  专业服务  | 002564 |  天沃科技  |  14.1%   |      |       | 10.1  | 10.1  | 10.0  | 10.0  | -10.1 | -9.9  | -5.8  |  2.0  |
|  医疗器械  | 300049 |  福瑞股份  |  14.1%   |      |       |       |       | 15.0  | -0.5  |  5.6  |  3.0  | -5.8  | -2.6  |
|  通信服务  | 603322 |  超讯通信  |  14.1%   |      |       |       |       |       |       |       | 10.0  |  1.6  |  2.1  |
|   半导体   | 688110 |  东芯股份  |  14.1%   |      |       |       |       |       |       | 10.0  |  2.5  |  2.4  | -1.2  |
|  生物制品  | 688302 | 海创药业-U |  14.0%   |      |       |       |       |       |       | 12.1  |  0.6  | -1.4  |  2.5  |
|  电网设备  | 603530 |  神马电力  |  14.0%   |      | 10.0  | 10.0  | -6.6  |  4.7  | 10.0  |  2.7  | -10.0 | -1.7  | -3.6  |
|  通用设备  | 603278 |  大业股份  |  14.0%   |      |       |       |       |       |       |       |       | 10.0  |  3.6  |
|  煤炭行业  | 600121 |  郑州煤电  |  14.0%   |      |       |       |       |       |       |       |       | 10.0  |  3.6  |
|   半导体   | 688262 |  国芯科技  |  13.9%   |      |       |       |       |       |       | 20.0  | -3.5  |  1.5  | -3.2  |
|  化学原料  | 603663 |  三祥新材  |  13.9%   |      |       |       |       |       |       |       | 10.0  |  5.2  | -1.6  |
|  化学制品  | 300721 |  怡达股份  |  13.8%   |      |       |       |       |       |       |       |       |       | 13.8  |
|  食品饮料  | 300829 |  金丹科技  |  13.8%   |      |       |       |       |       |       | 10.6  | -1.9  |  2.4  |  2.5  |
|  电子元件  | 002138 |  顺络电子  |  13.7%   |      |       | 10.0  |  0.5  | -2.3  | -0.7  |  2.4  | -2.4  |  0.6  |  5.5  |
|  通信设备  | 000032 |  深桑达Ａ   |  13.6%   |      |       |       |       |       |       | 10.0  |  1.9  |  1.8  | -0.4  |
| 计算机设备 | 300807 |  天迈科技  |  13.6%   |      |       |       |       |       |       |       |       | 20.0  | -5.3  |
|  电子元件  | 688210 |  统联精密  |  13.6%   | 11.2 |  1.1  |  0.8  | -7.1  | -1.8  |  3.5  |  2.4  |  2.9  | -0.5  |  1.2  |
|  专用设备  | 002073 |  软控股份  |  13.4%   |      |       |       |       |       |       |       | 10.1  | -0.7  |  3.8  |
|  专用设备  | 600444 |  国机通用  |  13.4%   |      |       |       |       |       |       |       |       | 10.0  |  3.1  |
|  消费电子  | 002139 |  拓邦股份  |  13.4%   | 10.0 | -1.9  |  1.1  |  5.2  | -2.9  | -1.4  | -1.4  |  4.2  | -0.9  |  1.6  |
|    燃气    | 600917 |  重庆燃气  |  13.4%   |      |       |       |       |       |       |       |       | 10.0  |  3.1  |
|  通用设备  | 688379 |  华光新材  |  13.4%   |      |       |       |       |       |       |       |       | 12.8  |  0.5  |
|  电网设备  | 600268 |  国电南自  |  13.3%   |      | 10.0  |  0.0  | -5.9  | -0.7  | 10.0  | -4.2  |  3.5  | -0.8  |  1.9  |
|  化学原料  | 002386 |  天原股份  |  13.3%   |      |       |       |       |       |       | 10.0  |  1.4  | -0.8  |  2.5  |
|    燃气    | 300332 |  天壕环境  |  13.2%   |      |       |       |       |       |       |       | 11.1  |  1.2  |  0.7  |
|  软件开发  | 301195 |  北路智控  |  13.2%   |      |       |       |       |       |       |       | 10.8  | -3.0  |  5.3  |
|  电子元件  | 603386 |  骏亚科技  |  13.1%   | 10.0 |  0.9  |  3.3  |  0.2  |  3.0  | -4.2  |  3.6  | -2.3  | -1.6  |  0.0  |
|  电源设备  | 688551 |   科威尔   |  13.1%   |      |       |       |       |       |       |       | 13.9  | -3.1  |  2.4  |
| 汽车零部件 | 301160 |  翔楼新材  |  13.0%   |      |       | 11.2  | -4.5  | -0.7  |  3.8  | -2.7  |  0.9  |  2.1  |  3.0  |
|  电网设备  | 300062 |  中能电气  |  12.9%   |      | 20.0  |  3.4  | -7.5  | -5.0  |  3.4  | -4.6  | -1.6  |  0.9  |  5.7  |
|  铁路公路  | 603032 |  德新交运  |  12.9%   |      |       |       |       |       |       |       | 10.0  |  6.7  | -3.8  |
|  电子元件  | 002384 |  东山精密  |  12.9%   | 10.0 |  2.9  |  7.7  |  0.1  | -5.3  |  1.4  | -2.0  |  1.3  | -0.1  | -2.9  |
|  农药兽药  | 600195 |  中牧股份  |  12.9%   |      |       |       |       |       | 10.0  |  2.2  |  1.0  | -0.2  | -0.5  |
|  塑料制品  | 002324 |   普利特   |  12.9%   |      | 10.0  |  0.6  | -2.0  |  2.2  | -1.4  |  2.8  |  2.2  | -2.7  |  1.1  |
|  化学制品  | 002666 |  德联集团  |  12.9%   | 10.0 | 10.1  | 10.0  | 10.1  | -10.0 | -9.2  | -7.9  |  0.2  | -1.0  |  3.1  |
|  美容护理  | 300658 |  延江股份  |  12.9%   |      |       |       |       |       |       |       |       | 11.4  |  1.3  |
|  专用设备  | 688633 |  星球石墨  |  12.8%   |      |       |       |       |       |       |       |       | 10.3  |  2.3  |
|  汽车服务  | 000757 |  浩物股份  |  12.7%   | -1.5 |  4.4  |  2.3  | -6.7  |  0.2  |  3.5  | -1.9  |  5.0  | -2.2  | 10.1  |
|  光伏设备  | 603806 |   福斯特   |  12.6%   |      |       |       |       |       |       |       |       | 10.0  |  2.3  |
|  电网设备  | 603097 |  江苏华辰  |  12.5%   | -1.8 |  7.3  |  0.2  |  4.3  | -9.2  | 10.0  | -2.0  |  1.1  | -2.8  |  6.2  |
| 汽车零部件 | 003033 |  征和工业  |  12.4%   | 10.0 | -3.5  | -0.4  | -1.6  | -4.2  |  1.7  |  0.1  |  3.8  |  7.4  | -0.6  |
| 非金属材料 | 603260 |  合盛硅业  |  12.4%   |      |       |       |       |       |       |       |       | 10.0  |  2.2  |
|  生物制品  | 688331 |  荣昌生物  |  12.3%   |      |       |       |       |       |       | 12.7  |  1.4  | -2.0  |  0.3  |
|    证券    | 601990 |  南京证券  |  12.3%   |      |       |       |       |       |       | 10.1  | -1.0  |  1.6  |  1.4  |
|  通用设备  | 603915 |  国茂股份  |  12.3%   | 4.4  |  3.0  | 10.0  | -1.7  | -9.7  |  3.2  | -0.8  |  1.0  |  3.9  | -0.5  |
|  塑料制品  | 002768 |  国恩股份  |  12.2%   |      |       |       |       |       | 10.0  | -1.1  |  1.7  |  0.3  |  1.1  |
|  消费电子  | 002402 |   和而泰   |  12.2%   |      |       |       |       | 10.0  |  0.5  |  1.5  | -3.2  |  4.2  | -0.8  |
|  仪器仪表  | 603700 |  宁水集团  |  12.2%   | 10.0 | -2.5  |  0.4  | -2.7  | -2.5  |  0.7  |  0.4  |  3.8  |  2.0  |  2.5  |
|  仪器仪表  | 688337 | 普源精电-U |  12.1%   |      |       |       |       |       |       |       |       | 11.1  |  0.9  |
| 汽车零部件 | 603655 |  朗博科技  |  12.0%   |      |       |       |       | 10.0  |  0.5  | -2.4  |  4.5  | -0.5  | -0.1  |
|  家电行业  | 300403 |  汉宇集团  |  12.0%   | 20.0 | -1.1  | -7.4  |  4.0  | -15.1 |  2.0  | -6.3  |  6.1  |  1.0  | 12.5  |
|  有色金属  | 688456 |  有研粉材  |  12.0%   |      |       |       |       |       |       |       |       |       | 12.0  |
|  专用设备  | 603283 |  赛腾股份  |  12.0%   | 10.0 | -1.9  | -3.7  |  1.4  | -2.1  |  0.3  |  6.4  |  0.5  | -2.0  |  3.3  |
|  通信服务  | 603602 |  纵横通信  |  11.8%   |      |       | 10.1  | -4.0  |  1.8  |  2.3  | -0.1  | -0.9  |  2.1  |  0.7  |
|  贸易行业  | 600753 |  东方银星  |  11.8%   |      |       |       |       |       |       | 10.0  | -1.0  |  1.0  |  1.6  |
|  生物制品  | 688235 | 百济神州-U |  11.8%   |      |       |       |       |       |       | 12.1  |  3.8  |  0.3  | -4.2  |
|  电子元件  | 301021 |  英诺激光  |  11.8%   |      |       |       |       |       |       |       |       |       | 11.8  |
|  工程机械  | 002272 |  川润股份  |  11.7%   |      |       |       |       |       | 10.0  | -7.5  |  2.1  | -2.3  | 10.0  |
|  电子元件  | 300936 |  中英科技  |  11.7%   |      |       |       |       |  9.9  | -4.0  |  2.1  | -0.5  |  5.3  | -1.1  |
| 汽车零部件 | 002537 |  海联金汇  |  11.7%   |      |       |       |       |       |       | 10.0  |  0.3  |  0.6  |  0.6  |
|  通用设备  | 000530 |  冰山冷热  |  11.7%   |      |       |       |       |       | 10.0  | -6.7  |  1.4  | -2.6  | 10.1  |
|  通信设备  | 000070 |  特发信息  |  11.7%   |      |       |       |       |       | 10.0  | -0.8  |  1.3  |  2.6  | -1.5  |
| 互联网服务 | 002530 |  金财互联  |  11.6%   |      |       |       |       |       | 10.0  |  2.6  |  0.9  |  1.3  | -3.3  |
|  电源设备  | 600405 |   动力源   |  11.5%   | 1.1  |  0.3  |  1.3  | -6.3  | -2.0  |  2.9  | -1.2  |  2.5  |  3.2  | 10.0  |
|  农牧饲渔  | 002688 |  金河生物  |  11.5%   |      |       |       |       |       | 10.1  |  1.8  | -2.8  | -0.6  |  2.9  |
|  电网设备  | 002606 |  大连电瓷  |  11.4%   |      |       |       |       |       | 10.1  | -2.3  |  0.7  | -1.6  |  4.6  |
|  专用设备  | 605288 |  凯迪股份  |  11.3%   |      |       |       |       |       |       |       |       | 10.0  |  1.2  |
|  光伏设备  | 603105 |  芯能科技  |  11.3%   |      |       |       |       |       |       |       |       | 10.0  |  1.1  |
|     —      | 430510 |  丰光精密  |  11.2%   |      | 10.1  | 19.3  | -10.5 |  1.5  | -1.2  | -2.0  | -0.2  | -1.2  | -2.3  |
|  化学制品  | 000691 |  亚太实业  |  11.2%   |      |       |       |       | 10.0  | -3.5  | -2.5  | 10.1  | -4.4  |  2.0  |
|  纺织服装  | 300918 |  南山智尚  |  11.2%   |      |       |       |       |       |       |       | 11.7  | -3.3  |  2.9  |
| 汽车零部件 | 603085 |  天成自控  |  11.1%   | 0.8  |  1.0  | -4.1  | -5.2  | -4.6  | -1.1  |  0.3  | 10.0  | 10.0  |  5.0  |
|  家电行业  | 603657 |  春光科技  |  11.1%   |      |       |       |       |       |       |       |       | 10.0  |  1.1  |
|   半导体   | 688595 |  芯海科技  |  11.1%   |      |       |       |       |       |       | 13.9  | -4.4  |  1.6  |  0.5  |
|  光伏设备  | 002617 |  露笑科技  |  11.1%   | 10.0 | -4.6  |  0.4  | -4.3  |  4.3  |  5.4  | -2.2  | -0.1  |  5.8  | -3.1  |
|  交运设备  | 000017 |  深中华A   |  11.0%   |      |       |       |       |       |       |       |       | 10.1  |  0.8  |
|   半导体   | 300458 |  全志科技  |  11.0%   |      |       |       |       |       |       | 13.0  | -1.2  |  1.6  | -2.1  |
|  软件开发  | 003007 |  直真科技  |  11.0%   |      |       |       |       |       | 10.0  | -0.5  |  0.6  | -0.6  |  1.5  |
|  塑料制品  | 000973 |  佛塑科技  |  11.0%   |      |       |       |       |       |  9.9  | -2.4  |  5.3  | -2.3  |  0.6  |
|   半导体   | 688230 |  芯导科技  |  11.0%   |      |       |       |       |       |       | 11.9  | -5.0  |  4.3  |  0.1  |
|  造纸印刷  | 002229 |  鸿博股份  |  11.0%   |      |       | 10.0  | -10.0 | -10.0 |  0.2  |  9.9  |  1.4  | 10.0  |  1.3  |
|   半导体   | 003026 |  中晶科技  |  11.0%   |      |       |       |       |       | 10.0  |  3.7  | -3.9  |  2.4  | -1.1  |
|  电网设备  | 300356 |  *ST光一   |  10.9%   | 0.8  |  2.4  | -1.2  | -5.6  |  2.9  |  9.8  |  2.2  | -1.4  | -0.7  |  1.9  |
|    电池    | 688006 |  杭可科技  |  10.9%   |      |       |       |       |       |       |       |       |       | 10.9  |
|  航天航空  | 003009 |  中天火箭  |  10.8%   |      |       |       | 10.0  | 10.0  | -5.9  | -4.2  |  1.7  |  1.3  | -1.4  |
|   半导体   | 605111 |   新洁能   |  10.8%   |      |       |       |       |       |       | 10.0  |  2.3  | -1.0  | -0.5  |
| 汽车零部件 | 000700 |  模塑科技  |  10.8%   |      |       |       |       |       |       |       | 10.1  |  0.0  |  0.7  |
|  软件开发  | 300302 |  同有科技  |  10.7%   |      |       |       |       |       | 16.8  | -5.1  |  0.5  | -0.8  |  0.2  |
|  食品饮料  | 003000 |  劲仔食品  |  10.7%   |      |       |       |       |       |       |       | 10.0  |  3.1  | -2.4  |
|  航天航空  | 603261 |  立航科技  |  10.6%   |      |       | 10.0  |  0.0  |  2.5  | -3.1  | -0.8  |  0.6  |  0.6  |  0.7  |
|  通信服务  | 603559 |  中通国脉  |  10.5%   |      |       |       |       |       |       |       | 10.0  |  0.7  | -0.2  |
|  化学制品  | 605566 |  福莱蒽特  |  10.4%   |      |       |       |       |       |       |       |       | 10.0  |  0.4  |
| 计算机设备 | 300551 |  古鳌科技  |  10.4%   |      |       |       |       |       |       |       |       |       | 10.4  |
|  电子元件  | 605258 |  协和电子  |  10.4%   | 10.0 | -1.5  |  2.3  |  3.0  |  3.8  | -5.4  |  4.1  | -0.1  | -1.6  | -3.7  |
|  玻璃玻纤  | 600819 |  耀皮玻璃  |  10.4%   |      |  9.9  |  1.6  | -6.6  |  2.3  |  0.9  | -3.7  |  2.1  |  0.9  |  3.2  |
|  化学制品  | 000565 |  渝三峡Ａ   |  10.3%   | 10.0 | 10.0  |  5.5  | -10.0 | -9.4  |  4.9  | -1.9  |  0.9  |  2.0  |  0.0  |
|  专用设备  | 300833 |  浩洋股份  |  10.2%   |      |       |       |       | 15.3  | -3.5  | -0.3  | -0.9  | -0.5  |  0.7  |
|  电力行业  | 000037 |  深南电A   |  10.2%   |      |       |       |       |       |  9.9  |  0.1  |  2.3  | -1.9  | -0.2  |
|  装修装饰  | 002856 |  美芝股份  |  10.2%   |      |       |       |       |       |       |       |       | 10.0  |  0.1  |
|  交运设备  | 688187 |  时代电气  |  10.1%   |      |       |       |       |       |       | 20.0  | -5.0  | -0.0  | -3.4  |
|  装修装饰  | 002713 |  东易日盛  |  10.1%   |      |       |       |       |       |       |       |       |       | 10.1  |
|  医疗服务  | 301096 |  百诚医药  |  10.1%   |      |       |       |       |       |       |       |       |       | 10.1  |
|  造纸印刷  | 603058 |  永吉股份  |  10.1%   |      |       |       |       |       |       |       |  9.9  | -1.2  |  1.3  |
| 汽车零部件 | 603166 |  福达股份  |  10.1%   |      |       |       |       |       |       |       |       |       | 10.1  |
|  食品饮料  | 002719 |   麦趣尔   |  10.1%   |      |       |       |       |       |       |       |       |       | 10.1  |
|  通信设备  | 603042 |  华脉科技  |  10.0%   |      |       |       |       |       |       |       |       | 10.1  |  0.0  |
|  消费电子  | 002045 |  国光电器  |  10.0%   |      |       |       |       |       |       |       |       |       | 10.1  |
|  装修装饰  | 601886 |  江河集团  |  10.0%   |      |       |       |       |       |       |       |       |       | 10.1  |
| 汽车零部件 | 002725 |  跃岭股份  |  10.0%   |      |       |       |       |       |       |       |       |       | 10.1  |
|  航天航空  | 300474 |   景嘉微   |  10.0%   |      |       |       |       | 13.7  |  0.9  |  8.3  | -1.4  | -7.6  | -2.9  |
|  化学制品  | 002802 |  洪汇新材  |  10.0%   |      |       |       |       |       |       |       |       |       | 10.0  |
|   半导体   | 600877 |  声光电科  |  10.0%   |      |       |       |       |       |       |       |       |       | 10.0  |
|  综合行业  | 000409 |  云鼎科技  |  10.0%   | 10.0 |  6.9  | -5.9  | -4.1  |  0.5  |  3.6  | -1.6  |  3.2  | -0.5  | -1.6  |
|  专用设备  | 002595 |  豪迈科技  |  10.0%   |      |       |       |       |       |       |       |       |       | 10.0  |
|  通信设备  | 002935 |  天奥电子  |  10.0%   |      |       |       |       |       |       |       |       |       | 10.0  |
|  化学制品  | 002915 |  中欣氟材  |  10.0%   |      |       |       |       |       |       |       |       |       | 10.0  |
|  珠宝首饰  | 000026 |   飞亚达   |  10.0%   |      |       |       |       |       |       |       |       |       | 10.0  |
|  化学制品  | 002809 |  红墙股份  |  10.0%   |      |       |       |       |       |       |       |       |       | 10.0  |
|  纺织服装  | 603908 |   牧高笛   |  10.0%   |      |       |       |       |       |       |       |       |       | 10.0  |
| 汽车零部件 | 603040 |   新坐标   |  10.0%   |      |       |       |       |       |       |       |       |       | 10.0  |
|  环保行业  | 603324 |  盛剑环境  |  10.0%   |      |       |       |       |       |       |       |       |       | 10.0  |
|  工程建设  | 603098 |  森特股份  |  10.0%   |      |       |       |       |       |       |       |       |       | 10.0  |
|  贸易行业  | 600710 |   苏美达   |  10.0%   |      |       |       |       |       |       |       |       |       | 10.0  |
|  文化传媒  | 605168 |   三人行   |  10.0%   |      |       |       |       |       |       |       |       |       | 10.0  |
|  汽车整车  | 600066 |  宇通客车  |  10.0%   |      |       |       |       |       |       |       |       |       | 10.0  |
|  医疗器械  | 600055 |  万东医疗  |  10.0%   |      |       |       |       |       |       |       |       |       | 10.0  |
|  航天航空  | 002933 |  新兴装备  |  10.0%   |      |       |       |       |       |       |       |       |       | 10.0  |
|    电机    | 002801 |  微光股份  |  10.0%   |      |       |       |       |       |       |       |       |       | 10.0  |
|  汽车服务  | 000025 |   特力Ａ    |  10.0%   |      |       |       |       |       |       |       |       |       | 10.0  |
|  消费电子  | 603380 |   易德龙   |  10.0%   |      |       |       |       |       |       |       |       |       | 10.0  |
|  酿酒行业  | 000869 |   张裕Ａ    |  10.0%   |      |       |       |       |       |       |       |       |       | 10.0  |
|  家电行业  | 000801 |  四川九洲  |  10.0%   |      |       |       |       |       |       |       |       |       | 10.0  |
|  汽车整车  | 600213 |  亚星客车  |  10.0%   |      |       |       |       |       |       |       |       |       | 10.0  |
|  工程机械  | 600817 |  宇通重工  |  10.0%   |      |       |       |       |       |       |       |       |       | 10.0  |
|  专用设备  | 002957 |  科瑞技术  |  10.0%   |      |       |       |       |       |       |       |       |       | 10.0  |
|  包装材料  | 002014 |  永新股份  |  10.0%   |      |       |       |       |       |       |       |       |       | 10.0  |
|  包装材料  | 002951 |  金时科技  |  10.0%   |      |       |       |       |       |       |       |       |       | 10.0  |
|  软件开发  | 002322 |  理工能科  |  10.0%   |      |       |       |       |       |       |       |       | 10.0  |  0.0  |
|  环保行业  | 000551 |  创元科技  |  10.0%   |      |       |       |       |       |       |       |       |       | 10.0  |
|  交运设备  | 000925 |  众合科技  |   9.9%   |      |       |       |       |       |       |       |       |       |  9.9  |
|   贵金属   | 600988 |  赤峰黄金  |   9.9%   |      |       |       |       |       |       |       |       |       |  9.9  |
|   贵金属   | 000506 |  中润资源  |   9.9%   |      |       |       |       |       |       |       |       |       |  9.9  |
|  塑料制品  | 836871 |   派特尔   |   9.9%   |      |       |       |       |       |       |       |       |       |  9.9  |
| 互联网服务 | 002990 |  盛视科技  |   9.9%   |      | 10.0  | -3.6  | -1.4  |  0.7  |  2.0  | -1.1  |  2.4  |  0.2  |  1.0  |
| 汽车零部件 | 603926 |  铁流股份  |   9.9%   |      |       |       | 10.0  | -4.1  | -3.1  | -3.3  |  2.2  | 10.0  | -1.0  |
|   半导体   | 688173 |   希荻微   |   9.8%   |      |       |       |       |       |       | 14.2  | -1.6  |  0.0  | -2.3  |
|  软件开发  | 688083 |  中望软件  |   9.8%   |      |       |       |       |       |       | 20.0  |  0.8  | -6.5  | -2.9  |
|  光伏设备  | 600207 |  安彩高科  |   9.7%   |      |       |       |       |       |       |       |       |       |  9.7  |
|  电子元件  | 688662 |  富信科技  |   9.7%   |      |       |       |       |       |       |       |       |       |  9.7  |
| 互联网服务 | 002421 |  达实智能  |   9.7%   |      |       |       |       |       | 10.0  | -2.7  |  2.5  |  1.6  | -1.6  |
|  珠宝首饰  | 603900 |  莱绅通灵  |   9.5%   |      |       |       |       | 10.0  | -2.9  | -0.8  |  3.5  | -1.2  |  1.2  |
|   半导体   | 688256 |  寒武纪-U  |   9.5%   |      |       |       |       |       |       | 10.3  | -4.1  |  5.5  | -1.8  |
|  工程建设  | 603176 |  汇通集团  |   9.5%   |      |       |       |       |       | 10.0  | -1.8  | -0.7  |  1.9  |  0.2  |
|  通信设备  | 688175 |  高凌信息  |   9.5%   |      |       |       |       | 10.1  | -2.6  |  0.3  |  3.1  | -1.2  | -0.2  |
|  文化传媒  | 002654 |  万润科技  |   9.4%   |      |       |       |       |       |  9.9  | -3.6  |  2.1  |  3.7  | -2.4  |
|  电网设备  | 002339 |  积成电子  |   9.4%   | 10.0 | 10.1  | 10.1  | -7.2  | -9.9  | -5.5  | -3.8  |  0.8  |  0.4  |  6.8  |
|  光伏设备  | 688223 |  晶科能源  |   9.4%   | 1.7  |  0.5  | -2.7  |  1.2  | -3.3  |  0.0  | -0.8  |  0.2  | 11.7  |  1.2  |
|  消费电子  | 601231 |  环旭电子  |   9.4%   | 10.0 | -1.0  |  1.5  | -2.6  |  0.3  |  1.0  |  2.2  | -0.4  |  3.2  | -4.5  |
|    电机    | 600580 |  卧龙电驱  |   9.4%   |      |       |       |       |       |       | 10.0  | -0.1  | -2.5  |  2.1  |
|  塑料制品  | 002361 |  神剑股份  |   9.3%   |      |       |       |       |       |       |       | 10.1  | -1.3  |  0.6  |
|  航天航空  | 688297 |  中无人机  |   9.3%   |      |       |       |       | 11.7  | -5.0  |  2.9  |  0.9  | -0.3  | -0.6  |
|  化学制品  | 002549 |  凯美特气  |   9.2%   |      | 10.0  | -2.9  | -3.6  | -1.4  | -0.7  |  1.4  |  0.4  |  3.4  |  2.9  |
| 汽车零部件 | 300928 |  华安鑫创  |   9.2%   | -1.3 | 11.8  | -3.0  | -5.8  | -4.4  | -1.3  |  8.3  | -0.8  |  4.3  |  2.4  |
|  化学制品  | 603217 |  元利科技  |   9.2%   | 1.3  |  0.6  | 10.0  | -4.2  | -3.9  | -2.2  |  0.1  |  1.6  |  0.9  |  5.3  |
|  有色金属  | 601137 |  博威合金  |   9.1%   |      | 10.0  |  3.9  | -0.9  |  1.2  | -3.9  |  0.5  |  1.3  | -1.4  | -1.3  |
|  家电行业  | 002011 |  盾安环境  |   9.1%   | -2.8 |  5.8  |  0.1  | -5.8  | -4.0  | -2.0  | -0.9  |  6.1  |  3.4  | 10.0  |
|  电网设备  | 603191 |  望变电气  |   9.0%   | 2.3  |  0.3  |  1.9  | -0.0  | -4.4  | 10.0  | -3.8  | -0.8  |  2.6  |  1.2  |
|  电子元件  | 300476 |  胜宏科技  |   9.0%   |      |       | 11.4  |  0.7  | -3.2  |  1.1  |  3.8  | -2.8  | -0.9  | -0.6  |
|  环保行业  | 300495 |  *ST美尚   |   9.0%   |      |       |       |       |       |       | 13.7  | -3.3  |  1.3  | -2.1  |
|  消费电子  | 603327 |  福蓉科技  |   8.8%   | 10.0 |  1.5  |  2.6  | -6.2  | -2.1  |  2.2  |  2.1  | -1.0  |  3.9  | -3.5  |
|  软件开发  | 300454 |   深信服   |   8.8%   |      |       |       |       |       |       | 11.1  |  1.7  | -2.9  | -0.9  |
|  专用设备  | 002975 |  博杰股份  |   8.7%   |      |       |       | 10.0  |  1.1  |  3.0  | -5.5  |  0.7  | -1.0  |  0.8  |
|  电网设备  | 002560 |  通达股份  |   8.7%   | 0.3  |  0.3  | -2.6  |  1.3  |  3.0  |  2.1  | -5.3  |  1.6  | -1.6  | 10.0  |
| 汽车零部件 | 605133 |  嵘泰股份  |   8.7%   | 10.0 | -4.1  | -5.2  |  0.6  | -6.7  | -1.8  | -1.9  | 10.0  | 10.0  | -0.6  |
| 汽车零部件 | 002284 |  亚太股份  |   8.6%   |      |       |       |       |       |       |       | 10.0  |  0.5  | -1.7  |
|  装修装饰  | 600193 |  创兴资源  |   8.6%   |      |       |       |       |       |       |       | 10.0  | -0.9  | -0.3  |
|  消费电子  | 002782 |   可立克   |   8.6%   | 1.8  | 10.0  |  2.9  |  2.3  | -8.0  | -2.5  | -4.0  | 10.0  | -1.9  | -0.9  |
|  化学制品  | 603681 |  永冠新材  |   8.6%   |      | 10.0  |  2.1  | -3.2  | -5.8  | -1.1  |  1.2  |  4.0  |  2.2  | -0.4  |
|  专用设备  | 605286 |  同力日升  |   8.4%   | -2.4 |  5.7  | -5.6  | -2.3  | -5.6  |  3.9  |  3.6  | 10.0  | -2.5  |  4.5  |
|  专用设备  | 002529 |  海源复材  |   8.4%   | 10.0 | -2.5  | -0.8  | -5.6  | -3.9  |  5.5  | -3.0  |  5.8  |  0.0  |  3.6  |
|    电机    | 603819 |  神力股份  |   8.4%   | 1.0  | -2.5  |  0.6  | -0.5  | -3.1  |  1.2  |  0.3  | 10.0  |  2.9  | -1.3  |
|    中药    | 002275 |  桂林三金  |   8.3%   |      |       |       |       |       |       |       | 10.0  | -2.2  |  0.7  |
|  通用设备  | 002559 |  亚威股份  |   8.2%   | 0.9  |  2.4  | -1.1  | -5.2  | -1.1  |  5.6  | -2.5  | 10.0  | -4.2  |  4.1  |
| 汽车零部件 | 301229 |   纽泰格   |   8.2%   | 4.6  | -3.6  |  0.8  | -7.1  | 20.0  | -5.6  | -3.4  |  3.4  |  2.2  | -0.9  |
|   半导体   | 603290 |  斯达半导  |   8.2%   |      |       |       |       |       |       | 10.0  |  0.7  | -1.1  | -1.2  |
|  消费电子  | 002861 |  瀛通通讯  |   8.2%   |      |       |       |       |       | 10.1  | -2.8  |  0.4  |  0.7  |  0.0  |
|  光伏设备  | 002623 |   亚玛顿   |   8.1%   |      |       |       |       |       |       |       |       | 10.0  | -1.7  |
|  电网设备  | 688517 |  金冠电气  |   8.1%   |      |       |       |       |       | 11.8  | -6.4  |  1.6  | -2.2  |  3.8  |
|  光伏设备  | 600732 |  爱旭股份  |   8.0%   | 1.4  |  0.9  | -3.1  |  0.2  | -7.0  |  2.3  | -0.2  | 10.0  |  0.2  |  3.7  |
|  专用设备  | 300307 |  慈星股份  |   8.0%   | 19.9 | -4.3  | -1.5  | -6.1  | -2.7  |  4.0  | -3.3  |  2.3  | -0.3  |  2.0  |
| 汽车零部件 | 600218 |  全柴动力  |   8.0%   | 3.6  | -1.0  | 10.0  | -0.9  | -7.0  | -0.2  |  2.2  |  2.1  |  0.8  | -1.1  |
|  橡胶制品  | 600469 |  风神股份  |   8.0%   | 10.0 |  3.7  | -2.1  | -4.0  | -0.2  | -2.7  |  1.2  |  3.1  |  0.8  | -1.3  |
|  铁路公路  | 600834 |  申通地铁  |   8.0%   |      |       |       |       |       |       | 10.1  |  0.7  | -1.5  | -1.1  |
|  专用设备  | 600501 |  航天晨光  |   7.9%   | 10.0 | -3.3  |  1.4  | -3.2  |  1.2  | -2.0  |  1.3  |  2.6  |  1.7  | -1.4  |
|  家电行业  | 002848 |  高斯贝尔  |   7.8%   |      |       |       |       |       |       |       |       | 10.0  | -2.0  |
|  商业百货  | 000679 |  大连友谊  |   7.8%   |      |       |       |       |       |       |       | 10.1  | -2.7  |  0.6  |
|   半导体   | 688508 |   芯朋微   |   7.8%   |      |       |       |       |       |       | 14.0  | -4.0  |  1.7  | -3.1  |
|  电子元件  | 002388 |  新亚制程  |   7.8%   |      |       |       |       |       | 10.0  | -5.8  |  1.7  | -1.9  |  4.3  |
| 汽车零部件 | 300978 |  东箭科技  |   7.7%   |      |       |       |       |       |       |       | 16.3  | -5.1  | -2.4  |
|  化学制药  | 000756 |  新华制药  |   7.6%   |      |       |       |       |       |       |       | 10.0  | -3.7  |  1.6  |
|   半导体   | 688536 |   思瑞浦   |   7.6%   |      |       |       |       |       | 10.0  |  2.3  | -4.5  |  0.7  | -0.6  |
|  专用设备  | 300293 |  蓝英装备  |   7.6%   |      |       |       |       |       | 13.2  |  1.1  | -3.7  | -2.9  |  0.5  |
|   半导体   | 605358 |   立昂微   |   7.5%   |      |       |       |       |       |       | 10.0  | -1.7  |  1.7  | -2.3  |
|  有色金属  | 002160 |  常铝股份  |   7.5%   |      |       |       |       |       |       |       | 10.0  | -1.5  | -0.8  |
|  软件开发  | 300098 |   高新兴   |   7.5%   |      |       | 16.0  | -6.7  | -1.4  |  0.2  | -1.9  |  3.9  |  0.0  | -1.4  |
|  食品饮料  | 603020 |  爱普股份  |   7.4%   |      |       |       |       |       |       |       |       | 10.0  | -2.4  |
|  化学制药  | 603811 |  诚意药业  |   7.3%   |      |       |       |       |       |       |       | 10.0  | -3.4  |  0.9  |
|  航天航空  | 300159 |   ST新研   |   7.2%   |      |       |       |       | 12.6  | -6.8  |  0.0  | -0.4  |  1.3  |  1.3  |
| 汽车零部件 | 605005 |  合兴股份  |   7.2%   |      | 10.0  | -1.9  |  1.4  | -5.0  |  3.2  | -0.9  |  3.6  | -1.9  | -0.9  |
|  装修建材  | 603389 |  亚振家居  |   7.1%   |      |       |       |       |       |       |       |       |  9.9  | -2.6  |
|  电力行业  | 600509 |  天富能源  |   7.1%   | 2.1  | -3.1  |  0.9  | -6.9  |  0.2  | 10.1  |  4.7  | -4.0  |  0.2  |  3.8  |
|  电网设备  | 002546 |  新联电子  |   7.1%   |      |       |       |       |       |       |       |  9.9  | -3.0  |  0.4  |
| 汽车零部件 | 688071 |  华依科技  |   7.1%   | 2.1  | -0.3  |  1.2  | -2.8  | -2.2  |  0.2  |  9.7  |  0.6  | -1.2  | -0.0  |
|  食品饮料  | 600381 |  青海春天  |   7.0%   |      |       |       |       |       | 10.0  |  0.9  | -1.0  | -1.3  | -1.3  |
|  商业百货  | 603031 |  安孚科技  |   7.0%   |      |       |       |       |       |       |       |       | 10.0  | -2.8  |
|  电网设备  | 688597 |  煜邦电力  |   6.9%   | 12.9 | -0.6  | -3.0  | -5.2  |  3.0  |  6.4  | -5.2  | -0.1  | -2.0  |  1.9  |
|  电力行业  | 000543 |  皖能电力  |   6.9%   |      |       |       |       |       |       |       | 10.1  | -4.9  |  2.0  |
|  化学制药  | 000566 |  海南海药  |   6.8%   |      |       |       |       |       |       |       |  9.9  | -2.4  | -0.4  |
| 光学光电子 | 605118 |  力鼎光电  |   6.7%   |      |       |       |       | 10.0  | -4.3  |  3.2  |  2.0  | -3.5  | -0.1  |
|    中药    | 603963 |  大理药业  |   6.6%   |      |       |       |       |       |       |       | 10.0  | -3.2  |  0.1  |
|  化学制药  | 002437 |  誉衡药业  |   6.6%   |      |       |       |       |       |       |       |  9.8  | -1.5  | -1.5  |
|  医疗服务  | 600721 |  百花医药  |   6.5%   |      |       |       |       |       |       |       | 10.0  | -3.6  |  0.5  |
|   半导体   | 688047 |  龙芯中科  |   6.5%   |      |       |       |       |       |       | 20.0  | -9.2  | -0.4  | -1.9  |
|  钢铁行业  | 002478 |  常宝股份  |   6.5%   |      |       |       |       |       |       | 10.0  | -3.8  | -0.9  |  1.5  |
| 汽车零部件 | 002516 |  旷达科技  |   6.5%   |      |       |       |       |       |       |       | 10.0  | -3.3  |  0.2  |
|  航天航空  | 000697 |  炼石航空  |   6.4%   |      |       |       |       | 10.0  | -3.3  | -0.5  |  0.7  | -1.3  |  1.1  |
|  化纤行业  | 002206 |   海利得   |   6.3%   |      |       | 10.0  | -4.3  | -2.4  |  0.1  |  0.5  |  2.1  | -1.1  |  1.8  |
|  消费电子  | 603633 |  徕木股份  |   6.3%   | 10.0 | -2.0  | -0.8  | -6.4  | -2.5  |  2.1  |  1.1  |  3.7  |  1.2  |  0.6  |
|   半导体   | 688261 |  东微半导  |   6.2%   |      |       |       |       |       | 11.3  |  4.9  | -1.6  | -2.8  | -4.8  |
|  家电行业  | 002860 |   星帅尔   |   6.2%   | 10.0 | -3.1  |  0.7  | -7.2  | -3.5  | -0.1  |  0.7  |  5.4  |  1.4  |  2.7  |
|   半导体   | 600460 |   士兰微   |   6.2%   |      |       |       |       |       |       | 10.0  | -1.6  |  1.0  | -2.9  |
|  农药兽药  | 300119 |  瑞普生物  |   6.0%   |      |       |       |       |       | 10.4  | -2.9  |  0.0  |  0.0  | -1.1  |
|  装修建材  | 001216 |  华瓷股份  |   6.0%   | -1.0 |  0.4  |  1.9  | -3.9  | -1.6  | 10.0  | -0.5  | -1.4  |  1.9  |  0.6  |
|  工程机械  | 600375 |  汉马科技  |   6.0%   |      |       | 10.1  | -2.6  | -2.9  | -1.5  | -1.6  | -0.9  |  3.5  |  2.5  |
|  医疗器械  | 688105 |   诺唯赞   |   6.0%   |      |       |       |       |       |       | 10.8  |  0.2  | -1.6  | -3.0  |
|  专用设备  | 603015 |  弘讯科技  |   6.0%   | 2.2  | 10.0  |  1.9  | -9.2  | -4.7  |  4.6  | -7.2  |  3.7  |  1.0  |  5.1  |
|  农牧饲渔  | 000702 |  正虹科技  |   6.0%   |      | 10.0  | -0.5  | -3.5  | -4.3  |  2.8  |  0.0  |  4.0  | -2.1  |  0.2  |
|  通信设备  | 300629 |   新劲刚   |   5.9%   |      |       | 11.4  |  1.7  |  0.6  |  0.7  | -10.1 |  1.4  | -0.3  |  1.5  |
|  电网设备  | 002058 |   威尔泰   |   5.9%   | 10.0 | -6.2  |  3.8  | -3.1  | -9.6  |  6.3  | -3.0  | 10.0  | -1.0  |  0.6  |
| 汽车零部件 | 002813 |  路畅科技  |   5.8%   | 1.9  |  2.3  | -1.9  | -10.0 | -2.5  |  0.5  | -1.3  |  5.0  | 10.0  |  3.0  |
|  生物制品  | 002693 |  双成药业  |   5.8%   |      |       |       |       |       |       |       | 10.0  | -3.6  | -0.2  |
|  塑料制品  | 002825 |  纳尔股份  |   5.7%   | 0.9  | -0.5  | 10.0  | -7.4  | -4.0  |  3.1  |  0.0  |  0.8  |  1.5  |  2.0  |
|  专用设备  | 002031 |  巨轮智能  |   5.5%   | 10.1 | -2.4  |  1.3  |  2.4  | -6.9  |  9.9  | -3.6  | -2.2  | -2.0  |  0.0  |
|  化学制药  | 830946 |  森萱医药  |   5.4%   |      |       |       |       |       |       |       | 10.3  | -4.0  | -0.4  |
|  医疗服务  | 688238 |  和元生物  |   5.4%   |      |       |       |       |       |       |       |  9.9  | -2.6  | -1.5  |
|   半导体   | 688279 |  峰岹科技  |   5.2%   |      |       |       |       |       |       | 11.5  | -2.3  | -0.5  | -3.0  |
|  化学制品  | 002669 |  康达新材  |   5.2%   | -2.4 | -1.0  | 10.0  | -4.5  | -2.5  | -2.3  |  6.2  |  2.0  | -2.3  |  2.8  |
| 汽车零部件 | 603335 |   迪生力   |   5.1%   | 0.8  | -4.3  | 10.0  | -3.7  |  5.3  | -7.8  | -3.5  | 10.1  |  0.2  | -0.4  |
| 互联网服务 | 603636 |  南威软件  |   5.1%   | 0.0  |  0.0  |  0.0  |  0.0  | -9.9  | 10.0  | 10.0  |  2.8  | -5.5  | -0.7  |
|  公用事业  | 000692 |  惠天热电  |   5.1%   | -1.2 | -0.2  | -2.5  | -0.8  | -3.1  | 10.0  | -2.1  |  1.2  |  0.0  |  4.3  |
|  煤炭行业  | 600546 |  山煤国际  |   5.0%   |      |       |       |       |       |       |       |       | 10.0  | -4.5  |
|  农牧饲渔  | 603336 |  宏辉果蔬  |   5.0%   |      |       |       |       |  9.9  | -2.8  | -0.9  |  0.0  | -1.7  |  0.8  |
|  通用设备  | 605259 |  绿田机械  |   4.7%   |      |       |       | 10.0  | -3.6  | -0.6  | -0.4  |  1.2  | -2.1  |  0.8  |
| 汽车零部件 | 603586 |   金麒麟   |   4.7%   | 0.4  | -0.9  |  4.5  | 10.0  | -5.2  | -7.2  | 10.0  | -1.3  | -3.9  | -0.4  |
|  装修建材  | 002323 |  雅博股份  |   4.6%   | 9.9  | -4.2  |  2.9  | -7.5  | -5.3  |  4.2  | -0.7  |  1.6  |  1.3  |  3.5  |
|  包装材料  | 002599 |  盛通股份  |   4.6%   |      |       | 10.0  |  8.0  | -9.9  | -2.2  |  1.9  |  0.9  | -3.2  |  0.4  |
|  有色金属  | 603527 |  众源新材  |   4.6%   | 10.0 |  4.5  |  1.2  | -6.6  | -4.5  |  0.7  | -2.1  |  5.5  | -1.4  | -1.7  |
|  贸易行业  | 301099 |  雅创电子  |   4.5%   | 1.7  | -2.0  |  2.5  | -3.8  | -2.5  | -1.2  | 11.7  |  1.1  | -1.7  | -0.5  |
|  专用设备  | 600579 |   克劳斯   |   4.4%   |      |       |       |       |       |       |       | 10.0  | -5.2  |  0.1  |
| 光学光电子 | 603679 |  华体科技  |   4.4%   | -0.9 |  3.5  | -3.4  | -6.2  | 10.0  |  1.1  | -1.5  |  3.0  | -0.6  |  0.2  |
|  食品饮料  | 002507 |  涪陵榨菜  |   4.4%   |      |       | 10.0  | -2.4  | -0.7  |  2.2  |  0.4  | -2.0  | -0.9  | -1.9  |
|  有色金属  | 002379 |  宏创控股  |   4.3%   | 10.0 |  9.9  | -10.0 | -10.0 | -7.4  |  1.0  | -1.2  |  1.8  | 10.1  |  2.9  |
|  软件开发  | 301162 |  国能日新  |   4.3%   |      | 10.2  |  1.0  | -1.2  | -5.7  |  1.5  | -3.0  |  2.7  |  1.5  | -1.9  |
| 房地产开发 | 600215 |   派斯林   |   4.2%   |      |       |       | 10.1  |  3.6  | -3.3  |  1.1  | -2.7  | -5.0  |  1.1  |
|  食品饮料  | 605567 |  春雪食品  |   4.2%   |      |       | 10.0  | -3.9  | -0.6  |  0.6  | -1.2  |  0.2  | -0.8  |  0.4  |
| 计算机设备 | 600764 |  中国海防  |   4.2%   |      |       |       |  9.9  |  3.0  | -4.3  | -2.8  |  0.8  | -0.9  | -0.9  |
|  采掘行业  | 603505 |  金石资源  |   4.1%   | -2.1 | -2.1  | -1.1  | -1.3  |  0.3  | -3.0  |  2.1  |  2.5  | 10.0  | -0.7  |
|  船舶制造  | 300123 |  亚光科技  |   4.1%   |      |       |       |       | 12.3  | -6.3  |  2.6  | -2.4  | -1.7  |  0.4  |
|  消费电子  | 002866 |  传艺科技  |   4.0%   | 4.0  | -2.1  | -1.4  |  1.6  | -1.8  | -5.1  | -4.1  | 10.0  |  3.6  |  0.1  |
|  文化传媒  | 605577 |  龙版传媒  |   4.0%   |      |       |       |       |       | 10.0  | -2.8  |  0.1  | -1.2  | -1.6  |
|    电机    | 300660 |  江苏雷利  |   3.9%   | -2.5 | 15.6  |  4.6  | -4.1  | -13.0 |  2.0  | -5.2  |  6.1  | -1.9  |  5.0  |
|  电网设备  | 688676 |  金盘科技  |   3.8%   | -1.7 |  2.2  | -3.6  |  1.6  | -8.0  | -0.9  | -1.8  |  3.5  | 11.8  |  1.8  |
|  塑料制品  | 301131 |   聚赛龙   |   3.7%   |      |       |       |       |       |       |       |       |  9.8  | -5.5  |
|  装修装饰  | 002620 |  瑞和股份  |   3.7%   | 0.6  | -1.1  | -2.0  | -7.1  | -0.2  |  4.6  | -1.9  |  0.8  | 10.0  |  0.7  |
|  专用设备  | 301138 |  华研精机  |   3.6%   | 10.6 | -4.1  |  2.4  | -6.3  | -2.2  |  2.5  | -1.1  |  3.1  | -2.0  |  1.6  |
| 房地产开发 | 000620 |   新华联   |   3.6%   |      |       |       |       |       |       |       |  9.9  | -4.5  | -1.3  |
| 非金属材料 | 001296 |  长江材料  |   3.4%   |      |       |       |       | 10.0  | -2.6  | -1.6  |  0.2  | -1.0  | -1.1  |
|  通用设备  | 002164 |  宁波东力  |   3.4%   | 10.1 | -4.2  |  5.8  |  3.0  | -5.8  | -5.2  | -3.8  |  2.8  |  0.3  |  1.5  |
|   半导体   | 688048 |  长光华芯  |   3.2%   | 6.8  | -5.8  |  0.5  | 10.1  | -3.1  |  1.0  | -2.8  | -1.1  |  1.6  | -3.0  |
|  纺织服装  | 002722 |  物产金轮  |   3.1%   |      |       |       |       | 10.0  | -2.7  | -6.8  |  1.0  | -0.1  |  2.4  |
|  农牧饲渔  | 600127 |  金健米业  |   2.9%   |      |       |       | 10.0  |  0.6  | -3.9  |  0.3  | -0.5  | -2.3  | -0.8  |
|   半导体   | 688045 |   必易微   |   2.9%   |      | 12.6  |  0.8  | -3.0  | -0.4  | -1.2  | 10.0  | -9.2  | -1.9  | -3.2  |
|  塑料制品  | 300980 |  祥源新材  |   2.8%   |      |       | 11.4  | -0.9  |  0.2  | -4.3  | -1.5  |  1.8  | -1.8  | -1.6  |
|  消费电子  | 002976 |  瑞玛精密  |   2.7%   | 2.2  | -1.2  | 10.0  | -5.2  | -5.3  | -0.3  | -2.0  |  3.7  |  1.2  |  0.4  |
|    电池    | 688148 |  芳源股份  |   2.7%   |      | 13.7  | 11.4  | -1.1  | -3.0  | -3.4  |  0.8  | -6.1  | -2.8  | -5.0  |
|  物流行业  | 002210 |  飞马国际  |   2.6%   | 1.1  | -3.7  |  9.9  | -3.5  | -1.8  |  0.7  |  0.4  | -0.4  | -1.8  |  2.2  |
|  化学原料  | 600929 |  雪天盐业  |   2.5%   | 10.0 |  0.7  | -2.3  | -4.2  | -3.4  |  3.0  | -1.4  |  4.5  | -0.8  | -2.8  |
|  通用设备  | 002514 |  宝馨科技  |   2.4%   | 10.0 | 10.0  | 10.0  | -10.0 | -10.0 | -6.0  | -6.6  |  5.3  |  8.7  | -5.6  |
|  生物制品  | 000661 |  长春高新  |   2.3%   |      |       |       |       |       |       | 10.0  | -4.5  |  0.8  | -3.4  |
|  橡胶制品  | 000599 |  青岛双星  |   2.2%   |      |       | 10.1  | 10.0  | 10.1  | -9.7  | -9.6  | -4.6  | -2.1  |  0.5  |
|  通用设备  | 000595 |  宝塔实业  |   2.0%   | 10.0 | -8.9  |  6.0  |  2.1  | -6.3  | -6.6  | -4.7  |  3.1  | -0.7  | 10.1  |
| 汽车零部件 | 002454 |  松芝股份  |   1.9%   | 1.8  | 10.0  |  3.9  | -9.5  |  1.6  |  0.8  | -1.5  |  0.9  | -2.5  | -2.5  |
| 汽车零部件 | 603178 |  圣龙股份  |   1.9%   |      | 10.0  |  4.1  | -6.8  | -0.9  | -3.2  | -2.5  |  4.0  | -0.5  | -1.2  |
|  装修装饰  | 001212 |  中旗新材  |   1.8%   |      | 10.0  | -2.3  | -10.0 | -4.8  | -3.6  |  0.8  |  3.3  | 10.0  |  0.2  |
|  船舶制造  | 300008 |  天海防务  |   1.8%   |      |       |       | 15.1  | -1.4  | -6.8  | -3.2  | -0.7  |  0.7  | -0.7  |
|  电子元件  | 301041 |   金百泽   |   1.8%   | 4.1  | -4.5  |  5.2  | -5.7  |  1.2  | 11.2  | -5.1  |  0.6  | -3.2  | -0.7  |
|   小金属   | 000795 |   英洛华   |   1.8%   | 10.0 |  0.6  | -1.7  | -6.0  |  0.0  |  0.0  | -1.2  |  0.6  |  1.8  | -1.5  |
|  电力行业  | 000531 |  穗恒运Ａ   |   1.8%   | -0.3 | 10.0  | 10.0  | -10.0 | -6.2  |  3.1  | -3.6  |  0.4  |  0.5  | -0.2  |
|  电子元件  | 002938 |  鹏鼎控股  |   1.4%   |      |       | 10.0  |  2.1  | -2.9  | -1.6  |  1.6  | -1.8  |  0.1  | -5.3  |
| 汽车零部件 | 002870 |  香山股份  |   1.4%   |      |       | 10.0  | -2.5  | -3.2  |  1.7  | -0.8  |  1.0  | -2.4  | -1.9  |
|  通用设备  | 002426 |  胜利精密  |   1.2%   | 10.0 | -3.8  | -1.2  | -6.0  |  0.8  |  2.5  |  0.4  |  1.6  | -1.2  | -1.2  |
|   半导体   | 001270 |  铖昌科技  |   1.2%   | -5.2 | -1.6  |  2.6  | -3.0  | 10.0  | -3.3  | 10.0  |  0.6  | -3.6  | -3.8  |
|  医疗器械  | 300453 |  三鑫医疗  |   1.1%   | 14.4 | -6.2  | -2.2  | -4.6  |  0.3  |  0.3  | -0.1  |  2.0  | -0.8  | -0.8  |
|  有色金属  | 601702 |  华峰铝业  |   1.0%   |      |       |       |       |       |       |       |  9.9  | -3.8  | -4.5  |
|    中药    | 000590 |  启迪药业  |   1.0%   | -2.0 | -1.5  |  0.5  | -7.0  | 10.0  |  0.3  |  1.9  |  1.0  | -2.4  |  1.0  |
|  专用设备  | 002689 |  远大智能  |   0.8%   |      |       |  9.9  | -5.6  | -4.7  |  2.8  |  0.5  |  1.0  | -2.2  | -0.2  |
|  专用设备  | 600835 |  上海机电  |   0.6%   |      | 10.0  |  1.2  | -1.5  | -4.5  |  0.1  | -3.4  | -0.1  | -1.3  |  0.9  |
|  电网设备  | 603897 |  长城科技  |   0.5%   |      |       | 10.0  |  2.3  | -7.8  |  2.8  | -8.4  |  1.1  | -0.1  |  1.9  |
| 汽车零部件 | 002997 |  瑞鹄模具  |   0.5%   | 10.0 | -3.4  |  6.8  | -7.1  | -10.0 |  0.3  | -5.2  | 10.0  |  0.5  |  0.7  |
| 光学光电子 | 002992 |  宝明科技  |   0.5%   | 2.1  | -0.3  | -8.2  |  2.6  | -10.0 | -0.9  |  0.7  | 10.0  |  6.3  | -0.3  |
| 计算机设备 | 000034 |  神州数码  |   0.4%   | -3.9 | -3.4  |  1.5  | -3.8  |  4.8  |  0.1  |  1.7  | 10.0  | -4.5  | -1.2  |
| 汽车零部件 | 603305 |  旭升股份  |   0.3%   | -0.5 | 10.0  |  1.1  | -4.0  |  6.6  |  0.7  | -7.6  | -1.0  | -3.0  | -0.8  |
| 汽车零部件 | 605128 |  上海沿浦  |   0.3%   | 2.0  | -2.5  | 10.0  | -5.3  | -4.8  | -0.8  | -0.3  |  4.5  | -1.2  | -0.4  |
|  专用设备  | 002730 |  电光科技  |   0.2%   | 10.0 | -7.6  |  1.1  | -5.8  | -0.3  |  1.8  |  0.9  | -0.3  |  2.8  | -1.2  |
|  专用设备  | 002667 |  鞍重股份  |   0.1%   | -2.0 | -2.3  |  0.4  | -7.1  | -1.5  | 10.0  |  1.0  |  4.3  | -2.2  |  0.4  |
|  电网设备  | 000533 |  顺钠股份  |   0.0%   | 1.3  | -1.5  |  9.9  |  0.6  | -9.9  |  3.4  | -6.4  |  0.9  |  2.6  |  0.4  |
| 房地产开发 | 000863 |  三湘印象  |  -0.0%   | -0.3 | -2.2  | -2.6  | -6.7  | -2.5  | 10.0  |  7.0  |  0.8  | -2.7  |  0.3  |
|  有色金属  | 002295 |  精艺股份  |  -0.1%   | 10.0 | 10.0  |  3.4  | -10.0 | -10.0 | -3.1  |  1.0  | -0.3  |  1.4  | -0.4  |
|  电子元件  | 002161 |   远望谷   |  -0.2%   | -3.6 | 10.0  |  0.0  | -7.6  |  1.0  |  6.6  | -0.8  |  0.5  | -2.0  | -3.2  |
|  专用设备  | 688090 |  瑞松科技  |  -0.2%   |      |       |       |       |       | 12.5  | -9.0  |  0.0  |  1.5  | -4.0  |
| 光学光电子 | 002808 |  恒久科技  |  -0.5%   | 10.0 | -2.7  | -2.3  | 10.1  | 10.0  | -10.0 | -6.0  | -1.7  | -3.8  | -1.8  |
|  消费电子  | 300916 |  朗特智能  |  -1.5%   | 0.1  | -0.2  |  3.0  | -5.8  | -3.8  | -1.0  | -4.4  |  2.1  | 12.3  | -2.7  |
|  家电行业  | 002050 |  三花智控  |  -1.5%   | -1.6 |  3.8  |  0.8  | -2.6  | -7.9  | -2.2  | -3.8  | 10.0  | -2.6  |  5.7  |
| 汽车零部件 | 605088 |  冠盛股份  |  -1.5%   | -2.0 | 10.0  | -6.7  | -1.0  | -4.4  |  0.5  |  3.4  |  1.8  |  1.3  | -3.5  |
| 汽车零部件 | 002703 |  浙江世宝  |  -1.6%   | 3.5  |  0.2  | 10.0  | -2.9  | -4.4  | -8.7  | -2.9  |  2.2  |  0.1  |  2.4  |
|  软件开发  | 002362 |  汉王科技  |  -1.9%   | 10.0 | 10.0  | -10.0 | -10.0 | -3.0  |  3.6  | -1.1  |  1.4  | -1.5  |  0.8  |
|  生物制品  | 002581 |  未名医药  |  -1.9%   |      |       | 10.0  | -3.6  |  0.1  |  2.1  |  0.8  | -7.7  | -0.5  | -2.1  |
|  家电行业  | 002403 |   爱仕达   |  -2.1%   | 0.9  | -2.9  |  2.1  | 10.0  | -10.0 | -4.5  | -2.7  |  1.0  |  1.0  |  4.3  |
| 汽车零部件 | 688533 |  上声电子  |  -2.1%   |      | 10.6  | -3.2  |  1.0  | -4.8  | -3.1  | -3.0  |  3.8  | -2.4  | -0.0  |
|  文化传媒  | 002292 |  奥飞娱乐  |  -2.3%   |      |       |       |       |  9.9  | -6.9  | -1.9  |  0.2  | -1.9  | -1.1  |
|  食品饮料  | 603170 |  宝立食品  |  -2.3%   | 10.0 | -9.9  | -2.4  | -4.7  |  1.4  | -1.3  |  4.1  |  0.3  |  2.1  | -0.7  |
|  纺织服装  | 002494 |  华斯股份  |  -2.7%   |      |       |  9.9  | 10.0  | -10.0 | -8.9  | -1.8  |  0.0  | -0.2  |  0.2  |
|  航运港口  | 601975 |  招商南油  |  -2.7%   | -1.9 | -0.8  | 10.0  | -6.6  | -4.0  | -4.5  |  2.6  | -0.3  |  3.5  |  0.3  |
| 房地产开发 | 000918 |   嘉凯城   |  -2.9%   | 10.1 | -8.0  |  0.0  | -5.8  | -3.1  |  0.9  |  1.4  |  7.6  | -2.9  | -1.7  |
|  通用设备  | 002685 |  华东重机  |  -3.0%   | 1.2  | -4.7  | 10.1  | -1.4  | -3.3  | -0.7  | -5.0  |  0.8  | -1.6  |  2.4  |
| 汽车零部件 | 001319 |  铭科精技  |  -3.2%   |      |       |       | 10.0  | -10.0 | -4.3  | -2.9  |  5.7  | -1.2  |  0.8  |
|  纺织服装  | 003016 |  欣贺股份  |  -3.3%   |      | 10.0  |  0.4  | -9.7  | -3.9  |  1.5  | -0.5  |  1.0  | -0.4  | -0.7  |
| 汽车零部件 | 603982 |  泉峰汽车  |  -3.4%   | 4.8  | -5.0  |  0.3  | -5.7  | -2.8  | -2.1  | -3.3  | 10.0  |  2.4  | -1.0  |
|     —      | 839725 |  惠丰钻石  |  -3.5%   | 3.7  | -9.8  | -1.1  | -8.5  | 16.8  |  1.4  | -0.2  | -3.4  | -3.6  |  3.6  |
|  通用设备  | 000880 |  潍柴重机  |  -3.7%   | 10.0 | -2.5  | -1.6  | -7.6  | -1.6  | -0.4  |  0.0  |  1.1  | -0.5  |  0.2  |
|  专用设备  | 002209 |   达意隆   |  -3.9%   | 1.6  | -1.8  | 10.0  |  0.7  |  1.1  | -10.0 | -8.9  |  1.8  | -0.6  |  3.6  |
| 汽车零部件 | 002101 |  广东鸿图  |  -4.0%   | -2.5 | -4.5  |  2.1  | -5.7  | -4.2  | -4.1  | -3.0  | 10.0  |  6.0  |  3.0  |
|  电网设备  | 002857 |  三晖电气  |  -4.0%   |      |       | 10.0  |  2.6  | -8.3  | -3.0  | -1.6  | -1.7  | -1.3  |  0.0  |
|  电子元件  | 002199 |  东晶电子  |  -4.4%   | 10.0 | -7.2  | -6.9  | -6.5  |  1.4  |  2.5  |  3.1  | -0.4  | -1.3  |  2.0  |
| 汽车零部件 | 603917 |  合力科技  |  -4.9%   | 3.3  |  4.3  | -1.6  | 10.0  | -10.0 | -7.7  | -6.0  |  8.2  | -4.7  |  1.4  |
|  航天航空  | 300424 |  航新科技  |  -4.9%   | -3.3 | -1.8  | -1.7  | 14.1  | -0.8  | -6.5  | -2.5  | -0.3  | -0.5  | -0.5  |
|  采掘行业  | 002828 |  贝肯能源  |  -5.0%   |      |       |       |       |       |  9.9  | -3.3  | -4.7  | -4.2  | -2.2  |
|  物流行业  | 002682 |  龙洲股份  |  -5.7%   | 3.4  | -1.3  | -4.7  | 10.0  | -7.0  | -1.0  | -2.8  |  1.7  | -2.0  | -1.0  |
|  电源设备  | 002851 |  麦格米特  |  -5.8%   |      |       | 10.0  | -3.9  | -7.3  |  0.4  |  1.8  | -3.6  |  3.6  | -6.0  |
| 房地产开发 | 000671 |   阳光城   |  -7.1%   | 5.4  | -9.8  | -5.7  | -6.5  | -2.0  |  0.5  |  3.0  | 10.2  | -1.3  |  0.5  |
| 汽车零部件 | 002593 |  日上集团  |  -7.9%   | 9.9  | 10.1  |  9.9  | -10.1 | -10.0 | -9.2  | -4.7  |  0.2  | -2.7  |  1.5  |
|  电网设备  | 601700 |  风范股份  |  -7.9%   | 10.0 | -5.0  | -10.0 | -7.1  |  2.5  |  3.3  | -4.4  |  0.2  |  0.2  |  3.7  |
|    燃气    | 000421 |  南京公用  |  -8.6%   | 10.0 |  0.7  | -9.5  | -8.7  | -2.7  | -0.2  |  1.2  | -1.2  |  4.0  | -1.0  |
|  消费电子  | 002885 |   京泉华   |  -9.2%   | 0.7  | -3.8  | 10.0  | -0.1  | -1.9  | -4.4  | -10.0 |  6.7  | -1.5  | -3.9  |
|    燃气    | 002911 |  佛燃能源  |  -9.6%   | 10.0 |  5.1  |  0.8  |  1.2  | -9.8  | -10.0 |  0.3  | -7.1  |  3.3  | -1.9  |
|  有色金属  | 002996 |  顺博合金  |  -10.1%  | 2.6  |  0.3  | -1.8  | -1.6  | -4.6  | -9.9  | -8.1  | 10.0  |  0.0  |  4.1  |
|  水泥建材  | 002671 |  龙泉股份  |  -10.3%  | 10.1 | -4.8  | -6.1  | -6.5  | -1.9  |  1.7  | -0.6  |  0.2  | -0.6  | -1.3  |
| 汽车零部件 | 000678 |  襄阳轴承  |  -10.4%  | 10.0 | 10.0  | 10.0  | -7.0  | -10.0 | -10.0 | -6.8  | -2.8  | -3.3  |  2.0  |
| 房地产服务 | 000056 |  皇庭国际  |  -10.8%  | 3.4  | -9.9  | -9.6  | -6.4  | -3.0  |  1.3  | 10.0  |  4.3  |  0.4  |  0.0  |
|  消费电子  | 002547 |  春兴精工  |  -10.9%  | 4.9  |  3.7  | -4.2  | -9.9  | -10.0 | 10.0  | -3.6  | -2.1  |  3.2  | -1.4  |
|  通用设备  | 002843 |  泰嘉股份  |  -11.6%  | 4.2  | -1.7  | -4.6  | 10.0  | -10.0 | -7.8  | -9.6  | 10.0  |  8.5  | -8.1  |
|  家电行业  | 002290 |  禾盛新材  |  -12.6%  | 10.0 | 10.1  | -10.0 | -9.9  | -6.8  | -1.0  | -4.2  |  0.9  | -1.0  |  1.0  |
|  通用设备  | 002965 |  祥鑫科技  |  -13.0%  | -4.4 |  1.1  | -2.4  | -4.6  | -6.4  | -1.4  | -3.6  | 10.0  | -4.2  |  3.0  |
|  贸易行业  | 600647 |  同达创业  |  -14.1%  | 0.0  |  0.0  |  0.0  | 10.0  | -8.2  |  0.7  | -10.0 |  6.4  | -9.6  | -2.5  |
|  专用设备  | 001336 |  楚环科技  |  -15.1%  | 10.0 | -9.5  | -8.3  |  5.7  | -0.8  | -5.5  | -8.8  |  0.6  | -0.2  |  2.5  |
|  消费电子  | 002369 |  卓翼科技  |  -15.8%  | 10.0 | 10.0  | -6.7  | -10.0 | -10.0 |  1.3  | -6.7  |  1.5  | -3.4  | -0.6  |
|  化学制药  | 301089 |  拓新药业  |  -17.9%  | -5.9 | -5.8  |  0.9  | -9.6  | -4.9  |  1.0  | -1.5  | 11.3  | -5.3  |  1.9  |
|  电力行业  | 000899 |  赣能股份  |  -17.9%  |      |       | 10.0  | -3.7  | -5.1  |  4.0  | -10.0 | -10.0 | -3.5  |  0.5  |
|  有色金属  | 002824 |  和胜股份  |  -18.4%  | 10.0 | -10.0 | -7.3  |  0.5  |  4.5  | -6.8  | -2.8  |  1.3  | -2.9  | -4.9  |
|  通用设备  | 002150 |  通润装备  |  -27.8%  | 10.0 | -6.9  | -10.0 | -10.0 | -10.0 |  1.1  | -3.3  | -1.1  | -0.9  |  0.9  |
+------------+--------+------------+----------+------+-------+-------+-------+-------+-------+-------+-------+-------+-------+
