[行业>市值]
+------------+--------+------------+--------+--------+-------+---------+---------+
|    行业    |  代码  |    名称    |  市值  |   pe   | 涨幅  | 3日涨幅 | 6日涨幅 |
+------------+--------+------------+--------+--------+-------+---------+---------+
| 光学光电子 | 000725 |  京东方Ａ   | 1469.0 |  8.4   | -1.6  |  -1.6   |   3.5   |
| 光学光电子 | 600703 |  三安光电  | 1003.0 |  58.5  | -3.0  |   1.5   |   8.8   |
| 光学光电子 | 000100 |  TCL科技   | 613.1  |  11.3  | -2.2  |  -2.2   |   2.3   |
| 光学光电子 | 688538 | 和辉光电-U | 368.1  | -48.7  | -2.2  |  -1.9   |  -1.9   |
| 光学光电子 | 000050 |  深天马Ａ   | 233.7  |  74.0  | -3.3  |  -1.4   |   1.8   |
| 光学光电子 | 002456 |   欧菲光   | 190.9  | -25.6  | -3.1  |  -0.2   |   4.5   |
| 光学光电子 | 688055 |  龙腾光电  | 174.7  |  28.1  | -3.0  |  -3.7   |  -2.6   |
| 光学光电子 | 300088 |  长信科技  | 168.4  |  23.2  | -4.6  |  -3.6   |  -3.9   |
| 光学光电子 | 600707 |  彩虹股份  | 164.0  |  -5.5  | -3.4  |  -3.2   |   5.3   |
| 光学光电子 | 300296 |   利亚德   | 159.4  |  34.7  | -2.8  |  -1.7   |   0.6   |
| 光学光电子 | 002273 |  水晶光电  | 153.7  |  33.7  | -4.0  |  -3.3   |  -0.9   |
| 光学光电子 | 002036 |  联创电子  | 146.6  |  91.3  | -6.1  |  -2.0   |  -0.4   |
| 光学光电子 | 002745 |   木林森   | 137.3  |  18.9  | -2.8  |  -2.5   |  -0.1   |
| 光学光电子 | 603297 |  永新光学  | 120.2  |  55.6  | 10.0  |   6.6   |  13.3   |
| 光学光电子 | 000413 |  东旭光电  | 102.0  |  -4.9  | -0.6  |   0.6   |   1.7   |
| 光学光电子 | 000727 |  冠捷科技  |  98.7  |  20.8  | -1.8  |  -1.4   |   0.5   |
| 光学光电子 | 600363 |  联创光电  |  95.7  |  38.1  | -2.7  |  -3.5   |   1.8   |
| 光学光电子 | 002217 |   合力泰   |  95.7  | -12.0  | -0.3  |  -1.0   |  -3.8   |
| 光学光电子 | 600651 |  飞乐音响  |  95.5  | -39.5  |  1.1  |   0.3   |   2.4   |
| 光学光电子 | 688150 |  莱特光电  |  90.8  |  70.4  | -12.7 |  -17.3  |  -15.9  |
| 光学光电子 | 300323 |  华灿光电  |  87.2  | 305.8  | -2.1  |  -1.9   |   0.9   |
| 光学光电子 | 002387 |   维信诺   |  85.6  |  -3.7  | -3.9  |  -6.2   |  -3.4   |
| 光学光电子 | 688127 |  蓝特光学  |  84.9  |  98.6  | -0.1  |  -3.2   |  -1.5   |
| 光学光电子 | 600552 |  凯盛科技  |  76.1  |  75.1  | -0.6  |  -7.3   |  -15.7  |
| 光学光电子 | 300319 |  麦捷科技  |  74.3  |  42.4  | -3.0  |  -2.1   |   1.6   |
| 光学光电子 | 002222 |  福晶科技  |  71.1  |  33.8  | -1.7  |  -4.3   |   3.9   |
| 光学光电子 | 002876 |   三利谱   |  67.6  |  25.0  | -5.1  |  -5.3   |  -0.5   |
| 光学光电子 | 300232 |  洲明科技  |  66.5  |  21.4  | -1.9  |   0.0   |   3.0   |
| 光学光电子 | 300708 |  聚灿光电  |  65.5  |  66.1  | -3.1  |  -1.6   |   5.3   |
| 光学光电子 | 300102 |  乾照光电  |  63.8  | -221.4 |  1.7  |   2.5   |   2.9   |
| 光学光电子 | 300219 |  鸿利智汇  |  59.8  |  27.9  | -3.4  |  -3.1   |   5.9   |
| 光学光电子 | 000536 |  华映科技  |  58.9  | -10.4  | -0.5  |   7.6   |   8.1   |
| 光学光电子 | 300303 |  聚飞光电  |  58.8  |  28.1  | -2.0  |  -0.9   |   3.3   |
| 光学光电子 | 300790 |  宇瞳光学  |  58.5  |  34.1  | -1.9  |  -4.6   |  -2.7   |
| 光学光电子 | 605118 |  力鼎光电  |  54.9  |  31.4  | -1.2  |   1.3   |   2.1   |
| 光学光电子 | 002106 |  莱宝高科  |  54.9  |  17.5  | -2.1  |  -1.1   |   1.0   |
| 光学光电子 | 002955 |  鸿合科技  |  51.5  |  31.1  | -4.0  |   7.5   |  10.2   |
| 光学光电子 | 002765 |  蓝黛科技  |  51.5  |  25.6  |  0.9  |  -0.8   |  -1.2   |
| 光学光电子 | 688299 |  长阳科技  |  49.9  |  35.2  | -3.0  |  -5.6   |  -6.1   |
| 光学光电子 | 600071 |  凤凰光学  |  49.8  | -97.1  | -2.6  |  -2.0   |  -1.9   |
| 光学光电子 | 603703 |  盛洋科技  |  49.5  | 237.9  |  2.1  |  -7.3   |  -15.6  |
| 光学光电子 | 300752 |  隆利科技  |  48.9  | -65.2  |  1.7  |   1.6   |   8.3   |
| 光学光电子 | 002449 |  国星光电  |  47.6  |  56.5  | -2.0  |  -0.9   |  -0.7   |
| 光学光电子 | 300566 |  激智科技  |  43.8  |  29.1  | -2.7  |  -1.7   |  -0.6   |
| 光学光电子 | 300331 |  苏大维格  |  43.5  | -46.8  | -4.2  |  -5.4   |   5.6   |
| 光学光电子 | 002845 |   同兴达   |  43.0  |  13.9  | -2.8  |   2.1   |   4.7   |
| 光学光电子 | 300582 |   英飞特   |  42.8  |  56.4  | -2.0  |  -2.8   |  -1.8   |
| 光学光电子 | 300940 |   南极光   |  41.6  |  88.8  | -1.2  |  -2.1   |  -0.8   |
| 光学光电子 | 688079 |   美迪凯   |  41.2  |  69.1  | -3.9  |  -3.4   |  -1.8   |
| 光学光电子 | 002189 |   中光学   |  39.1  | -33.8  | -1.9  |  -5.2   |  -2.1   |
| 光学光电子 | 688181 |  八亿时空  |  39.0  |  15.6  | -2.0  |  -3.1   |  -2.3   |
| 光学光电子 | 688010 |  福光股份  |  38.4  |  75.3  | -0.4  |  -4.2   |   7.3   |
| 光学光电子 | 300909 |   汇创达   |  38.4  |  38.7  | -2.4  |  -2.7   |  -3.2   |
| 光学光电子 | 300691 |  联合光电  |  37.1  | -69.3  | -3.7  |  -1.6   |  -3.3   |
| 光学光电子 | 000045 |  深纺织Ａ   |  36.7  |  52.0  | -2.2  |   0.0   |   2.1   |
| 光学光电子 | 300241 |  瑞丰光电  |  36.3  | -249.8 | -2.6  |  -0.4   |   2.7   |
| 光学光电子 | 002983 |   芯瑞达   |  35.9  |  31.2  | -2.1  |   0.6   |   2.5   |
| 光学光电子 | 300128 |  锦富技术  |  35.7  | 130.8  | -1.8  |  -2.1   |  -1.8   |
| 光学光电子 | 003019 |  宸展光电  |  35.1  |  14.9  | -1.6  |  -2.1   |  -1.6   |
| 光学光电子 | 002587 |  奥拓电子  |  35.0  | -121.0 | 10.1  |  21.3   |  22.1   |
| 光学光电子 | 300389 |   艾比森   |  34.8  |  44.7  | -0.9  |  -0.3   |   2.1   |
| 光学光电子 | 300939 |   秋田微   |  34.2  |  33.0  | -2.5  |  -3.4   |  -3.2   |
| 光学光电子 | 300120 |  经纬辉开  |  31.7  |  29.1  | -2.7  |  -0.3   |   4.1   |
| 光学光电子 | 002962 |  五方光电  |  31.0  |  40.8  | -3.5  |  -3.9   |  -4.6   |
| 光学光电子 | 000020 |  深华发Ａ   |  30.9  | 130.8  | 10.0  |  21.8   |  20.9   |
| 光学光电子 | 300632 |  光莆股份  |  30.7  |  21.4  | -2.5  |  -0.5   |   1.3   |
| 光学光电子 | 300545 |  联得装备  |  29.9  |  73.8  | -2.0  |  -0.1   |   5.3   |
| 光学光电子 | 688195 |  腾景科技  |  29.3  |  70.6  | -0.5  |  -5.4   |   4.1   |
| 光学光电子 | 301183 |   东田微   |  25.9  |  45.1  | -4.8  |   0.9   |  -1.2   |
| 光学光电子 | 603773 |  沃格光电  |  25.7  | 275.2  |  0.1  |  10.8   |  10.5   |
| 光学光电子 | 300701 |  森霸传感  |  25.4  |  71.2  | -3.5  |  -0.6   |   2.2   |
| 光学光电子 | 002992 |  宝明科技  |  24.8  | -24.8  | -0.6  |   9.7   |  13.5   |
| 光学光电子 | 605218 |  伟时电子  |  24.8  |  99.9  | -3.2  |  -2.4   |  -3.4   |
| 光学光电子 | 003015 |  日久光电  |  24.7  |  47.3  | -2.1  |   0.0   |   0.3   |
| 光学光电子 | 300650 |  太龙股份  |  24.3  |  25.7  | -2.7  |  -0.9   |   8.4   |
| 光学光电子 | 300162 |  雷曼光电  |  23.9  |  74.6  | -2.3  |  -1.6   |   1.9   |
| 光学光电子 | 301106 |  骏成科技  |  23.7  |  27.8  | -2.5  |  -1.5   |  -0.5   |
| 光学光电子 | 688011 |  新光光电  |  22.9  | -64.6  | -3.8  |  -5.5   |  -2.4   |
| 光学光电子 | 301045 |  天禄科技  |  22.5  |  27.7  | -2.2  |  -1.0   |  -0.4   |
| 光学光电子 | 300889 |  爱克股份  |  21.8  | -56.6  | -2.5  |   0.3   |   1.5   |
| 光学光电子 | 300808 |  久量股份  |  21.0  | -152.5 | -1.0  |   1.2   |   3.2   |
| 光学光电子 | 688272 |   富吉瑞   |  20.1  | -30.0  | -3.4  |  -5.4   |  -8.5   |
| 光学光电子 | 300076 |  GQY视讯   |  19.3  | -389.2 | -2.1  |   1.3   |   2.5   |
| 光学光电子 | 002952 |  亚世光电  |  18.9  |  49.3  | -2.2  |   1.1   |   2.3   |
| 光学光电子 | 002808 |  恒久科技  |  18.5  | -120.1 |  1.5  |   2.2   |   0.6   |
| 光学光电子 | 603685 |  晨丰科技  |  16.6  |  76.9  | -1.3  |   1.2   |   1.6   |
| 光学光电子 | 002289 |  宇顺电子  |  16.4  | -77.7  | -1.7  |  -0.7   |  -0.5   |
| 光学光电子 | 600666 |  *ST瑞德   |  16.3  |  -5.7  |  3.1  |   1.5   |   0.0   |
| 光学光电子 | 603679 |  华体科技  |  14.9  | -53.5  | -2.6  |   2.3   |   3.4   |
| 光学光电子 | 300301 |  *ST长方   |  13.8  |  -9.8  | -2.8  |  -6.0   |  -4.4   |
+------------+--------+------------+--------+--------+-------+---------+---------+
 




 [行业>单日涨幅]
+------------+--------+------------+--------+--------+-------+---------+---------+
|    行业    |  代码  |    名称    |  市值  |   pe   | 涨幅  | 3日涨幅 | 6日涨幅 |
+------------+--------+------------+--------+--------+-------+---------+---------+
| 光学光电子 | 002587 |  奥拓电子  |  35.0  | -121.0 | 10.1  |  21.3   |  22.1   |
| 光学光电子 | 603297 |  永新光学  | 120.2  |  55.6  | 10.0  |   6.6   |  13.3   |
| 光学光电子 | 000020 |  深华发Ａ   |  30.9  | 130.8  | 10.0  |  21.8   |  20.9   |
| 光学光电子 | 600666 |  *ST瑞德   |  16.3  |  -5.7  |  3.1  |   1.5   |   0.0   |
| 光学光电子 | 603703 |  盛洋科技  |  49.5  | 237.9  |  2.1  |  -7.3   |  -15.6  |
| 光学光电子 | 300102 |  乾照光电  |  63.8  | -221.4 |  1.7  |   2.5   |   2.9   |
| 光学光电子 | 300752 |  隆利科技  |  48.9  | -65.2  |  1.7  |   1.6   |   8.3   |
| 光学光电子 | 002808 |  恒久科技  |  18.5  | -120.1 |  1.5  |   2.2   |   0.6   |
| 光学光电子 | 600651 |  飞乐音响  |  95.5  | -39.5  |  1.1  |   0.3   |   2.4   |
| 光学光电子 | 002765 |  蓝黛科技  |  51.5  |  25.6  |  0.9  |  -0.8   |  -1.2   |
| 光学光电子 | 603773 |  沃格光电  |  25.7  | 275.2  |  0.1  |  10.8   |  10.5   |
| 光学光电子 | 688127 |  蓝特光学  |  84.9  |  98.6  | -0.1  |  -3.2   |  -1.5   |
| 光学光电子 | 002217 |   合力泰   |  95.7  | -12.0  | -0.3  |  -1.0   |  -3.8   |
| 光学光电子 | 688010 |  福光股份  |  38.4  |  75.3  | -0.4  |  -4.2   |   7.3   |
| 光学光电子 | 000536 |  华映科技  |  58.9  | -10.4  | -0.5  |   7.6   |   8.1   |
| 光学光电子 | 688195 |  腾景科技  |  29.3  |  70.6  | -0.5  |  -5.4   |   4.1   |
| 光学光电子 | 000413 |  东旭光电  | 102.0  |  -4.9  | -0.6  |   0.6   |   1.7   |
| 光学光电子 | 002992 |  宝明科技  |  24.8  | -24.8  | -0.6  |   9.7   |  13.5   |
| 光学光电子 | 600552 |  凯盛科技  |  76.1  |  75.1  | -0.6  |  -7.3   |  -15.7  |
| 光学光电子 | 300389 |   艾比森   |  34.8  |  44.7  | -0.9  |  -0.3   |   2.1   |
| 光学光电子 | 300808 |  久量股份  |  21.0  | -152.5 | -1.0  |   1.2   |   3.2   |
| 光学光电子 | 300940 |   南极光   |  41.6  |  88.8  | -1.2  |  -2.1   |  -0.8   |
| 光学光电子 | 605118 |  力鼎光电  |  54.9  |  31.4  | -1.2  |   1.3   |   2.1   |
| 光学光电子 | 603685 |  晨丰科技  |  16.6  |  76.9  | -1.3  |   1.2   |   1.6   |
| 光学光电子 | 000725 |  京东方Ａ   | 1469.0 |  8.4   | -1.6  |  -1.6   |   3.5   |
| 光学光电子 | 003019 |  宸展光电  |  35.1  |  14.9  | -1.6  |  -2.1   |  -1.6   |
| 光学光电子 | 002289 |  宇顺电子  |  16.4  | -77.7  | -1.7  |  -0.7   |  -0.5   |
| 光学光电子 | 002222 |  福晶科技  |  71.1  |  33.8  | -1.7  |  -4.3   |   3.9   |
| 光学光电子 | 000727 |  冠捷科技  |  98.7  |  20.8  | -1.8  |  -1.4   |   0.5   |
| 光学光电子 | 300128 |  锦富技术  |  35.7  | 130.8  | -1.8  |  -2.1   |  -1.8   |
| 光学光电子 | 300790 |  宇瞳光学  |  58.5  |  34.1  | -1.9  |  -4.6   |  -2.7   |
| 光学光电子 | 002189 |   中光学   |  39.1  | -33.8  | -1.9  |  -5.2   |  -2.1   |
| 光学光电子 | 300232 |  洲明科技  |  66.5  |  21.4  | -1.9  |   0.0   |   3.0   |
| 光学光电子 | 300582 |   英飞特   |  42.8  |  56.4  | -2.0  |  -2.8   |  -1.8   |
| 光学光电子 | 300303 |  聚飞光电  |  58.8  |  28.1  | -2.0  |  -0.9   |   3.3   |
| 光学光电子 | 688181 |  八亿时空  |  39.0  |  15.6  | -2.0  |  -3.1   |  -2.3   |
| 光学光电子 | 002449 |  国星光电  |  47.6  |  56.5  | -2.0  |  -0.9   |  -0.7   |
| 光学光电子 | 300545 |  联得装备  |  29.9  |  73.8  | -2.0  |  -0.1   |   5.3   |
| 光学光电子 | 300323 |  华灿光电  |  87.2  | 305.8  | -2.1  |  -1.9   |   0.9   |
| 光学光电子 | 002983 |   芯瑞达   |  35.9  |  31.2  | -2.1  |   0.6   |   2.5   |
| 光学光电子 | 003015 |  日久光电  |  24.7  |  47.3  | -2.1  |   0.0   |   0.3   |
| 光学光电子 | 002106 |  莱宝高科  |  54.9  |  17.5  | -2.1  |  -1.1   |   1.0   |
| 光学光电子 | 300076 |  GQY视讯   |  19.3  | -389.2 | -2.1  |   1.3   |   2.5   |
| 光学光电子 | 000045 |  深纺织Ａ   |  36.7  |  52.0  | -2.2  |   0.0   |   2.1   |
| 光学光电子 | 688538 | 和辉光电-U | 368.1  | -48.7  | -2.2  |  -1.9   |  -1.9   |
| 光学光电子 | 002952 |  亚世光电  |  18.9  |  49.3  | -2.2  |   1.1   |   2.3   |
| 光学光电子 | 000100 |  TCL科技   | 613.1  |  11.3  | -2.2  |  -2.2   |   2.3   |
| 光学光电子 | 301045 |  天禄科技  |  22.5  |  27.7  | -2.2  |  -1.0   |  -0.4   |
| 光学光电子 | 300162 |  雷曼光电  |  23.9  |  74.6  | -2.3  |  -1.6   |   1.9   |
| 光学光电子 | 300909 |   汇创达   |  38.4  |  38.7  | -2.4  |  -2.7   |  -3.2   |
| 光学光电子 | 301106 |  骏成科技  |  23.7  |  27.8  | -2.5  |  -1.5   |  -0.5   |
| 光学光电子 | 300889 |  爱克股份  |  21.8  | -56.6  | -2.5  |   0.3   |   1.5   |
| 光学光电子 | 300632 |  光莆股份  |  30.7  |  21.4  | -2.5  |  -0.5   |   1.3   |
| 光学光电子 | 300939 |   秋田微   |  34.2  |  33.0  | -2.5  |  -3.4   |  -3.2   |
| 光学光电子 | 300241 |  瑞丰光电  |  36.3  | -249.8 | -2.6  |  -0.4   |   2.7   |
| 光学光电子 | 600071 |  凤凰光学  |  49.8  | -97.1  | -2.6  |  -2.0   |  -1.9   |
| 光学光电子 | 603679 |  华体科技  |  14.9  | -53.5  | -2.6  |   2.3   |   3.4   |
| 光学光电子 | 300566 |  激智科技  |  43.8  |  29.1  | -2.7  |  -1.7   |  -0.6   |
| 光学光电子 | 300120 |  经纬辉开  |  31.7  |  29.1  | -2.7  |  -0.3   |   4.1   |
| 光学光电子 | 300650 |  太龙股份  |  24.3  |  25.7  | -2.7  |  -0.9   |   8.4   |
| 光学光电子 | 600363 |  联创光电  |  95.7  |  38.1  | -2.7  |  -3.5   |   1.8   |
| 光学光电子 | 300296 |   利亚德   | 159.4  |  34.7  | -2.8  |  -1.7   |   0.6   |
| 光学光电子 | 300301 |  *ST长方   |  13.8  |  -9.8  | -2.8  |  -6.0   |  -4.4   |
| 光学光电子 | 002845 |   同兴达   |  43.0  |  13.9  | -2.8  |   2.1   |   4.7   |
| 光学光电子 | 002745 |   木林森   | 137.3  |  18.9  | -2.8  |  -2.5   |  -0.1   |
| 光学光电子 | 600703 |  三安光电  | 1003.0 |  58.5  | -3.0  |   1.5   |   8.8   |
| 光学光电子 | 688055 |  龙腾光电  | 174.7  |  28.1  | -3.0  |  -3.7   |  -2.6   |
| 光学光电子 | 300319 |  麦捷科技  |  74.3  |  42.4  | -3.0  |  -2.1   |   1.6   |
| 光学光电子 | 688299 |  长阳科技  |  49.9  |  35.2  | -3.0  |  -5.6   |  -6.1   |
| 光学光电子 | 300708 |  聚灿光电  |  65.5  |  66.1  | -3.1  |  -1.6   |   5.3   |
| 光学光电子 | 002456 |   欧菲光   | 190.9  | -25.6  | -3.1  |  -0.2   |   4.5   |
| 光学光电子 | 605218 |  伟时电子  |  24.8  |  99.9  | -3.2  |  -2.4   |  -3.4   |
| 光学光电子 | 000050 |  深天马Ａ   | 233.7  |  74.0  | -3.3  |  -1.4   |   1.8   |
| 光学光电子 | 688272 |   富吉瑞   |  20.1  | -30.0  | -3.4  |  -5.4   |  -8.5   |
| 光学光电子 | 600707 |  彩虹股份  | 164.0  |  -5.5  | -3.4  |  -3.2   |   5.3   |
| 光学光电子 | 300219 |  鸿利智汇  |  59.8  |  27.9  | -3.4  |  -3.1   |   5.9   |
| 光学光电子 | 002962 |  五方光电  |  31.0  |  40.8  | -3.5  |  -3.9   |  -4.6   |
| 光学光电子 | 300701 |  森霸传感  |  25.4  |  71.2  | -3.5  |  -0.6   |   2.2   |
| 光学光电子 | 300691 |  联合光电  |  37.1  | -69.3  | -3.7  |  -1.6   |  -3.3   |
| 光学光电子 | 688011 |  新光光电  |  22.9  | -64.6  | -3.8  |  -5.5   |  -2.4   |
| 光学光电子 | 002387 |   维信诺   |  85.6  |  -3.7  | -3.9  |  -6.2   |  -3.4   |
| 光学光电子 | 688079 |   美迪凯   |  41.2  |  69.1  | -3.9  |  -3.4   |  -1.8   |
| 光学光电子 | 002273 |  水晶光电  | 153.7  |  33.7  | -4.0  |  -3.3   |  -0.9   |
| 光学光电子 | 002955 |  鸿合科技  |  51.5  |  31.1  | -4.0  |   7.5   |  10.2   |
| 光学光电子 | 300331 |  苏大维格  |  43.5  | -46.8  | -4.2  |  -5.4   |   5.6   |
| 光学光电子 | 300088 |  长信科技  | 168.4  |  23.2  | -4.6  |  -3.6   |  -3.9   |
| 光学光电子 | 301183 |   东田微   |  25.9  |  45.1  | -4.8  |   0.9   |  -1.2   |
| 光学光电子 | 002876 |   三利谱   |  67.6  |  25.0  | -5.1  |  -5.3   |  -0.5   |
| 光学光电子 | 002036 |  联创电子  | 146.6  |  91.3  | -6.1  |  -2.0   |  -0.4   |
| 光学光电子 | 688150 |  莱特光电  |  90.8  |  70.4  | -12.7 |  -17.3  |  -15.9  |
+------------+--------+------------+--------+--------+-------+---------+---------+
