[行业>市值]
+----------+--------+----------+-------+--------+------+---------+---------+
|   行业   |  代码  |   名称   | 市值  |   pe   | 涨幅 | 3日涨幅 | 6日涨幅 |
+----------+--------+----------+-------+--------+------+---------+---------+
| 家用轻工 | 603899 | 晨光股份 | 465.3 |  42.2  | -3.8 |  -1.5   |   1.9   |
| 家用轻工 | 001323 | 慕思股份 | 155.7 |  31.4  | 0.0  |   0.0   |   0.0   |
| 家用轻工 | 605099 | 共创草坪 | 113.8 |  33.3  | 1.5  |   4.5   |  10.2   |
| 家用轻工 | 603398 | 沐邦高科 | 90.6  | -248.7 | -1.1 |   2.1   |   5.0   |
| 家用轻工 | 002489 | 浙江永强 | 86.2  |  15.7  | -5.5 |  -3.9   |  -6.4   |
| 家用轻工 | 002678 | 珠江钢琴 | 77.2  |  36.4  | -2.1 |  -2.2   |  -2.2   |
| 家用轻工 | 002605 | 姚记科技 | 69.5  |  18.9  | -3.6 |   4.0   |   8.2   |
| 家用轻工 | 603848 |  好太太  | 62.1  |  34.3  | -6.3 |  -1.5   |   6.6   |
| 家用轻工 | 301101 | 明月镜片 | 58.0  |  65.6  | -0.9 |  -11.7  |  -7.2   |
| 家用轻工 | 002301 | 齐心集团 | 45.4  |  20.7  | 0.2  |   3.3   |   5.3   |
| 家用轻工 | 605299 | 舒华体育 | 42.1  |  79.2  | -2.1 |  -1.7   |   0.0   |
| 家用轻工 | 300729 | 乐歌股份 | 39.3  |  54.6  | -1.8 |   4.2   |   8.6   |
| 家用轻工 | 300651 | 金陵体育 | 32.4  | 316.9  | -3.0 |  -1.2   |  -4.8   |
| 家用轻工 | 600439 |  瑞贝卡  | 30.2  |  59.1  | -1.5 |  -0.4   |   0.0   |
| 家用轻工 | 002575 | 群兴玩具 | 28.4  | 409.7  | 0.4  |  -0.7   |  -6.1   |
| 家用轻工 | 002571 | 德力股份 | 26.7  | 259.0  | -0.1 |  -3.9   |  -3.1   |
| 家用轻工 | 002103 | 广博股份 | 23.4  | -39.2  | -2.9 |  -0.7   |   0.2   |
| 家用轻工 | 301004 | 嘉益股份 | 23.3  |  17.6  | -4.8 |   2.4   |   4.0   |
| 家用轻工 | 002615 |  哈尔斯  | 23.0  |  18.6  | -1.4 |   0.9   |   1.3   |
| 家用轻工 | 002348 | 高乐股份 | 19.3  |  -9.7  | -1.9 |   1.5   |   3.5   |
| 家用轻工 | 300329 | 海伦钢琴 | 17.7  |  70.2  | -1.4 |  -1.1   |   4.2   |
| 家用轻工 | 300703 | 创源股份 | 16.5  | 102.2  | -1.2 |  -1.5   |   0.1   |
| 家用轻工 | 300640 | 德艺文创 | 16.1  |  48.7  | -1.2 |   1.4   |   3.5   |
| 家用轻工 | 002899 |  英派斯  | 14.2  | 266.2  | -0.9 |   0.2   |   0.5   |
| 家用轻工 | 002862 | 实丰文化 | 13.1  | 169.6  | -0.4 |   2.1   |   2.5   |
+----------+--------+----------+-------+--------+------+---------+---------+
 




 [行业>单日涨幅]
+----------+--------+----------+-------+--------+------+---------+---------+
|   行业   |  代码  |   名称   | 市值  |   pe   | 涨幅 | 3日涨幅 | 6日涨幅 |
+----------+--------+----------+-------+--------+------+---------+---------+
| 家用轻工 | 605099 | 共创草坪 | 113.8 |  33.3  | 1.5  |   4.5   |  10.2   |
| 家用轻工 | 002575 | 群兴玩具 | 28.4  | 409.7  | 0.4  |  -0.7   |  -6.1   |
| 家用轻工 | 002301 | 齐心集团 | 45.4  |  20.7  | 0.2  |   3.3   |   5.3   |
| 家用轻工 | 001323 | 慕思股份 | 155.7 |  31.4  | 0.0  |   0.0   |   0.0   |
| 家用轻工 | 002571 | 德力股份 | 26.7  | 259.0  | -0.1 |  -3.9   |  -3.1   |
| 家用轻工 | 002862 | 实丰文化 | 13.1  | 169.6  | -0.4 |   2.1   |   2.5   |
| 家用轻工 | 301101 | 明月镜片 | 58.0  |  65.6  | -0.9 |  -11.7  |  -7.2   |
| 家用轻工 | 002899 |  英派斯  | 14.2  | 266.2  | -0.9 |   0.2   |   0.5   |
| 家用轻工 | 603398 | 沐邦高科 | 90.6  | -248.7 | -1.1 |   2.1   |   5.0   |
| 家用轻工 | 300703 | 创源股份 | 16.5  | 102.2  | -1.2 |  -1.5   |   0.1   |
| 家用轻工 | 300640 | 德艺文创 | 16.1  |  48.7  | -1.2 |   1.4   |   3.5   |
| 家用轻工 | 300329 | 海伦钢琴 | 17.7  |  70.2  | -1.4 |  -1.1   |   4.2   |
| 家用轻工 | 002615 |  哈尔斯  | 23.0  |  18.6  | -1.4 |   0.9   |   1.3   |
| 家用轻工 | 600439 |  瑞贝卡  | 30.2  |  59.1  | -1.5 |  -0.4   |   0.0   |
| 家用轻工 | 300729 | 乐歌股份 | 39.3  |  54.6  | -1.8 |   4.2   |   8.6   |
| 家用轻工 | 002348 | 高乐股份 | 19.3  |  -9.7  | -1.9 |   1.5   |   3.5   |
| 家用轻工 | 002678 | 珠江钢琴 | 77.2  |  36.4  | -2.1 |  -2.2   |  -2.2   |
| 家用轻工 | 605299 | 舒华体育 | 42.1  |  79.2  | -2.1 |  -1.7   |   0.0   |
| 家用轻工 | 002103 | 广博股份 | 23.4  | -39.2  | -2.9 |  -0.7   |   0.2   |
| 家用轻工 | 300651 | 金陵体育 | 32.4  | 316.9  | -3.0 |  -1.2   |  -4.8   |
| 家用轻工 | 002605 | 姚记科技 | 69.5  |  18.9  | -3.6 |   4.0   |   8.2   |
| 家用轻工 | 603899 | 晨光股份 | 465.3 |  42.2  | -3.8 |  -1.5   |   1.9   |
| 家用轻工 | 301004 | 嘉益股份 | 23.3  |  17.6  | -4.8 |   2.4   |   4.0   |
| 家用轻工 | 002489 | 浙江永强 | 86.2  |  15.7  | -5.5 |  -3.9   |  -6.4   |
| 家用轻工 | 603848 |  好太太  | 62.1  |  34.3  | -6.3 |  -1.5   |   6.6   |
+----------+--------+----------+-------+--------+------+---------+---------+
