[行业>三日涨幅]
+--------------+--------+------------+--------+---------+------+---------+---------+
|     行业     |  代码  |    名称    |  市值  |   pe    | 涨幅 | 3日涨幅 | 6日涨幅 |
+--------------+--------+------------+--------+---------+------+---------+---------+
|   食品饮料   | 002840 |  华统股份  |  88.1  |  -25.1  | 4.1  |  11.9   |  29.2   |
|   食品饮料   | 300791 |  仙乐健康  |  48.9  |  83.5   | 4.5  |  10.5   |  12.6   |
|   食品饮料   | 002852 |   道道全   |  39.1  |  -18.1  | 5.5  |   8.4   |   9.7   |
|   食品饮料   | 605089 |   味知香   |  62.4  |  43.7   | 4.0  |   6.5   |   5.3   |
|   食品饮料   | 002991 |  甘源食品  |  54.4  |  60.4   | 3.0  |   5.5   |   4.3   |
|   食品饮料   | 002329 |  皇氏集团  |  48.6  |  15.9   | 3.2  |   3.9   |  11.1   |
|   食品饮料   | 002847 |  盐津铺子  | 105.4  |  42.9   | 3.2  |   3.7   |   4.9   |
|   食品饮料   | 002770 |   科迪退   |  6.2   |   6.1   | 3.6  |   3.6   |  14.0   |
|   食品饮料   | 300765 |   新诺威   |  75.2  |  16.9   | 3.2  |   3.4   |   1.6   |
|   食品饮料   | 300973 |  立高食品  | 151.6  |  94.7   | 4.5  |   3.3   |   5.4   |
|   风电设备   | 300772 |  运达股份  | 128.0  |  28.6   | 4.7  |  22.0   |  18.6   |
|   风电设备   | 300850 |   新强联   | 329.6  |  84.3   | 4.6  |  21.2   |  14.2   |
|   风电设备   | 002531 |  天顺风能  | 298.5  |  229.4  | 4.3  |  19.3   |  19.1   |
|   风电设备   | 603218 |  日月股份  | 257.9  |  108.3  | 5.0  |  19.0   |  19.9   |
|   风电设备   | 603063 |  禾望电气  | 148.6  |  55.5   | 5.5  |  18.8   |  13.7   |
|   风电设备   | 300690 |  双一科技  |  31.1  |  71.0   | 5.3  |  16.3   |  15.8   |
|   风电设备   | 002202 |  金风科技  | 588.6  |  11.6   | 5.3  |  10.5   |  10.0   |
|   风电设备   | 600458 |  时代新材  |  82.8  |  26.9   | 3.4  |   9.8   |   6.4   |
|  非金属材料  | 300035 |  中科电气  | 216.7  |  42.0   | 5.6  |  15.6   |  13.9   |
|   铁路公路   | 603069 |  海汽集团  | 129.0  | -197.9  | 5.8  |  12.4   |  44.1   |
|   铁路公路   | 002627 |  三峡旅游  |  42.7  |  74.9   | 3.8  |   4.9   |   1.4   |
|   铁路公路   | 600662 |  外服控股  | 147.5  |  21.3   | 4.5  |   3.0   |   4.7   |
|   钢铁行业   | 000959 |  首钢股份  | 370.7  |   8.8   | 3.3  |  -0.2   |   3.7   |
|   采掘行业   | 002683 |  广东宏大  | 188.8  |  114.8  | 4.1  |   4.9   |   5.7   |
|   酿酒行业   | 000860 |  顺鑫农业  | 203.9  |  48.9   | 5.0  |  14.9   |  18.6   |
|   酿酒行业   | 603589 |   口子窖   | 354.0  |  18.2   | 4.0  |   6.0   |   6.5   |
|   酿酒行业   | 603919 |   金徽酒   | 177.9  |  27.0   | 3.9  |   5.3   |   8.0   |
|   酿酒行业   | 600809 |  山西汾酒  | 3646.0 |  24.6   | 3.8  |   4.5   |   4.1   |
|   酿酒行业   | 000596 |  古井贡酒  | 1250.0 |  28.4   | 3.5  |   4.2   |   6.9   |
|   酿酒行业   | 000799 |   酒鬼酒   | 584.2  |  28.0   | 3.6  |   3.9   |   7.0   |
|   酿酒行业   | 002304 |  洋河股份  | 2637.0 |  13.2   | 3.1  |   3.8   |   3.3   |
|   酿酒行业   | 601579 |   会稽山   |  64.8  |  20.6   | 3.7  |   2.0   |   6.4   |
|   造纸印刷   | 603733 |  仙鹤股份  | 175.7  |  30.1   | 4.6  |  11.7   |  12.6   |
|   造纸印刷   | 002836 |   新宏泽   |  17.5  |  93.8   | 3.3  |   9.6   |  13.5   |
|   造纸印刷   | 002831 |  裕同科技  | 261.3  |  29.6   | 4.9  |   7.4   |   7.4   |
|   通用设备   | 300953 |  震裕科技  | 141.5  |  63.0   | 5.6  |  15.2   |  19.3   |
|   通用设备   | 300095 |  华伍股份  |  52.7  |  23.6   | 5.3  |  13.6   |   7.4   |
|   通用设备   | 300984 |  金沃股份  |  22.8  |  60.9   | 4.8  |  13.3   |  13.1   |
|   通用设备   | 603088 |  宁波精达  |  34.6  |  30.3   | 5.2  |  10.7   |  13.2   |
|   通用设备   | 300421 |  力星股份  |  34.0  |  69.6   | 3.3  |   9.8   |  14.3   |
|   通用设备   | 002598 |  山东章鼓  |  31.7  |  39.3   | 5.4  |   9.0   |  -0.5   |
|   通用设备   | 002685 |  华东重机  |  33.4  |  33.9   | 3.1  |   8.5   |   7.8   |
|   通用设备   | 300024 |   机器人   | 140.3  |  -60.1  | 5.4  |   7.7   |  10.4   |
|   通用设备   | 688059 |  华锐精密  |  57.1  |  36.0   | 3.8  |   7.7   |   1.3   |
|   通用设备   | 300943 |  春晖智控  |  32.5  |  67.4   | 3.6  |   7.6   |   8.7   |
|   通用设备   | 002426 |  胜利精密  |  75.7  |  241.7  | 4.3  |   7.3   |   4.3   |
|   通用设备   | 002444 |  巨星科技  | 236.7  |  32.4   | 4.4  |   7.2   |   4.4   |
|   通用设备   | 605123 |  派克新材  | 139.3  |  32.4   | 5.2  |   7.1   |   6.2   |
|   通用设备   | 002046 |  国机精工  |  71.9  |  34.0   | 4.4  |   7.0   |   6.9   |
|   通用设备   | 300161 |  华中数控  |  40.5  |  -24.1  | 3.7  |   6.8   |   6.5   |
|   通用设备   | 301163 |  宏德股份  |  31.2  |  50.3   | 4.8  |   6.5   |   6.0   |
|   通用设备   | 300607 |   拓斯达   |  50.1  |  23.3   | 3.7  |   6.2   |   7.6   |
|   通用设备   | 603757 |  大元泵业  |  25.2  |  23.8   | 3.4  |   5.9   |   7.5   |
|   通用设备   | 601369 |  陕鼓动力  | 161.8  |  14.5   | 3.1  |   5.9   |   7.0   |
|   通用设备   | 600421 |  华嵘控股  |  20.9  | -251.2  | 3.6  |   5.8   |   2.9   |
|   通用设备   | 300988 |  津荣天宇  |  28.1  |  37.9   | 4.0  |   5.5   |   8.2   |
|   通用设备   | 603339 |  四方科技  |  35.1  |  18.2   | 3.5  |   5.2   |   4.0   |
|   通用设备   | 688558 |  国盛智科  |  44.3  |  26.2   | 3.2  |   5.1   |   1.6   |
|   通用设备   | 603028 |   赛福天   |  26.6  |  71.7   | 4.5  |   5.1   |   1.3   |
|   通用设备   | 002520 |  日发精机  |  52.5  |  64.6   | 4.3  |   5.0   |   8.9   |
|   通用设备   | 301055 |   张小泉   |  28.7  |  57.5   | 3.9  |   4.8   |   2.3   |
|   通用设备   | 000890 |   法尔胜   |  18.0  |  -34.4  | 4.6  |   4.6   |   0.9   |
|   通用设备   | 603308 |  应流股份  | 106.8  |  40.3   | 4.1  |   4.5   |   1.4   |
|   通用设备   | 300817 |  双飞股份  |  20.7  |  30.8   | 4.3  |   4.3   |   4.8   |
|   通用设备   | 603090 |  宏盛股份  |  26.0  |  235.8  | 4.5  |   4.3   |   4.2   |
|   通用设备   | 300885 |  海昌新材  |  29.0  |  33.3   | 3.3  |   3.1   |  10.1   |
|   通用设备   | 002438 |  江苏神通  |  67.4  |  22.8   | 4.3  |   3.0   |  -0.6   |
|   通用设备   | 603277 |  银都股份  |  89.1  |  17.9   | 3.4  |   2.4   |   1.9   |
|   通用设备   | 300091 |   金通灵   |  63.1  |  662.4  | 3.2  |   2.3   |  -0.4   |
|   通用设备   | 002633 |  申科股份  |  13.5  |  311.8  | 3.3  |   1.5   |   2.4   |
|   通用设备   | 603617 |  君禾股份  |  31.8  |  35.8   | 4.9  |   0.1   |   3.4   |
|   通信设备   | 000836 |  富通信息  |  35.9  |  268.0  | 5.7  |  11.7   |  13.4   |
|   通信设备   | 300627 |  华测导航  | 177.6  |  66.5   | 5.8  |  11.3   |  15.8   |
|   通信设备   | 600260 |  *ST凯乐   |  27.6  |  -7.6   | 4.9  |  11.2   |   0.7   |
|   通信设备   | 300101 |  振芯科技  | 115.4  |  42.7   | 3.4  |   9.3   |   8.2   |
|   通信设备   | 002935 |  天奥电子  |  62.6  | -129.2  | 4.1  |   8.0   |   6.0   |
|   通信设备   | 300394 |  天孚通信  | 113.4  |  34.2   | 3.6  |   7.0   |   4.5   |
|   通信设备   | 300762 |  上海瀚讯  |  71.0  |  -87.3  | 4.6  |   6.0   |   3.1   |
|   通信设备   | 300205 |  天喻信息  |  54.1  | 1459.4  | 4.7  |   5.6   |   8.7   |
|   通信设备   | 000547 |  航天发展  | 195.8  |  33.9   | 5.2  |   5.4   |   3.6   |
|   通信设备   | 002829 |  星网宇达  |  47.5  | -144.1  | 4.2  |   5.2   |   3.5   |
|   通信设备   | 300689 |  澄天伟业  |  19.4  |  120.0  | 3.1  |   4.8   |   5.2   |
|   通信设备   | 688175 |  高凌信息  |  30.4  |  334.3  | 3.1  |   4.3   |   2.0   |
|   通信设备   | 003031 |  中瓷电子  | 127.5  |  89.4   | 5.3  |   4.3   |   2.5   |
|   通信设备   | 300710 |  万隆光电  |  28.3  | 2784.2  | 3.1  |   2.1   |  -3.0   |
|   通信设备   | 600734 |   ST实达   | 101.7  | -172.5  | 4.9  |  -4.5   |  -7.9   |
|   通信服务   | 600289 |   ST信通   |  21.0  |  -8.8   | 3.4  |   4.1   |   3.7   |
|   软件开发   | 688023 |  安恒信息  | 113.0  |  -14.8  | 5.6  |  13.0   |   9.3   |
|   软件开发   | 300235 |  方直科技  |  18.3  |  35.3   | 5.2  |   9.4   |  10.9   |
|   软件开发   | 000503 |  国新健康  |  82.9  |  -41.9  | 4.2  |   7.5   |   3.4   |
|   软件开发   | 300454 |   深信服   | 444.9  |  -21.5  | 3.4  |   6.5   |   5.0   |
|   软件开发   | 300369 |  绿盟科技  |  86.6  |  -18.8  | 5.3  |   5.9   |   7.2   |
|   软件开发   | 002298 |  中电兴发  |  49.3  |  18.4   | 4.7  |   5.7   |   5.0   |
|   软件开发   | 300379 |   东方通   |  84.7  |  -45.1  | 3.4  |   4.2   |   4.1   |
|   软件开发   | 300074 |  华平股份  |  20.0  | -172.2  | 3.6  |   4.2   |   4.5   |
|   软件开发   | 300386 |  飞天诚信  |  47.0  | -182.0  | 3.1  |   2.4   |   3.1   |
|   软件开发   | 603138 |  海量数据  |  41.3  |  -96.0  | 5.3  |  -7.5   |  -14.9  |
|   贸易行业   | 600241 |   ST时万   |  24.7  |  25.4   | 5.0  |  11.3   |  14.5   |
|   贸易行业   | 002505 |  鹏都农牧  | 223.1  |  164.8  | 3.2  |  10.4   |  14.0   |
|   贸易行业   | 000626 |  远大控股  |  66.6  |  149.3  | 4.0  |   5.7   |   3.1   |
|   贸易行业   | 002640 |  *ST跨境   |  51.3  | -126.1  | 3.5  |  -1.2   |  -0.6   |
|    贵金属    | 002155 |  湖南黄金  | 144.2  |  38.5   | 5.4  |  13.5   |  24.4   |
|  计算机设备  | 300807 |  天迈科技  |  15.1  |  -22.6  | 5.5  |   6.5   |   8.8   |
|  计算机设备  | 300045 |  华力创通  |  48.0  |  699.9  | 4.4  |   4.8   |   4.4   |
|  计算机设备  | 300546 |  雄帝科技  |  37.1  |  -54.4  | 4.1  |   4.7   |  10.5   |
|  计算机设备  | 002383 |  合众思壮  |  45.9  |  79.4   | 3.2  |   3.5   |   3.5   |
|  计算机设备  | 300202 |   聚龙退   |  3.6   |  -8.0   | 4.8  |   3.2   |  -53.2  |
|   装修装饰   | 301113 |  雅艺科技  |  28.8  |  36.7   | 4.5  |   7.8   |  10.1   |
|   装修装饰   | 603038 |  华立股份  |  17.8  | -299.2  | 3.2  |   6.7   |   4.9   |
|   装修装饰   | 002713 |  东易日盛  |  28.1  |  -2.9   | 4.2  |   6.5   |   8.6   |
|   装修装饰   | 603216 |  梦天家居  |  36.2  |  43.0   | 3.9  |   5.1   |   7.3   |
|   装修装饰   | 002856 |  美芝股份  |  13.8  |  929.0  | 3.8  |   4.7   |   1.1   |
|   装修装饰   | 002375 |  亚厦股份  |  68.1  |  19.8   | 4.3  |   4.5   |   3.2   |
|   装修装饰   | 002325 |  洪涛股份  |  36.3  |  -11.4  | 3.3  |   4.1   |   7.7   |
|   装修装饰   | 002811 |  郑中设计  |  24.3  |  112.7  | 3.2  |   3.9   |   3.9   |
|   装修装饰   | 605287 |  德才股份  |  25.1  |  14.7   | 3.9  |   3.2   |   1.0   |
|   装修装饰   | 605318 |   法狮龙   |  18.8  |  86.5   | 3.5  |   2.1   |   0.5   |
|   装修建材   | 603313 |   梦百合   |  59.7  |  48.4   | 4.4  |   9.6   |  13.4   |
|   装修建材   | 603226 |  菲林格尔  |  17.9  |  -63.9  | 3.5  |   6.3   |   6.1   |
|   装修建材   | 300234 |  开尔新材  |  33.2  |  86.5   | 3.8  |   5.7   |   5.4   |
|   装修建材   | 600337 |  美克家居  |  50.6  |  -12.8  | 5.1  |   5.4   |   5.4   |
|   装修建材   | 002853 |   皮阿诺   |  21.7  |  29.1   | 4.3  |   4.8   |   4.6   |
|   装修建材   | 300616 |  尚品宅配  |  52.3  |  -13.1  | 3.6  |   4.7   |   4.8   |
|   装修建材   | 603268 |  松发股份  |  24.6  |  -28.6  | 4.4  |   4.3   |   3.7   |
|   装修建材   | 002271 |  东方雨虹  | 1202.0 |  94.7   | 5.1  |   4.2   |   1.9   |
|   装修建材   | 002790 |   瑞尔特   |  30.3  |  20.7   | 3.4  |   3.9   |   4.2   |
|   装修建材   | 603326 |  我乐家居  |  25.7  |  47.6   | 4.0  |   3.4   |   4.2   |
|   装修建材   | 002641 |  公元股份  |  61.4  |  47.6   | 3.1  |   2.7   |   1.6   |
|   装修建材   | 603818 |  曲美家居  |  55.8  |  24.0   | 3.9  |   1.8   |   4.9   |
|   装修建材   | 601996 |  丰林集团  |  34.2  |  26.9   | 3.5  |   1.7   |   2.0   |
|   装修建材   | 000910 |  大亚圣象  |  50.5  |  -57.5  | 3.1  |  -6.6   |   5.7   |
|   船舶制造   | 601890 |  亚星锚链  |  75.6  |  71.2   | 5.2  |   4.1   |   8.5   |
|   船舶制造   | 300123 |  亚光科技  |  62.5  |  -28.6  | 3.2  |   3.0   |   4.0   |
|   航空机场   | 601111 |  中国国航  | 1480.0 |  -4.2   | 4.2  |   9.1   |   5.7   |
|   航空机场   | 601021 |  春秋航空  | 457.8  |  -26.2  | 4.3  |   7.4   |   7.1   |
|   航空机场   | 600115 |  中国东航  | 913.5  |  -2.9   | 4.3  |   5.5   |   4.3   |
|   航空机场   | 002928 |  华夏航空  | 108.4  |  -6.0   | 4.4  |   5.3   |   4.3   |
|   航空机场   | 600009 |  上海机场  | 960.6  |  -47.2  | 3.9  |   4.7   |   3.4   |
|   航空机场   | 000099 |  中信海直  |  62.0  |  21.8   | 3.1  |   2.8   |   3.5   |
|   航天航空   | 688685 |   迈信林   |  29.1  |  63.7   | 5.6  |  13.5   |  13.5   |
|   航天航空   | 688510 |  航亚科技  |  47.5  |  616.0  | 3.4  |  10.1   |   1.0   |
|   航天航空   | 300775 |  三角防务  | 207.2  |  36.6   | 4.3  |   4.3   |   1.9   |
|   美容护理   | 300740 |  水羊股份  |  54.0  |  32.5   | 3.5  |   6.2   |   7.7   |
|   美容护理   | 300955 |  嘉亨家化  |  24.8  |  37.0   | 5.9  |   5.6   |   7.0   |
|   美容护理   | 002511 |  中顺洁柔  | 159.5  |  29.9   | 3.0  |   3.5   |   9.8   |
|   美容护理   | 603238 |  诺邦股份  |  18.5  |  60.8   | 3.6  |   2.7   |  -1.3   |
|   综合行业   | 000009 |  中国宝安  | 392.3  |  59.4   | 4.5  |  11.3   |  11.0   |
|   综合行业   | 600673 |   东阳光   | 273.1  |  23.7   | 3.9  |   4.5   |   7.0   |
|   综合行业   | 600624 |  复旦复华  |  49.2  |  213.4  | 3.5  |   2.9   |  -1.2   |
|   综合行业   | 600805 |  悦达投资  |  43.6  |  13.0   | 3.2  |   0.8   |  -1.0   |
|   纺织服装   | 002397 |  梦洁股份  |  30.4  |  -82.3  | 4.4  |   9.6   |  15.2   |
|   纺织服装   | 605189 |  富春染织  |  29.6  |  28.3   | 3.0  |   6.6   |   9.3   |
|   纺织服装   | 600220 |  江苏阳光  |  58.7  |  86.8   | 5.1  |   6.5   |   3.1   |
|   纺织服装   | 002762 |  金发拉比  |  28.5  |  115.3  | 3.3  |   4.5   |   5.2   |
|   纺织服装   | 600987 |  航民股份  |  55.0  |  11.8   | 4.2  |   3.4   |   3.4   |
|   纺织服装   | 605138 |  盛泰集团  |  69.4  |  28.2   | 3.6  |   2.4   |  10.1   |
|   纺织服装   | 002327 |   富安娜   |  62.5  |  14.8   | 3.1  |   1.8   |   1.8   |
|   纺织服装   | 000726 |  鲁  泰Ａ   |  64.9  |  10.2   | 3.2  |  -0.4   |   0.6   |
|   电网设备   | 603070 |  万控智造  |  90.0  |  124.0  | 3.6  |  15.8   |  26.1   |
|   电网设备   | 002706 |  良信股份  | 154.3  |  53.4   | 5.7  |  12.7   |   6.3   |
|   电网设备   | 002879 |  长缆科技  |  29.9  |  42.0   | 3.4  |  11.5   |  11.5   |
|   电网设备   | 601567 |  三星医疗  | 155.7  |  23.7   | 4.6  |  11.2   |  12.8   |
|   电网设备   | 301031 |  中熔电气  |  95.4  |  71.8   | 4.7  |  10.7   |  10.8   |
|   电网设备   | 300018 |  中元股份  |  29.0  |  -31.4  | 5.0  |   9.8   |  10.0   |
|   电网设备   | 600577 |  精达股份  | 114.4  |  28.0   | 5.3  |   7.5   |   8.7   |
|   电网设备   | 300933 |  中辰股份  |  37.5  |  45.8   | 4.6  |   7.5   |   6.6   |
|   电网设备   | 300208 |  青岛中程  |  93.9  |  -40.3  | 4.4  |   7.5   |  21.1   |
|   电网设备   | 300040 |  九洲集团  |  43.8  |  26.2   | 4.2  |   7.3   |   5.2   |
|   电网设备   | 688611 |  杭州柯林  |  33.6  |  77.6   | 3.1  |   6.5   |   0.6   |
|   电网设备   | 002169 |  智光电气  |  59.2  |  -7.1   | 4.4  |   6.4   |   0.4   |
|   电网设备   | 002560 |  通达股份  |  31.9  |  66.5   | 3.8  |   6.3   |   8.8   |
|   电网设备   | 603097 |  江苏华辰  |  37.5  |  32.7   | 3.7  |   6.3   |  -7.5   |
|   电网设备   | 603556 |  海兴电力  |  79.0  |  14.1   | 4.9  |   6.0   |   0.3   |
|   电网设备   | 600268 |  国电南自  |  66.0  |  -24.5  | 4.2  |   5.9   |   3.3   |
|   电网设备   | 688517 |  金冠电气  |  16.4  |  185.9  | 3.9  |   5.6   |   3.9   |
|   电网设备   | 600192 |  长城电工  |  23.2  |  -32.1  | 5.0  |   5.4   |   3.8   |
|   电网设备   | 300222 |  科大智能  |  58.1  |  -43.3  | 3.3  |   5.4   |   7.2   |
|   电网设备   | 301082 |  久盛电气  |  30.3  |  28.0   | 3.6  |   5.3   |   3.9   |
|   电网设备   | 002300 |  太阳电缆  |  47.0  |  37.5   | 3.2  |   5.0   |   2.6   |
|   电网设备   | 300510 |  金冠股份  |  39.2  |  -94.0  | 3.0  |   4.9   |   5.6   |
|   电网设备   | 301002 |  崧盛股份  |  30.0  |  38.7   | 3.2  |   4.8   |   5.6   |
|   电网设备   | 300670 |  大烨智能  |  23.5  |  -78.6  | 3.1  |   4.7   |   3.9   |
|   电网设备   | 002090 |  金智科技  |  33.4  |  100.9  | 3.6  |   4.2   |   3.6   |
|   电网设备   | 002441 |   众业达   |  50.5  |   8.4   | 3.1  |   3.9   |   2.2   |
|   电网设备   | 300444 |  双杰电气  |  40.0  | -131.8  | 4.2  |   3.8   |   1.5   |
|   电网设备   | 002121 |  科陆电子  |  98.2  |  -52.2  | 4.8  |   3.7   |  -9.2   |
|   电网设备   | 300882 |  万胜智能  |  29.6  |  95.8   | 3.6  |   3.2   |   0.9   |
|   电网设备   | 603897 |  长城科技  |  66.7  |  34.1   | 3.3  |   3.1   |   2.9   |
|   电网设备   | 300423 |  昇辉科技  |  51.3  |  21.6   | 3.3  |   3.0   |   5.8   |
|   电网设备   | 600112 |  *ST天成   |  14.1  |  -10.0  | 3.8  |   2.2   |   9.5   |
|   电网设备   | 002346 |  柘中股份  |  58.5  |  39.7   | 3.5  |   1.9   |   0.7   |
|   电网设备   | 300932 |  三友联众  |  33.3  |  50.3   | 3.7  |   1.2   |  -6.8   |
|   电源设备   | 300693 |  盛弘股份  |  58.7  |  63.9   | 3.5  |  12.5   |  13.9   |
|   电源设备   | 002534 |  西子洁能  | 115.2  |  71.7   | 4.3  |  11.8   |   7.2   |
|   电源设备   | 300105 |  龙源技术  |  31.7  | -108.4  | 4.8  |   7.8   |   1.9   |
|   电源设备   | 600875 |  东方电气  | 532.1  |  14.4   | 4.7  |   7.6   |  13.3   |
|   电源设备   | 300713 |   英可瑞   |  22.6  |  339.6  | 4.0  |   7.4   |   7.1   |
|   电源设备   | 300153 |  科泰电源  |  28.0  |  149.0  | 3.3  |   5.7   |   5.6   |
|   电源设备   | 600405 |   动力源   |  31.9  |  -41.7  | 5.9  |   5.5   |   5.7   |
|   电源设备   | 002851 |  麦格米特  | 130.0  |  44.2   | 4.5  |   5.3   |  26.2   |
|     电池     | 688063 |  派能科技  | 399.2  |  98.5   | 4.2  |  12.6   |  19.6   |
|     电池     | 688388 |  嘉元科技  | 205.8  |  29.6   | 3.9  |   9.0   |   5.7   |
|     电池     | 300750 |  宁德时代  |  0.0   |  197.7  | 4.2  |   8.8   |  11.6   |
|     电池     | 000049 |  德赛电池  | 123.7  |  20.1   | 5.3  |   8.4   |   7.3   |
|     电池     | 300068 |  南都电源  | 127.2  |   6.6   | 4.4  |   7.6   |   9.0   |
|     电池     | 300438 |  鹏辉能源  | 231.1  |  63.8   | 4.1  |   6.7   |   2.4   |
|     电机     | 603728 |  鸣志电器  |  69.3  |  44.3   | 5.2  |  13.4   |  11.9   |
|     电机     | 002823 |  凯中精密  |  28.6  |  35.7   | 4.3  |  10.0   |   9.7   |
|     电机     | 300907 |  康平科技  |  19.6  |  95.0   | 3.1  |   5.9   |   5.2   |
|     电机     | 000922 |  佳电股份  |  50.5  |  16.8   | 3.7  |   5.2   |  -2.3   |
|     电机     | 301023 |  江南奕帆  |  22.6  |  27.8   | 3.0  |   5.2   |   2.9   |
|  电子化学品  | 002741 |  光华科技  |  71.1  |  50.4   | 3.2  |   5.0   |   5.8   |
|   电子元件   | 688778 |  厦钨新能  | 282.2  |  34.1   | 5.2  |  22.5   |  16.8   |
|   电子元件   | 600478 |   科力远   | 128.2  |  101.5  | 4.9  |  17.9   |  21.6   |
|   电子元件   | 301150 |  中一科技  |  85.1  |  20.1   | 5.6  |   9.2   |   5.5   |
|   电子元件   | 600884 |  杉杉股份  | 586.1  |  18.2   | 4.2  |   8.2   |  11.7   |
|   电子元件   | 600152 |  维科技术  |  31.7  | -121.0  | 4.3  |   6.9   |   8.2   |
|   电子元件   | 300460 |  惠伦晶体  |  33.2  |  154.4  | 4.8  |   6.5   |   7.1   |
|   电子元件   | 688776 |  国光电气  | 138.0  |  82.9   | 5.3  |   6.5   |   4.7   |
|   电子元件   | 301021 |  英诺激光  |  38.9  |  78.5   | 4.3  |   6.4   |   5.1   |
|   电子元件   | 002859 |  洁美科技  | 105.0  |  81.9   | 6.0  |   6.2   |   4.0   |
|   电子元件   | 002214 |  大立科技  |  74.8  |  231.7  | 4.5  |   5.9   |   5.3   |
|   电子元件   | 300410 |  正业科技  |  31.0  |  93.6   | 3.6  |   5.4   |   6.1   |
|   电子元件   | 688511 |  天微电子  |  31.2  |  33.4   | 4.4  |   5.2   |   2.7   |
|   电子元件   | 002134 |  天津普林  |  23.9  |  180.1  | 3.7  |   4.6   |   2.4   |
|   电力行业   | 600101 |  明星电力  |  43.5  |  26.1   | 4.3  |   7.8   |   1.9   |
|   电力行业   | 600821 |  金开新能  | 104.8  |  34.2   | 5.9  |   7.6   |   6.6   |
|   电力行业   | 300125 |  聆达股份  |  46.4  |  -42.0  | 3.9  |   6.9   |   8.7   |
|   电力行业   | 603693 |  江苏新能  | 129.5  |  25.3   | 3.3  |   6.5   |   4.4   |
|   电力行业   | 000993 |  闽东电力  |  64.5  |  45.1   | 4.1  |   5.8   |   5.9   |
|   电力行业   | 601016 |  节能风电  | 243.1  |  14.4   | 4.5  |   5.4   |   2.8   |
|   电力行业   | 000591 |   太阳能   | 257.1  |  24.6   | 3.3  |   5.2   |   5.3   |
|   电力行业   | 600163 |  中闽能源  | 160.8  |  13.9   | 5.2  |   5.1   |  -0.3   |
|   电力行业   | 600032 |  浙江新能  | 284.1  |  34.8   | 4.4  |   4.8   |   2.0   |
|   电力行业   | 000862 |  银星能源  |  52.8  |  52.0   | 4.6  |   4.3   |   1.9   |
|   电力行业   | 600863 |  内蒙华电  | 254.5  |  12.8   | 6.0  |   4.3   |  -2.3   |
|   电力行业   | 000539 |  粤电力Ａ   | 232.1  |  -12.9  | 5.5  |   4.0   |  -2.0   |
|   电力行业   | 601619 |  嘉泽新能  | 103.2  |  13.0   | 3.9  |   3.4   |   1.4   |
|   电力行业   | 605028 |  世茂能源  |  29.2  |  16.2   | 3.1  |   3.0   |   1.0   |
|   电力行业   | 000600 |  建投能源  |  79.5  |  28.6   | 3.3  |   1.6   |  -2.2   |
|   电力行业   | 600780 |  通宝能源  |  61.1  |   5.7   | 3.1  |   0.8   |  -2.6   |
|   生物制品   | 301207 |  华兰疫苗  | 200.8  | -5907.8 | 4.7  |  15.4   |  13.6   |
|   生物制品   | 688276 |  百克生物  | 221.8  |  320.2  | 5.9  |  13.9   |  18.6   |
|   生物制品   | 688265 |  南模生物  |  52.8  |  94.8   | 3.7  |  11.0   |  12.3   |
|   生物制品   | 300294 |  博雅生物  | 176.4  |  42.6   | 4.4  |   8.1   |   7.2   |
|   生物制品   | 600161 |  天坛生物  | 344.9  |  68.9   | 4.5  |   7.3   |   8.1   |
|   生物制品   | 300204 |   舒泰神   |  61.6  |  -63.1  | 4.3  |   6.9   |   2.5   |
|   生物制品   | 300239 |  东宝生物  |  46.1  |  48.5   | 4.9  |   6.7   |   6.3   |
|   生物制品   | 002252 |  上海莱士  | 411.2  |  18.8   | 3.7  |   5.3   |   8.5   |
|   生物制品   | 688185 |   康希诺   | 474.0  |  97.6   | 3.2  |   3.3   |  -0.3   |
|   生物制品   | 688331 |  荣昌生物  | 224.5  |  -19.6  | 3.4  |   2.1   |  -5.6   |
|   珠宝首饰   | 002867 |   周大生   | 160.7  |  13.9   | 3.4  |   6.6   |   7.2   |
|   玻璃玻纤   | 300196 |  长海股份  |  75.8  |   8.3   | 4.1  |   4.4   |   3.3   |
|   玻璃玻纤   | 601636 |  旗滨集团  | 331.5  |  15.9   | 4.6  |   2.9   |  12.9   |
|   玻璃玻纤   | 002163 |  海南发展  | 112.1  |  -65.9  | 3.1  |   1.5   |  -4.4   |
|   环保行业   | 000035 |  中国天楹  | 140.3  |  82.2   | 5.5  |   9.7   |   7.5   |
|   环保行业   | 300864 |  南大环境  |  34.1  |  23.6   | 3.7  |   6.5   |  -0.0   |
|   环保行业   | 600217 |  中再资环  |  72.3  |  110.4  | 4.8  |   5.9   |   4.2   |
|   环保行业   | 300203 |  聚光科技  | 109.3  |  -46.3  | 3.4  |   5.6   |   9.3   |
|   环保行业   | 301068 |  大地海洋  |  21.1  |  92.6   | 4.3  |   5.5   |   6.6   |
|   环保行业   | 603177 |  德创环保  |  32.1  |  79.4   | 3.0  |   3.9   |  -5.0   |
|   环保行业   | 603686 |   福龙马   |  43.5  |  13.7   | 3.5  |   3.7   |   4.3   |
|   环保行业   | 603126 |  中材节能  |  44.0  |  34.4   | 4.2  |   3.5   |   1.3   |
|   环保行业   | 300334 |  津膜科技  |  22.8  |  -44.0  | 3.3  |   3.1   |   2.7   |
|   环保行业   | 300335 |  迪森股份  |  17.9  |  171.8  | 3.2  |   2.6   |   2.4   |
|   环保行业   | 300187 |  永清环保  |  37.1  |  114.6  | 3.0  |   2.5   |   1.4   |
|   环保行业   | 002973 |  侨银股份  |  48.4  |  15.7   | 3.2  |   2.0   |   1.7   |
|   物流行业   | 002210 |  飞马国际  |  75.0  | -320.4  | 4.4  |   8.5   |  13.2   |
|   物流行业   | 300350 |   华鹏飞   |  39.8  | 1220.0  | 4.9  |   8.4   |  23.4   |
|     燃气     | 600956 |  新天绿能  | 539.3  |  14.4   | 5.1  |   5.0   |   1.3   |
|     燃气     | 002700 |   ST浩源   |  17.4  |  29.2   | 3.3  |   4.8   |   4.8   |
|   煤炭行业   | 000723 |  美锦能源  | 542.3  |  20.0   | 3.9  |   2.8   |   5.6   |
|     游戏     | 300113 |  顺网科技  |  77.8  |  62.0   | 5.5  |   7.6   |   7.8   |
|     游戏     | 300051 |  三五互联  |  21.4  | -380.0  | 3.5  |   5.6   |  -1.0   |
|   消费电子   | 300916 |  朗特智能  |  36.8  |  46.1   | 5.0  |  23.5   |  24.4   |
|   消费电子   | 688678 |   福立旺   |  43.0  |  28.1   | 3.4  |  12.7   |  24.3   |
|   消费电子   | 002881 |  美格智能  |  88.1  |  89.5   | 3.8  |   9.1   |   8.5   |
|   消费电子   | 002976 |  瑞玛精密  |  24.8  |  35.6   | 4.3  |   8.0   |   7.8   |
|   消费电子   | 002635 |  安洁科技  | 102.8  |  30.2   | 4.0  |   6.8   |   7.8   |
|   消费电子   | 300543 |  朗科智能  |  26.4  |  30.2   | 3.5  |   5.8   |   5.6   |
|   消费电子   | 002981 |  朝阳科技  |  21.5  |  129.8  | 4.9  |   5.7   |   6.5   |
|   消费电子   | 002139 |  拓邦股份  | 146.6  |  39.0   | 5.4  |   5.7   |   6.0   |
|   消费电子   | 301123 |  奕东电子  |  61.4  |  38.2   | 4.3  |   5.5   |   1.0   |
|   消费电子   | 301135 |  瑞德智能  |  25.4  |  67.4   | 3.6  |   5.5   |   3.6   |
|   消费电子   | 002660 |  茂硕电源  |  21.1  |  54.9   | 3.1  |   3.9   |   1.4   |
|   消费电子   | 002947 |   恒铭达   |  40.9  |  29.4   | 3.3  |   3.8   |   4.3   |
|   消费电子   | 002841 |  视源股份  | 518.7  |  42.1   | 3.1  |   3.5   |   3.2   |
|   消费电子   | 002888 |  惠威科技  |  16.7  |  835.9  | 5.0  |   1.0   |   0.4   |
|  汽车零部件  | 603997 |  继峰股份  | 141.6  |  -94.0  | 3.4  |  18.3   |  41.3   |
|  汽车零部件  | 300912 |  凯龙高科  |  20.1  |  57.2   | 4.7  |  11.9   |  14.0   |
|  汽车零部件  | 688533 |  上声电子  | 101.0  |  201.6  | 5.4  |   9.6   |   8.4   |
|  汽车零部件  | 002283 |  天润工业  |  78.6  |  21.0   | 4.4  |   9.5   |  11.7   |
|  汽车零部件  | 300432 |  富临精工  | 246.6  |  29.2   | 4.7  |   9.3   |  24.9   |
|  汽车零部件  | 603286 |  日盈电子  |  15.0  |  112.7  | 3.1  |   8.8   |   9.8   |
|  汽车零部件  | 603085 |  天成自控  |  31.4  |  59.1   | 3.7  |   7.2   |   8.8   |
|  汽车零部件  | 301186 |  超达装备  |  25.5  |  77.1   | 3.5  |   6.6   |   0.0   |
|  汽车零部件  | 000981 |  *ST银亿   | 175.0  |   9.2   | 3.5  |   6.1   |   8.0   |
|  汽车零部件  | 603335 |   迪生力   |  26.6  |  54.5   | 4.0  |   5.8   |   7.6   |
|  汽车零部件  | 603006 |  联明股份  |  22.2  |  34.2   | 3.9  |   5.6   |   1.9   |
|  汽车零部件  | 600698 |  湖南天雁  |  58.0  | 3622.1  | 5.4  |   5.2   |   3.2   |
|  汽车零部件  | 605319 |  无锡振华  |  29.8  |  40.5   | 3.8  |   5.0   |   5.7   |
|  汽车零部件  | 002664 |  长鹰信质  |  62.3  |  48.9   | 4.5  |   4.4   |   3.4   |
|  汽车零部件  | 002863 |  今飞凯达  |  27.0  |  38.0   | 3.4  |   4.3   |   5.5   |
|  汽车零部件  | 600841 |  动力新科  | 133.8  |  199.7  | 4.1  |   3.4   |   3.5   |
|  汽车零部件  | 002813 |  路畅科技  |  33.1  | 1445.9  | 4.5  |   3.4   |   3.6   |
|  汽车零部件  | 300681 |   英搏尔   |  75.0  |  101.7  | 4.4  |   3.2   |  10.2   |
|  汽车零部件  | 603178 |  圣龙股份  |  29.9  |  30.8   | 5.2  |   2.7   |  10.9   |
|  汽车零部件  | 000030 |  富奥股份  |  99.9  |  104.7  | 3.2  |   2.4   |  -0.4   |
|  汽车零部件  | 301005 |  超捷股份  |  23.6  |  36.2   | 4.0  |   1.7   |   0.1   |
|  汽车零部件  | 002448 |  中原内配  |  42.7  |  24.2   | 3.2  |   1.1   |   4.9   |
|  汽车零部件  | 603179 |  新泉股份  | 152.8  |  45.8   | 4.2  |  -0.6   |   8.9   |
|  汽车零部件  | 603982 |  泉峰汽车  |  54.8  |  77.4   | 3.2  |  -1.1   |   5.1   |
|  汽车零部件  | 603319 |   湘油泵   |  39.7  |  31.6   | 3.4  |  -1.6   |   4.7   |
|  汽车零部件  | 301298 |  东利机械  |  38.4  |  77.8   | 3.2  |  -2.1   |  -21.6  |
|   汽车服务   | 000025 |  特  力Ａ   | 135.1  |  99.9   | 3.9  |   6.1   |  34.0   |
|   汽车服务   | 000753 |  漳州发展  |  38.6  |  29.0   | 3.2  |   2.6   |   1.8   |
|   汽车服务   | 600653 |  申华控股  |  55.3  |  605.8  | 3.3  |  -1.1   |  -1.4   |
|   汽车整车   | 601777 |  力帆科技  | 243.0  |  119.5  | 3.0  |   2.7   |   4.0   |
|   水泥建材   | 000023 |  深天地Ａ   |  15.7  |  -11.5  | 4.0  |   4.3   |   2.6   |
|   水泥建材   | 000877 |  天山股份  | 1085.0 |  26.5   | 4.1  |   3.6   |   4.3   |
|   水泥建材   | 002743 |  富煌钢构  |  25.6  |  45.5   | 3.7  |   2.6   |   1.6   |
|   橡胶制品   | 601966 |  玲珑轮胎  | 374.8  | -102.0  | 4.2  |  14.0   |  23.6   |
|   橡胶制品   | 603033 |  三维股份  | 174.5  |  89.6   | 5.0  |   4.6   |  -2.2   |
|   有色金属   | 301266 |  宇邦新材  |  45.2  |  56.1   | 3.8  |  13.3   |  -0.6   |
|   有色金属   | 603115 |  海星股份  |  57.9  |  22.7   | 3.6  |  10.6   |   8.4   |
|   有色金属   | 603527 |  众源新材  |  27.2  |  26.0   | 5.5  |   8.8   |   8.3   |
|   有色金属   | 300986 |  志特新材  |  45.6  |  219.0  | 4.3  |   5.3   |   2.8   |
|   旅游酒店   | 601888 |  中国中免  | 3846.0 |  37.5   | 3.5  |   8.2   |   4.9   |
|   旅游酒店   | 600258 |  首旅酒店  | 257.7  |  -27.7  | 5.0  |   6.5   |   6.4   |
|   旅游酒店   | 600754 |  锦江酒店  | 581.0  | -121.0  | 4.5  |   5.2   |   5.0   |
|   旅游酒店   | 300144 |  宋城演艺  | 338.3  | -219.2  | 3.9  |   5.2   |   1.6   |
|   旅游酒店   | 002707 |  众信旅游  |  55.5  |  -24.4  | 3.7  |   4.4   |   4.4   |
|   旅游酒店   | 002033 |  丽江股份  |  38.1  |  -33.7  | 3.9  |   3.4   |   4.0   |
|   旅游酒店   | 603099 |   长白山   |  22.1  |  -16.0  | 3.8  |   3.2   |   3.4   |
|   旅游酒店   | 000796 |   ST凯撒   |  38.7  |  -15.3  | 3.9  |  -0.2   |   0.0   |
|   文化传媒   | 600551 |  时代出版  |  62.1  |  19.1   | 5.3  |  23.0   |  24.7   |
|   文化传媒   | 002502 |  鼎龙文化  |  29.0  |  -64.6  | 3.6  |  14.6   |  11.7   |
|   文化传媒   | 000802 |   ST北文   |  32.1  |  -38.5  | 4.9  |  13.1   |  12.3   |
|   文化传媒   | 300413 |  芒果超媒  | 689.0  |  33.9   | 3.3  |   5.6   |   1.6   |
|   文化传媒   | 002905 |  金逸影视  |  27.7  |  -16.6  | 3.5  |   4.7   |   4.5   |
|   文化传媒   | 002739 |  万达电影  | 283.7  |  157.7  | 3.8  |   3.8   |   0.9   |
|   文化传媒   | 300528 |  幸福蓝海  |  24.6  |  -16.2  | 3.8  |   3.5   |   0.5   |
|     教育     | 300192 |  科德教育  |  23.7  |  37.0   | 5.3  |  19.6   |  26.7   |
|  房地产服务  | 600604 |  市北高新  | 110.9  |  35.9   | 5.0  |   3.9   |   6.1   |
|  房地产服务  | 002285 |   世联行   |  65.9  |  -67.5  | 3.5  |   2.9   |   3.5   |
|  房地产服务  | 000056 |  皇庭国际  |  58.8  |  -12.5  | 3.9  |   2.0   |   0.4   |
|  房地产服务  | 300917 |  特发服务  |  46.1  |  36.5   | 3.4  |   1.0   |  -2.6   |
|  房地产开发  | 000537 |  广宇发展  | 235.8  |  43.5   | 4.6  |   5.9   |   0.5   |
|  房地产开发  | 000809 |   ST新城   |  21.9  |  -16.9  | 3.9  |   5.6   |  -6.7   |
|  房地产开发  | 600641 |  万业企业  | 183.4  |  168.4  | 5.3  |   4.6   |   9.2   |
|  房地产开发  | 600223 |  鲁商发展  |  96.3  |  36.3   | 3.1  |   4.5   |   3.7   |
|  房地产开发  | 600383 |  金地集团  | 561.2  |  22.4   | 5.9  |   3.8   |   5.8   |
|  房地产开发  | 000656 |  金科股份  | 157.0  |  -13.4  | 5.8  |   3.5   |   8.1   |
|  房地产开发  | 000011 |  深物业A   |  76.0  |   8.7   | 3.1  |   3.1   |   6.5   |
|  房地产开发  | 600239 |   ST云城   |  31.6  |  -2.1   | 4.8  |   3.1   |   3.1   |
|  房地产开发  | 600325 |  华发股份  | 146.1  |   5.1   | 4.2  |   2.7   |   0.3   |
|  房地产开发  | 000069 |  华侨城Ａ   | 467.5  |  66.3   | 3.3  |   2.5   |   4.2   |
|  房地产开发  | 000961 |  中南建设  | 119.8  |  -4.9   | 4.0  |   1.9   |   0.6   |
|  房地产开发  | 600048 |  保利发展  | 1922.0 |  19.0   | 3.1  |   1.2   |   3.4   |
|  房地产开发  | 000736 |  中交地产  | 113.1  |  -68.0  | 3.2  |  -1.4   |  -2.6   |
|  房地产开发  | 600657 |  信达地产  | 156.6  |  129.0  | 3.8  |  -4.2   |   8.3   |
|   工程机械   | 301040 |  中环海陆  |  30.4  |  44.6   | 4.5  |  10.9   |   6.0   |
|   工程机械   | 603298 |  杭叉集团  | 125.7  |  16.5   | 4.6  |  10.8   |   7.4   |
|   工程机械   | 600031 |  三一重工  | 1578.0 |  24.8   | 3.3  |   1.5   |  10.5   |
|   工程建设   | 002060 |  粤 水 电  | 117.9  |  62.6   | 4.2  |  10.8   |  12.6   |
|   工程建设   | 300982 |  苏文电能  |  70.1  |  41.5   | 3.6  |   9.9   |   5.9   |
|   工程建设   | 300517 |  海波重科  |  24.9  |  20.6   | 5.1  |   4.1   |   1.3   |
| 工程咨询服务 | 300949 |  奥雅设计  |  23.3  |  -14.7  | 4.2  |   7.1   |   4.3   |
| 工程咨询服务 | 002949 |  华阳国际  |  25.5  | -167.7  | 5.6  |   4.7   |   3.4   |
| 工程咨询服务 | 300668 |  杰恩设计  |  22.4  |  -34.8  | 3.3  |   3.7   |   0.5   |
| 工程咨询服务 | 603018 |  华设集团  |  65.3  |  17.5   | 3.8  |   0.4   |   1.5   |
|    小金属    | 688077 |   大地熊   |  75.2  |  35.9   | 3.9  |   8.7   |   7.4   |
|    小金属    | 600392 |  盛和资源  | 385.6  |  13.5   | 3.2  |   6.0   |  10.4   |
|    小金属    | 600456 |  宝钛股份  | 244.9  |  31.6   | 3.5  |   1.8   |   1.6   |
|   家电行业   | 600854 |  春兰股份  |  33.1  |  26.6   | 3.9  |  19.3   |  15.4   |
|   家电行业   | 002076 |  *ST雪莱   |  16.6  |  -19.1  | 4.9  |  13.2   |  20.8   |
|   家电行业   | 002242 |  九阳股份  | 147.4  |  22.2   | 4.3  |  12.3   |  17.7   |
|   家电行业   | 300894 |   火星人   | 143.8  |  59.8   | 3.8  |  11.2   |  10.7   |
|   家电行业   | 603868 |  飞科电器  | 334.2  |  35.3   | 5.2  |   8.8   |   7.4   |
|   家电行业   | 002723 |   金莱特   |  35.1  |  379.0  | 5.9  |   8.7   |   0.4   |
|   家电行业   | 300403 |  汉宇集团  |  31.4  |  17.6   | 3.2  |   7.2   |   7.4   |
|   家电行业   | 300824 |  北鼎股份  |  36.1  |  54.8   | 3.3  |   7.2   |   6.8   |
|   家电行业   | 603366 |  日出东方  |  38.7  |  -15.8  | 3.1  |   7.0   |   6.8   |
|   家电行业   | 002035 |  华帝股份  |  48.8  |  15.3   | 4.7  |   6.9   |   5.5   |
|   家电行业   | 301061 |  匠心家居  |  42.0  |  14.9   | 4.7  |   6.4   |   6.3   |
|   家电行业   | 000921 |  海信家电  | 166.8  |  15.7   | 3.5  |   6.2   |   6.9   |
|   家电行业   | 605336 |  帅丰电器  |  40.5  |  26.9   | 3.6  |   6.0   |  10.5   |
|   家电行业   | 002677 |  浙江美大  |  93.9  |  19.3   | 4.5  |   5.4   |   6.5   |
|   家电行业   | 000333 |  美的集团  | 3993.0 |  13.9   | 4.2  |   4.8   |   9.2   |
|   家电行业   | 688793 |   倍轻松   |  35.0  |  -88.5  | 4.3  |   4.6   |   0.8   |
|   家电行业   | 000801 |  四川九洲  |  70.6  |  54.4   | 3.1  |   1.0   |  -0.8   |
|   家用轻工   | 605099 |  共创草坪  | 112.9  |  33.1   | 3.7  |   7.6   |   5.5   |
|   家用轻工   | 603848 |   好太太   |  65.8  |  36.3   | 4.3  |   6.7   |  17.9   |
|   家用轻工   | 603899 |  晨光股份  | 490.3  |  44.5   | 3.8  |   6.5   |   7.0   |
|   多元金融   | 600139 |  *ST西源   |  15.0  |  -10.2  | 5.1  |   8.1   |   7.1   |
|   塑料制品   | 300980 |  祥源新材  |  22.6  |  54.6   | 5.9  |   9.9   |  13.3   |
|   塑料制品   | 605008 |  长鸿高科  |  95.0  |  27.4   | 4.2  |   8.8   |  21.8   |
|   塑料制品   | 002324 |   普利特   | 149.1  |  152.6  | 5.0  |   7.5   |  27.5   |
|   塑料制品   | 603150 |  万朗磁塑  |  23.8  |  16.8   | 5.8  |   5.8   |   5.1   |
|   塑料制品   | 688087 |  英科再生  |  90.8  |  46.3   | 5.4  |   5.7   |   5.1   |
|   塑料制品   | 601208 |  东材科技  | 122.7  |  30.1   | 5.0  |   5.1   |  -0.3   |
|   塑料制品   | 002825 |  纳尔股份  |  26.6  |  29.2   | 3.2  |   4.9   |   5.9   |
|   塑料制品   | 300180 |  华峰超纤  |  69.4  |  117.7  | 3.7  |   4.5   |   5.9   |
|   塑料制品   | 688585 |  上纬新材  |  37.9  |  49.5   | 3.2  |   4.3   |   1.3   |
|   塑料制品   | 002585 |  双星新材  | 193.1  |  13.4   | 4.8  |   4.2   |   9.2   |
|   塑料制品   | 605488 |  福莱新材  |  26.2  |  33.2   | 3.6  |   4.0   |   3.6   |
|   塑料制品   | 002108 |  沧州明珠  |  85.8  |  36.7   | 5.0  |   4.0   |  10.2   |
|   塑料制品   | 300538 |  同益股份  |  23.8  | -119.9  | 3.3  |  -4.8   |   1.1   |
|   商业百货   | 000679 |  大连友谊  |  14.7  |  -38.1  | 4.0  |   5.9   |   3.5   |
|   商业百货   | 002336 |   人人乐   |  25.5  |  -8.5   | 5.3  |   5.3   |   4.5   |
|   商业百货   | 605136 |  丽人丽妆  |  61.8  |  121.7  | 4.0  |   4.2   |   0.1   |
|    半导体    | 600171 |  上海贝岭  | 155.3  |  26.9   | 5.0  |  11.9   |  21.1   |
|    半导体    | 605111 |   新洁能   | 232.1  |  51.6   | 4.3  |  11.0   |  10.4   |
|    半导体    | 603068 |  博通集成  |  56.4  |  398.3  | 4.3  |   8.5   |  18.1   |
|    半导体    | 603290 |  斯达半导  | 605.7  |  100.1  | 3.8  |   6.3   |   2.9   |
|    半导体    | 603160 |  汇顶科技  | 266.7  | -132.0  | 3.5  |   5.0   |   4.3   |
|    半导体    | 603933 |  睿能科技  |  22.2  |  24.1   | 3.1  |   4.5   |   1.6   |
|    半导体    | 603501 |  韦尔股份  | 1473.0 |  41.1   | 4.8  |   4.2   |   1.6   |
|    半导体    | 688018 |  乐鑫科技  |  86.6  |  77.7   | 3.4  |   2.8   |  -0.4   |
|    半导体    | 688153 | 唯捷创芯-U | 200.0  |  136.1  | 3.4  |   0.8   |  -4.1   |
|   医药商业   | 301017 |  漱玉平民  |  70.7  |  35.7   | 3.9  |   5.6   |   3.1   |
|   医药商业   | 600056 |  中国医药  | 224.8  |  22.9   | 4.6  |   5.5   |   1.2   |
|   医药商业   | 603716 |  塞力医疗  |  28.1  |  33.1   | 3.2  |   3.6   |   6.0   |
|   医疗服务   | 301103 |  何氏眼科  |  51.8  |  49.6   | 4.0  |  12.7   |   3.1   |
|   医疗服务   | 301033 |  迈普医学  |  25.7  |  89.5   | 4.9  |  11.1   |   8.5   |
|   医疗服务   | 688202 |   美迪西   | 247.3  |  80.1   | 4.3  |   9.4   |   3.8   |
|   医疗服务   | 301111 |  粤万年青  |  41.7  |  79.6   | 5.4  |   8.0   |   7.2   |
|   医疗服务   | 301126 |  达嘉维康  |  35.0  |  46.0   | 3.4  |   4.6   |   3.2   |
|   医疗服务   | 002219 |  *ST恒康   |  62.3  | 1304.9  | 3.1  |   3.4   |   4.7   |
|   医疗器械   | 600587 |  新华医疗  |  93.3  |  18.3   | 3.5  |  10.2   |  19.1   |
|   医疗器械   | 688626 |  翔宇医疗  |  56.2  |  148.2  | 5.2  |  10.1   |   6.5   |
|   医疗器械   | 603301 |  振德医疗  |  93.8  |  21.0   | 3.2  |   9.5   |  14.9   |
|   医疗器械   | 688389 |  普门科技  |  76.2  |  28.4   | 3.4  |   8.2   |  15.1   |
|   医疗器械   | 688075 |  安旭生物  | 118.5  |   1.1   | 5.7  |   8.0   |   6.0   |
|   医疗器械   | 300246 |   宝莱特   |  27.9  |  50.0   | 5.0  |   7.9   |   8.9   |
|   医疗器械   | 300326 |   凯利泰   |  59.0  |  19.5   | 3.3  |   7.3   |   9.2   |
|   医疗器械   | 300358 |  楚天科技  | 105.7  |  20.6   | 4.7  |   7.2   |   8.4   |
|   医疗器械   | 301060 |  兰卫医学  | 144.7  |  20.4   | 4.4  |   6.8   |   4.2   |
|   医疗器械   | 688298 |  东方生物  | 230.5  |   2.8   | 3.3  |   5.4   |   5.6   |
|   医疗器械   | 300171 |   东富龙   | 205.7  |  24.3   | 5.9  |   5.4   |   5.1   |
|   医疗器械   | 600055 |  万东医疗  | 169.8  |  172.3  | 4.3  |   5.3   |  19.9   |
|   医疗器械   | 002817 |  黄山胶囊  |  22.5  |  40.2   | 3.0  |   3.7   |   7.6   |
|   化纤行业   | 300777 |  中简科技  | 206.2  |  56.9   | 3.7  |   5.7   |   2.0   |
|   化纤行业   | 002427 |  *ST尤夫   |  37.1  |  -5.2   | 5.0  |   4.4   |  -0.7   |
|   化学原料   | 002053 |  云南能投  | 106.4  |  20.7   | 5.0  |   6.4   |  -2.5   |
|   化学原料   | 600277 |  亿利洁能  | 195.5  |  34.5   | 3.8  |   6.0   |   2.0   |
|   化学原料   | 603299 |  苏盐井神  | 101.4  |  10.5   | 3.9  |   4.0   |  -1.4   |
|   化学原料   | 600844 |  丹化科技  |  33.9  | -477.7  | 4.7  |   2.8   |   3.4   |
|   化学原料   | 601216 |  君正集团  | 410.1  |  11.7   | 4.7  |   1.2   |   1.5   |
|   化学原料   | 002092 |  中泰化学  | 217.9  |  12.3   | 3.4  |   0.8   |  -4.7   |
|   化学制药   | 688356 |  键凯科技  | 137.0  |  65.4   | 3.7  |  16.8   |  18.2   |
|   化学制药   | 300573 |  兴齐眼药  | 147.1  |  49.6   | 5.9  |  11.3   |   9.4   |
|   化学制药   | 301089 |  拓新药业  | 157.5  |  138.4  | 3.1  |  10.1   |   6.4   |
|   化学制药   | 000963 |  华东医药  | 773.4  |  27.4   | 4.7  |   9.6   |   8.2   |
|   化学制药   | 688166 |  博瑞医药  |  99.1  |  40.8   | 3.8  |   9.5   |   7.5   |
|   化学制药   | 300558 |  贝达药业  | 245.0  |  73.2   | 5.1  |   8.9   |  16.4   |
|   化学制药   | 300584 |  海辰药业  |  39.0  |  77.3   | 3.2  |   7.5   |   6.9   |
|   化学制药   | 002900 |   哈三联   |  44.1  | -941.9  | 5.2  |   7.3   |  12.0   |
|   化学制药   | 600079 |  人福医药  | 283.0  |   7.6   | 4.7  |   7.0   |  11.4   |
|   化学制药   | 603669 |  灵康药业  |  47.2  |  57.4   | 4.6  |   6.8   |   6.5   |
|   化学制药   | 300497 |  富祥药业  |  77.4  |  69.2   | 3.2  |   6.6   |   5.3   |
|   化学制药   | 300006 |  莱美药业  |  44.7  |  -42.3  | 4.4  |   6.3   |   5.8   |
|   化学制药   | 603168 |  莎普爱思  |  27.3  |  24.7   | 3.4  |   5.6   |   6.0   |
|   化学制药   | 600200 |  江苏吴中  |  51.6  |  169.5  | 3.4  |   4.9   |   3.6   |
|   化学制药   | 603351 |  威尔药业  |  31.8  |  28.9   | 3.6  |   4.5   |   6.1   |
|   化学制药   | 300158 |  振东制药  |  70.3  |  192.0  | 3.5  |   4.4   |   3.5   |
|   化学制药   | 002393 |  力生制药  |  38.6  |  23.0   | 3.1  |   3.1   |   2.8   |
|   化学制药   | 600385 |  退市金泰  |  1.8   |  20.7   | 3.4  |   2.5   |  29.8   |
|   化学制药   | 688091 | 上海谊众-U | 195.5  |  159.0  | 5.7  |   1.4   |  -2.1   |
|   化学制品   | 688116 |  天奈科技  | 369.2  |  92.3   | 4.0  |  12.6   |   9.7   |
|   化学制品   | 002211 |   ST宏达   |  12.7  |  -29.8  | 5.0  |   8.9   |  15.3   |
|   化学制品   | 688157 |  松井股份  |  71.0  |  88.7   | 4.8  |   7.9   |  -2.5   |
|   化学制品   | 300848 |  美瑞新材  |  37.8  |  41.9   | 4.9  |   5.3   |   3.8   |
|   化学制品   | 300225 |   金力泰   |  34.6  |  -33.0  | 3.5  |   3.4   |   5.7   |
|   化学制品   | 002096 |  南岭民爆  |  47.2  |  -90.3  | 4.0  |   3.1   |   2.6   |
|   化学制品   | 301037 |   保立佳   |  19.1  |  68.5   | 3.5  |   2.6   |   3.1   |
|   化学制品   | 002562 |  兄弟科技  |  72.1  |  17.5   | 3.5  |   2.6   |   0.1   |
|   化学制品   | 000691 |  亚太实业  |  13.4  | -109.5  | 3.2  |   2.2   |   1.5   |
|   化学制品   | 002666 |  德联集团  |  45.6  |  30.9   | 3.1  |   2.0   |  26.3   |
|   包装材料   | 002599 |  盛通股份  |  27.4  |  -27.6  | 3.1  |   7.2   |  15.3   |
|   农药兽药   | 300796 |   贝斯美   |  31.0  |  25.0   | 3.5  |  10.6   |  14.8   |
|   农药兽药   | 688526 |  科前生物  | 126.1  |  34.7   | 4.9  |   9.8   |  24.6   |
|   农药兽药   | 000525 |  ST红太阳  |  68.9  |   5.6   | 5.0  |   9.6   |   3.9   |
|   农药兽药   | 002868 |  绿康生化  |  21.5  |  -60.3  | 5.2  |   7.5   |   8.1   |
|   农药兽药   | 300261 |  雅本化学  | 142.3  |  50.9   | 5.5  |   7.0   |   1.5   |
|   农药兽药   | 300119 |  瑞普生物  |  82.8  |  28.7   | 3.4  |   5.7   |   8.7   |
|   农药兽药   | 603566 |  XD普莱柯  |  86.8  |  57.9   | 4.1  |   4.6   |   6.4   |
|   农牧饲渔   | 001201 |  东瑞股份  |  85.3  |  -66.1  | 5.5  |  12.8   |  15.7   |
|   农牧饲渔   | 300094 |  国联水产  |  52.9  |  139.8  | 3.4  |  11.1   |  13.1   |
|   农牧饲渔   | 603363 |  傲农生物  | 163.7  |  -11.6  | 3.3  |   8.9   |  24.2   |
|   农牧饲渔   | 600251 |  冠农股份  |  87.3  |   9.9   | 5.3  |   6.4   |   4.7   |
|   农牧饲渔   | 002696 |  百洋股份  |  21.6  |  81.3   | 3.4  |   2.0   |   2.7   |
|   农牧饲渔   | 600506 |  香梨股份  |  16.7  |  -51.2  | 3.6  |   1.5   |  -0.5   |
|   公用事业   | 605011 |  杭州热电  |  68.0  |  41.2   | 3.3  |   2.9   |  -0.3   |
|   公用事业   | 600874 |  创业环保  |  98.9  |  12.7   | 4.7  |   1.3   |  -0.2   |
|   公用事业   | 002893 |  华通热力  |  18.0  |   3.1   | 3.0  |  -0.7   |  -2.6   |
|  光学光电子  | 600703 |  三安光电  | 1038.0 |  60.5   | 5.0  |   9.9   |  11.4   |
|  光学光电子  | 300701 |  森霸传感  |  26.5  |  74.5   | 4.0  |   8.1   |   4.1   |
|  光学光电子  | 603679 |  华体科技  |  15.3  |  -54.7  | 4.6  |   5.3   |   4.3   |
|  光学光电子  | 002036 |  联创电子  | 155.7  |  97.0   | 4.1  |   4.6   |   4.3   |
|  光学光电子  | 300566 |  激智科技  |  45.9  |  30.6   | 3.1  |   4.3   |   4.5   |
|  光学光电子  | 300752 |  隆利科技  |  49.8  |  -66.4  | 3.4  |   3.9   |   7.4   |
|   光伏设备   | 688408 |   中信博   | 123.8  | -346.5  | 3.9  |  17.7   |   9.7   |
|   光伏设备   | 688598 |  金博股份  | 252.6  |  31.1   | 3.2  |  15.8   |  11.5   |
|   光伏设备   | 688599 |  天合光能  | 1377.0 |  63.4   | 5.7  |  15.0   |   1.3   |
|   光伏设备   | 002623 |   亚玛顿   |  60.0  |  135.8  | 6.0  |  10.8   |   4.2   |
|   光伏设备   | 002309 |   ST中利   |  42.4  |  -16.7  | 5.0  |  10.2   |  11.7   |
|   光伏设备   | 688032 |  禾迈股份  | 408.8  |  117.1  | 5.3  |  10.2   |  11.4   |
|   光伏设备   | 688390 |   固德威   | 310.1  |  823.6  | 6.0  |   9.1   |  15.7   |
|   光伏设备   | 300316 |  晶盛机电  | 838.0  |  47.4   | 3.2  |   8.3   |   9.8   |
|   光伏设备   | 600151 |  航天机电  | 154.3  | -221.5  | 5.7  |   7.5   |   6.1   |
|   光伏设备   | 300274 |  阳光电源  | 1384.0 |  84.2   | 3.0  |   7.5   |   0.1   |
|   光伏设备   | 601865 |   福莱特   | 916.5  |  52.5   | 4.0  |   6.5   |  -3.6   |
|   光伏设备   | 300317 |  珈伟新能  |  51.5  |  45.3   | 4.7  |   5.9   |   1.8   |
|   光伏设备   | 301046 |  能辉科技  |  53.1  |  114.5  | 3.6  |   4.1   |   0.8   |
|   仪器仪表   | 605056 |  咸亨国际  |  55.7  |  79.1   | 5.9  |   5.8   |   5.5   |
|   仪器仪表   | 688056 |  莱伯泰科  |  25.7  |  53.9   | 4.1  |   5.0   |   3.6   |
|   仪器仪表   | 300275 |   梅安森   |  25.4  |  79.0   | 3.1  |   3.5   |   3.5   |
|   交运设备   | 000913 |  钱江摩托  |  94.8  |  68.0   | 3.7  |  17.1   |  21.9   |
|   交运设备   | 300594 |  朗进科技  |  15.6  |  316.5  | 5.5  |   9.0   |   8.3   |
|   交运设备   | 300351 |  永贵电器  |  55.4  |  35.9   | 5.2  |   9.0   |   0.7   |
|   交运设备   | 603129 |  春风动力  | 202.7  |  48.1   | 4.9  |   7.2   |   8.8   |
|  互联网服务  | 600536 |  中国软件  | 282.0  |  -68.8  | 4.3  |   7.0   |   8.6   |
|  互联网服务  | 002417 |  *ST深南   |  9.0   |  -55.6  | 5.0  |   6.4   |   9.5   |
|  互联网服务  | 600070 |  浙江富润  |  27.8  | -158.6  | 5.8  |   5.3   |   3.7   |
|  互联网服务  | 300508 |  维宏股份  |  24.4  |  142.9  | 3.3  |   5.3   |   9.7   |
|  互联网服务  | 300609 |  汇纳科技  |  18.3  |  -20.9  | 4.0  |   4.5   |   0.8   |
|  互联网服务  | 603918 |  金桥信息  |  36.3  | -132.6  | 3.0  |   4.0   |  13.7   |
|  互联网服务  | 002232 |  启明信息  |  58.2  |  173.1  | 3.3  |   3.0   |   5.6   |
|  互联网服务  | 002453 |  华软科技  | 139.7  | -864.9  | 4.5  |   1.4   |  11.0   |
|  互联网服务  | 688229 |  博睿数据  |  19.4  |  -20.9  | 3.7  |  -0.1   |  -0.5   |
|  互联网服务  | 600870 |  退市厦华  |  3.1   |  46.6   | 3.5  |  -10.6  |  11.3   |
|     中药     | 002864 |  盘龙药业  |  37.2  |  46.3   | 5.1  |  18.5   |  10.1   |
|     中药     | 600351 |  亚宝药业  |  54.4  |  19.0   | 4.0  |  15.7   |  16.3   |
|     中药     | 002603 |  以岭药业  | 402.1  |  20.8   | 5.1  |   9.7   |   6.7   |
|     中药     | 000423 |  东阿阿胶  | 240.4  |  52.4   | 3.9  |   9.6   |  15.0   |
|     中药     | 002349 |  精华制药  | 131.1  |  49.0   | 4.9  |   8.1   |   4.8   |
|     中药     | 300534 |  陇神戎发  |  30.6  | 1254.6  | 4.9  |   7.6   |   1.9   |
|     中药     | 300181 |  佐力药业  |  55.3  |  20.1   | 4.4  |   7.5   |   8.2   |
|     中药     | 300039 |  上海凯宝  |  66.8  |  29.0   | 4.9  |   7.4   |   3.9   |
|     中药     | 600285 |  羚锐制药  |  74.4  |  14.2   | 4.5  |   6.7   |   7.9   |
|     中药     | 002644 |  佛慈制药  |  52.2  |  60.7   | 5.8  |   6.6   |   6.7   |
|     中药     | 002166 |  莱茵生物  |  57.9  |  37.7   | 4.3  |   6.4   |  11.9   |
|     中药     | 002275 |  桂林三金  |  78.3  |  16.3   | 5.0  |   6.1   |   6.1   |
|     中药     | 300147 |  香雪制药  |  38.5  |  -17.7  | 3.2  |   5.2   |   4.3   |
|     中药     | 300519 |  新光药业  |  28.1  |  16.4   | 3.0  |   5.2   |   5.1   |
|     中药     | 600557 |  康缘药业  |  85.2  |  19.4   | 5.0  |   5.1   |  15.5   |
|     中药     | 002873 |  新天药业  |  28.0  |  22.7   | 3.5  |   4.9   |  -0.2   |
|     中药     | 600479 |  千金药业  |  45.9  |  28.7   | 3.2  |   4.7   |   6.7   |
|     中药     | 600422 |  昆药集团  |  97.1  |  21.2   | 3.1  |   3.7   |   3.1   |
|   专用设备   | 000821 |  京山轻机  |  88.6  |  67.0   | 3.8  |  25.6   |  28.6   |
|   专用设备   | 300776 |  帝尔激光  | 280.2  |  75.3   | 3.4  |  14.0   |   8.6   |
|   专用设备   | 002483 |  润邦股份  |  62.2  |  31.6   | 4.4  |  11.3   |  11.5   |
|   专用设备   | 688162 |  巨一科技  |  82.0  |  56.5   | 4.1  |  10.8   |  10.0   |
|   专用设备   | 002006 |  精功科技  | 132.2  |  130.9  | 4.7  |   9.9   |   6.0   |
|   专用设备   | 688329 |  艾隆科技  |  25.0  | -1592.9 | 3.8  |   9.2   |   4.7   |
|   专用设备   | 002975 |  博杰股份  |  51.9  |  28.2   | 5.2  |   9.0   |   9.9   |
|   专用设备   | 688290 |  景业智能  |  36.7  |  405.9  | 3.8  |   8.8   |   4.0   |
|   专用设备   | 300484 |  蓝海华腾  |  27.5  |  51.9   | 4.1  |   8.6   |   7.2   |
|   专用设备   | 300902 |   国安达   |  51.2  |  149.0  | 3.5  |   8.6   |   4.5   |
|   专用设备   | 603356 |  华菱精工  |  17.8  |  -83.0  | 3.9  |   8.6   |   7.0   |
|   专用设备   | 688022 |  瀚川智能  |  64.5  | 1016.2  | 3.3  |   8.2   |  16.5   |
|   专用设备   | 002595 |  豪迈科技  | 179.4  |  19.2   | 3.1  |   8.0   |   7.9   |
|   专用设备   | 603960 |  克来机电  |  48.2  | 4220.6  | 4.7  |   7.9   |   7.1   |
|   专用设备   | 002009 |  天奇股份  |  72.5  |  20.3   | 4.4  |   7.0   |   4.4   |
|   专用设备   | 002833 |  弘亚数控  |  70.5  |  16.7   | 3.2  |   5.8   |   6.2   |
|   专用设备   | 002979 |  雷赛智能  |  58.7  |  26.6   | 4.3  |   5.7   |  11.2   |
|   专用设备   | 301011 |  华立科技  |  25.9  |  411.6  | 3.1  |   5.5   |   2.0   |
|   专用设备   | 603956 |   威派格   |  54.6  |  -24.9  | 3.1  |   5.3   |   2.4   |
|   专用设备   | 300103 |  达刚控股  |  26.4  | -170.2  | 5.6  |   5.2   |   4.4   |
|   专用设备   | 301138 |  华研精机  |  36.0  |  67.0   | 3.1  |   5.1   |   3.8   |
|   专用设备   | 300471 |  厚普股份  |  65.5  |  -90.7  | 3.2  |   4.8   |   8.2   |
|   专用设备   | 603015 |  弘讯科技  |  25.1  |  41.0   | 3.1  |   4.7   |   4.2   |
|   专用设备   | 300412 |  迦南科技  |  35.5  |  49.1   | 3.0  |   4.7   |   0.6   |
|   专用设备   | 300411 |  金盾股份  |  33.3  |  29.7   | 5.3  |   3.8   |   8.3   |
|   专用设备   | 002209 |  达 意 隆  |  14.5  |  50.5   | 3.9  |   3.8   |   2.9   |
|   专用设备   | 300486 |  东杰智能  |  35.6  |  51.2   | 5.0  |   3.4   |   7.9   |
|   专用设备   | 600835 |  上海机电  | 134.9  |  20.4   | 3.7  |   3.3   |   0.5   |
|   专用设备   | 300950 |   德固特   |  24.6  |  113.8  | 3.1  |   3.0   |   3.4   |
|   专用设备   | 688082 |  盛美上海  | 380.9  | 2208.7  | 4.0  |   2.4   |  -4.2   |
|   专用设备   | 600545 |  卓郎智能  |  71.5  |   3.9   | 5.3  |   1.9   |   2.7   |
|   专用设备   | 688789 |  宏华数科  | 144.6  |  49.5   | 3.0  |   1.4   |  -3.3   |
|   专用设备   | 600169 |  太原重工  |  82.7  |  59.6   | 3.3  |   1.2   |   2.1   |
|   专业服务   | 301080 |  百普赛斯  | 140.5  |  65.6   | 3.7  |  11.1   |  16.1   |
|   专业服务   | 301169 |  零点有数  |  31.1  |  -64.6  | 5.8  |   6.7   |  17.0   |
|   专业服务   | 603776 |   永安行   |  32.3  |  65.3   | 5.1  |   5.9   |   5.3   |
|   专业服务   | 300572 |  安车检测  |  33.5  |  55.4   | 3.5  |   4.9   |   0.8   |
|   专业服务   | 003035 |  南网能源  | 250.8  |  70.1   | 4.6  |   4.8   |   1.9   |
|   专业服务   | 003008 |  开普检测  |  19.4  |  36.0   | 3.1  |   4.3   |   3.5   |
|   专业服务   | 002564 |  天沃科技  |  41.1  |  549.5  | 3.0  |   4.0   |  -3.3   |
|   专业服务   | 002967 |  广电计量  | 103.8  |  -32.7  | 3.0  |   2.6   |   5.4   |
|      —       | 830946 |  森萱医药  |  46.3  |  23.1   | 3.3  |   4.3   |   2.3   |
+--------------+--------+------------+--------+---------+------+---------+---------+
