[行业>三日涨幅]
+------------+--------+----------+-------+---------+------+---------+---------+
|    行业    |  代码  |   名称   | 市值  |   pe    | 涨幅 | 3日涨幅 | 6日涨幅 |
+------------+--------+----------+-------+---------+------+---------+---------+
|  食品饮料  | 603711 |  香飘飘  | 54.8  |  -22.9  | 10.0 |  11.3   |  17.3   |
|  食品饮料  | 600962 | 国投中鲁 | 30.3  |  179.8  | 10.0 |  10.4   |  13.0   |
|  钢铁行业  | 000629 | 攀钢钒钛 | 359.6 |  19.1   | 10.0 |  14.2   |  20.5   |
|  通用设备  | 001268 | 联合精密 | 32.9  |  34.8   | 10.0 |  58.4   |  58.4   |
|  通用设备  | 002514 | 宝馨科技 | 54.9  |  245.8  | 10.0 |  18.3   |  57.4   |
|  通用设备  | 002843 | 泰嘉股份 | 32.3  |  52.3   | 10.0 |  12.3   |  49.5   |
|  通用设备  | 603028 |  赛福天  | 27.8  |  74.9   | 10.0 |   5.8   |   8.5   |
|  通用设备  | 002598 | 山东章鼓 | 32.5  |  40.3   | 10.0 |   2.1   |  -0.8   |
|  通用设备  | 002896 | 中大力德 | 27.2  |  39.1   | 10.0 |  -0.2   |  12.0   |
|  通信设备  | 003031 | 中瓷电子 | 148.6 |  104.2  | 10.0 |  10.0   |  20.9   |
|  通信设备  | 002902 | 铭普光磁 | 32.1  |  38.6   | 10.0 |   0.1   |  13.4   |
|  软件开发  | 002528 |  英飞拓  | 51.9  |  -14.7  | 9.9  |  15.5   |  27.0   |
|  软件开发  | 002063 | 远光软件 | 102.3 |  345.2  | 10.0 |   7.4   |   8.3   |
|  贸易行业  | 600149 | 廊坊发展 | 25.1  |  -90.8  | 10.0 |   9.1   |   8.7   |
| 计算机设备 | 002376 |  新北洋  | 55.7  |  -37.6  | 10.0 |  18.9   |  23.2   |
|  装修装饰  | 002989 | 中天精装 | 28.8  |  20.3   | 10.0 |   9.7   |  10.1   |
|  能源金属  | 002240 | 盛新锂能 | 574.6 |  13.4   | 10.0 |   9.2   |  12.5   |
|  纺织服装  | 002486 |  嘉麟杰  | 26.7  |  310.6  | 9.9  |  13.0   |  16.7   |
|  电网设备  | 001208 | 华菱线缆 | 73.0  |  62.7   | 10.0 |  -0.4   |  32.5   |
|    电机    | 002892 |  科力尔  | 49.5  |  77.6   | 10.0 |   0.7   |  21.9   |
|  电子元件  | 300390 | 天华超净 | 567.5 |   9.3   | 10.4 |  15.7   |  21.7   |
|  电力行业  | 000899 | 赣能股份 | 84.5  | -2081.2 | 10.0 |  33.2   |  48.3   |
|  电力行业  | 601908 |  京运通  | 213.0 |  596.6  | 10.0 |  15.0   |  23.4   |
|  电力行业  | 000600 | 建投能源 | 83.1  |  29.9   | 9.9  |   7.2   |   7.7   |
|  电力行业  | 600310 | 桂东电力 | 55.3  |  -15.0  | 9.9  |   7.1   |   7.4   |
|  环保行业  | 300614 | 百川畅银 | 48.4  |  44.1   | 20.0 |  15.6   |  19.4   |
|  环保行业  | 300864 | 南大环境 | 35.9  |  24.9   | 10.2 |   7.2   |  10.7   |
|  环保行业  | 300056 | 中创环保 | 27.7  |  164.3  | 10.8 |   6.1   |  14.5   |
|  物流行业  | 603871 | 嘉友国际 | 82.6  |  19.1   | 10.0 |   9.0   |  16.6   |
|  消费电子  | 002866 | 传艺科技 | 67.1  |  37.3   | 10.0 |  33.1   |  77.2   |
|  消费电子  | 003028 | 振邦智能 | 59.9  |  35.2   | 10.0 |  -10.9  |  18.6   |
| 汽车零部件 | 603109 | 神驰机电 | 40.2  |  424.4  | 10.0 |  16.1   |  15.6   |
| 汽车零部件 | 002553 | 南方精工 | 35.8  |  57.4   | 10.0 |   3.9   |   2.5   |
| 汽车零部件 | 002664 | 长鹰信质 | 76.3  |  59.9   | 10.0 |   2.5   |  15.0   |
|  汽车服务  | 300825 |  阿尔特  | 91.2  |  87.7   | 20.0 |  12.2   |  14.6   |
|  汽车整车  | 000951 | 中国重汽 | 167.9 |  33.8   | 10.0 |   2.1   |   5.8   |
|  水泥建材  | 000546 | 金圆股份 | 138.0 | -239.9  | 10.0 |   4.6   |   9.1   |
|  有色金属  | 002501 | 利源精制 | 85.2  |  -27.9  | 10.1 |   9.1   |  12.7   |
|  有色金属  | 600338 | 西藏珠峰 | 288.6 |  88.5   | 10.0 |   5.5   |  11.2   |
|  有色金属  | 002996 | 顺博合金 | 73.4  |  14.5   | 10.0 |  -9.1   |   9.9   |
|  文化传媒  | 002502 | 鼎龙文化 | 34.2  |  -76.3  | 10.1 |  17.4   |  19.2   |
|  文化传媒  | 600052 | 东望时代 | 40.6  |  -39.7  | 10.1 |   7.4   |   6.9   |
|  工程机械  | 000680 | 山推股份 | 85.9  |   5.9   | 10.0 |  12.6   |  16.7   |
|  工程机械  | 600815 | 厦工股份 | 54.5  | -712.2  | 10.0 |   7.0   |   8.5   |
|  工程机械  | 002204 | 大连重工 | 92.9  |  33.2   | 10.1 |   3.9   |  -2.4   |
|  工程机械  | 600817 | 宇通重工 | 57.1  |  16.8   | 10.0 |   2.9   |   4.8   |
|  塑料制品  | 300980 | 祥源新材 | 29.9  |  72.3   | 15.4 |  12.3   |  33.0   |
|   半导体   | 001309 | N德明利  | 30.6  |  40.3   | 44.0 |  44.0   |  44.0   |
|   半导体   | 300812 | 易天股份 | 28.3  |  49.4   | 20.0 |  17.7   |  20.0   |
|   半导体   | 002077 | 大港股份 | 41.9  |  54.9   | 10.1 |  13.9   |  15.0   |
|   半导体   | 603160 | 汇顶科技 | 312.3 | -154.6  | 10.0 |  10.5   |  16.5   |
|   半导体   | 001270 | 铖昌科技 | 124.5 |  294.1  | 10.0 |   0.3   |   8.2   |
|  化学制品  | 002096 | 南岭民爆 | 50.2  |  -96.1  | 10.0 |   3.5   |   6.8   |
|  农药兽药  | 603086 | 先达股份 | 33.1  |  10.9   | 10.0 |  10.3   |  11.6   |
|  公用事业  | 600187 | 国中水务 | 51.1  | -150.2  | 10.0 |  33.2   |  38.0   |
|  公用事业  | 001210 | 金房节能 | 25.0  |   6.4   | 10.0 |   8.2   |  11.2   |
|  公用事业  | 605011 | 杭州热电 | 71.5  |  43.3   | 10.0 |   7.6   |   8.8   |
|  公用事业  | 605162 |  新中港  | 39.9  |  39.8   | 10.1 |   7.1   |   8.4   |
|  仪器仪表  | 605056 | 咸亨国际 | 66.8  |  94.9   | 10.0 |  16.4   |  20.1   |
|    中药    | 603139 | 康惠制药 | 22.1  |  63.0   | 9.8  |  11.5   |  10.3   |
|  专用设备  | 000584 | 哈工智能 | 62.0  |  -49.8  | 10.0 |  24.1   |  32.5   |
|  专用设备  | 603283 | 赛腾股份 | 42.7  |  41.0   | 10.0 |  15.2   |  22.3   |
|  专用设备  | 688630 | 芯碁微装 | 90.7  |  115.3  | 16.1 |  13.0   |  27.7   |
|  专用设备  | 000519 | 中兵红箭 | 446.6 |  39.7   | 10.0 |  12.1   |  12.5   |
|  专用设备  | 002031 | 巨轮智能 | 79.6  |  480.8  | 10.0 |   8.7   |  44.8   |
|  专用设备  | 300472 | 新元科技 | 31.8  |  19.0   | 10.8 |   5.4   |  13.1   |
|  专用设备  | 002779 | 中坚科技 | 36.8  |  133.2  | 10.0 |   5.4   |   0.2   |
|  专用设备  | 601608 | 中信重工 | 181.0 |  57.9   | 10.0 |   2.5   |  14.6   |
|  专业服务  | 002878 | 元隆雅图 | 47.4  |  12.8   | 10.0 |  15.8   |  18.3   |
+------------+--------+----------+-------+---------+------+---------+---------+
