[行业>三日涨幅]
+------------+--------+------------+--------+---------+------+---------+---------+
|    行业    |  代码  |    名称    |  市值  |   pe    | 涨幅 | 3日涨幅 | 6日涨幅 |
+------------+--------+------------+--------+---------+------+---------+---------+
|  食品饮料  | 300791 |  仙乐健康  |  59.4  |  101.5  | 5.6  |  14.5   |  25.3   |
|  食品饮料  | 603697 |  有友食品  |  42.5  |  49.6   | 4.5  |   8.6   |  13.0   |
|  食品饮料  | 000639 |  西王食品  |  49.3  |  -60.1  | 3.4  |   4.6   |   7.0   |
|  食品饮料  | 603020 |  爱普股份  |  41.9  |  22.2   | 3.4  |   3.8   |   9.1   |
|  食品饮料  | 605077 |  华康股份  |  52.1  |  25.9   | 3.5  |   2.1   |  12.2   |
|  食品饮料  | 002840 |  华统股份  |  86.8  |  -24.7  | 4.1  |  -0.9   |  -2.3   |
|  食品饮料  | 600866 |  星湖科技  |  46.3  |  50.6   | 5.6  |  -4.4   |  -7.2   |
| 非金属材料 | 603612 |  索通发展  | 178.2  |  28.2   | 5.2  |   5.4   |   5.0   |
| 非金属材料 | 688281 |  华秦科技  | 254.4  |  107.3  | 3.6  |   5.3   |  -7.9   |
| 非金属材料 | 603260 |  合盛硅业  | 1311.0 |  16.0   | 3.5  |   0.7   |   5.0   |
|  钢铁行业  | 002978 |  安宁股份  | 163.0  |  11.5   | 5.2  |   8.2   |  15.7   |
|  钢铁行业  | 600010 |  包钢股份  | 1135.0 |  85.7   | 6.0  |  -0.0   |   2.4   |
|  酿酒行业  | 002568 |  百润股份  | 330.8  |  90.1   | 4.9  |   9.6   |  15.7   |
|  造纸印刷  | 600433 |  冠豪高新  |  72.5  |  47.4   | 4.5  |   1.8   |   9.5   |
|  通用设备  | 603315 |  福鞍股份  |  84.8  |  184.4  | 4.0  |   5.3   |  11.5   |
|  通用设备  | 000816 |  智慧农业  |  66.3  |  243.4  | 4.5  |   3.8   |  -5.7   |
|  通用设备  | 301279 |  金道科技  |  26.6  |  45.5   | 5.2  |   0.6   |   4.0   |
|  通用设备  | 002747 |   埃斯顿   | 221.3  |  92.1   | 3.9  |   0.5   |  26.2   |
|  通用设备  | 300091 |   金通灵   |  63.3  |  663.9  | 4.2  |  -0.9   |  -0.2   |
|  通用设备  | 002164 |  宁波东力  |  31.3  |  20.4   | 3.3  |  -2.2   |   1.2   |
|  通用设备  | 300278 |   华昌达   |  70.8  |  99.6   | 3.8  |  -4.6   |  -2.4   |
|  通信设备  | 002313 |  *ST日海   |  23.4  |  -12.0  | 5.0  |   7.2   |  11.0   |
|  通信设备  | 688668 |  鼎通科技  |  62.5  |  48.5   | 4.4  |   4.1   |   0.7   |
|  通信设备  | 300548 |  博创科技  |  48.3  |  33.6   | 3.7  |   1.6   |   4.4   |
|  通信设备  | 600435 |  北方导航  | 133.6  |  94.5   | 4.1  |   0.8   |   3.7   |
|  通信设备  | 002897 |  意华股份  |  78.1  |  43.5   | 3.8  |  -6.7   |  -6.0   |
|  通信服务  | 300560 |   中富通   |  35.4  |  60.1   | 3.9  |   6.9   |  10.5   |
|  通信服务  | 000889 |   ST中嘉   |  17.3  |  -48.1  | 5.1  |   5.1   |   6.3   |
|  通信服务  | 002908 |  德生科技  |  36.8  |  92.1   | 3.3  |   2.4   |   3.6   |
|  通信服务  | 300025 |  华星创业  |  22.0  | -325.4  | 3.6  |  -0.8   |   9.6   |
|  软件开发  | 300996 |  普联软件  |  43.8  |  -93.2  | 5.1  |   9.8   |  16.6   |
|  软件开发  | 600654 |  *ST中安   |  28.4  |  -8.0   | 5.2  |   4.7   |   2.3   |
|  软件开发  | 300598 |  诚迈科技  |  69.5  |  -37.8  | 5.1  |   3.7   |   7.4   |
|  软件开发  | 688369 |  致远互联  |  36.2  |  -32.5  | 3.9  |   1.4   |   2.9   |
|  贸易行业  | 600647 |  同达创业  |  25.7  |  100.5  | 5.7  |   5.2   |  16.0   |
|  贸易行业  | 002505 |  鹏都农牧  | 226.9  |  167.6  | 5.0  |   1.7   |   0.0   |
|  贸易行业  | 600710 |   苏美达   |  79.5  |   9.2   | 3.0  |   1.0   |   3.2   |
|  贸易行业  | 601028 |  玉龙股份  | 143.8  |  47.5   | 3.4  |  -1.2   |  -3.7   |
|  贸易行业  | 002091 |  江苏国泰  | 177.6  |  10.2   | 3.4  |  -3.7   |   1.0   |
|   贵金属   | 601069 |  西部黄金  |  90.2  |  -42.0  | 3.3  |   0.7   |   4.9   |
| 计算机设备 | 002177 |  *ST御银   |  18.0  |  -16.0  | 4.9  |   4.9   |   4.9   |
| 计算机设备 | 002180 |   纳思达   | 741.9  |  42.1   | 3.5  |   0.2   |   4.1   |
|  航天航空  | 688297 |  C无人机   | 370.0  |  68.8   | 3.1  |  69.4   |  69.4   |
|  航天航空  | 688685 |   迈信林   |  33.4  |  73.0   | 4.2  |   7.0   |  11.4   |
|  能源金属  | 002460 |  赣锋锂业  | 2260.0 |  16.0   | 5.6  |   4.7   |  14.0   |
|  综合行业  | 000632 |  三木集团  |  22.8  |  90.2   | 4.0  |  14.0   |  18.4   |
|  综合行业  | 000803 |  北清环能  |  56.8  |  35.2   | 4.1  |   2.3   |   0.6   |
|  综合行业  | 000833 |  粤桂股份  |  63.4  |  44.5   | 4.9  |   1.3   |   4.3   |
|  综合行业  | 000009 |  中国宝安  | 359.3  |  54.4   | 3.3  |  -0.4   |  -0.1   |
|  纺织服装  | 002485 |  *ST雪发   |  17.1  | -183.2  | 5.0  |   9.4   |  20.3   |
|  纺织服装  | 301066 |   万事利   |  28.0  |  247.1  | 4.3  |   7.7   |   9.5   |
|  纺织服装  | 600689 |  上海三毛  |  19.3  |  469.9  | 4.5  |   7.0   |  11.8   |
|  纺织服装  | 002154 |   报喜鸟   |  64.9  |   7.9   | 3.0  |   4.0   |  12.4   |
|  纺织服装  | 002563 |  森马服饰  | 164.9  |  19.7   | 3.4  |   3.9   |   5.2   |
|  纺织服装  | 300819 |  聚杰微纤  |  23.2  |  77.7   | 3.2  |   3.5   |   8.8   |
|  纺织服装  | 002656 |   ST摩登   |  23.4  |  -52.8  | 5.1  |   1.2   |  -1.8   |
|  纺织服装  | 002494 |  华斯股份  |  16.4  | -105.5  | 3.3  |   1.2   |   5.6   |
|  纺织服装  | 600220 |  江苏阳光  |  54.8  |  81.0   | 3.0  |  -2.2   |  -3.1   |
|  石油行业  | 002221 |  东华能源  | 159.8  |  37.4   | 4.1  |   3.3   |  12.3   |
|  电网设备  | 000806 |  *ST银河   |  25.5  |  -43.5  | 3.1  |  13.7   |  14.3   |
|  电网设备  | 300286 |   安科瑞   |  60.1  |  47.7   | 3.1  |   3.7   |  10.0   |
|  电网设备  | 002692 |   ST远程   |  26.4  |  41.2   | 3.1  |   2.5   |   0.6   |
|  电网设备  | 600517 |  国网英大  | 309.9  |  49.0   | 4.4  |   2.3   |   3.0   |
|  电网设备  | 000720 |  新能泰山  |  74.2  |  -56.9  | 4.9  |   0.2   |  -2.7   |
|  电网设备  | 600550 |  保变电气  | 103.3  |  204.5  | 3.3  |  -0.7   |  -0.2   |
|    电池    | 002733 |  雄韬股份  |  70.1  |  149.7  | 4.8  |  11.6   |  13.0   |
|    电池    | 600847 |  万里股份  |  28.4  |  -64.1  | 4.8  |   5.5   |  10.0   |
|    电池    | 002192 |  融捷股份  | 422.3  |  41.5   | 5.8  |   3.3   |   5.3   |
|    电池    | 300068 |  南都电源  | 137.4  |   7.2   | 3.6  |   1.7   |   5.9   |
|    电池    | 002580 |  圣阳股份  |  39.4  |  45.8   | 3.2  |   0.0   |   2.0   |
|    电机    | 300660 |  江苏雷利  |  98.4  |  35.5   | 4.3  |  16.4   |  19.9   |
| 电子化学品 | 002584 |  西陇科学  |  49.2  |  14.7   | 5.5  |   3.3   |   9.1   |
|  电力行业  | 600032 |  浙江新能  | 315.7  |  38.6   | 3.6  |   9.9   |  14.0   |
|  电力行业  | 600900 |  长江电力  | 5531.0 |  44.1   | 5.2  |   5.2   |   5.3   |
|  电力行业  | 600509 |  天富能源  |  61.7  |  -7.0   | 5.5  |   3.3   |   5.5   |
|  电力行业  | 600644 |  乐山电力  |  34.2  |  31.9   | 4.1  |   1.6   |   3.1   |
|  电力行业  | 600744 |  华银电力  |  91.4  |  -20.5  | 3.6  |   1.6   |   1.8   |
|  电力行业  | 000875 |  吉电股份  | 202.0  |  12.2   | 4.2  |   1.1   |   3.0   |
|  电力行业  | 000155 |  川能动力  | 342.3  |  39.1   | 4.7  |   0.9   |   4.0   |
|  电力行业  | 600578 |  京能电力  | 217.9  |  18.6   | 4.2  |   0.6   |   3.5   |
|  电力行业  | 000767 |  晋控电力  | 118.5  | 1022.1  | 3.2  |  -0.3   |  -3.0   |
|  生物制品  | 301207 |  华兰疫苗  | 248.6  | -7312.6 | 4.6  |  13.4   |  13.1   |
|  生物制品  | 688046 |  药康生物  | 127.1  |  104.8  | 5.8  |   9.2   |   4.3   |
|  生物制品  | 300683 |  海特生物  |  51.3  |  166.8  | 5.3  |   7.4   |   9.5   |
|  生物制品  | 688265 |  南模生物  |  51.5  |  92.5   | 3.2  |   3.0   |   0.7   |
|  生物制品  | 688331 |  荣昌生物  | 262.6  |  -22.9  | 3.2  |   0.5   |   4.8   |
|  珠宝首饰  | 002731 |  萃华珠宝  |  58.9  |  50.7   | 4.5  |  14.4   |  23.7   |
|  珠宝首饰  | 002740 |  ST爱迪尔  |  15.9  |  -12.5  | 4.5  |  -0.8   |  -1.4   |
|  玻璃玻纤  | 002201 |  正威新材  | 125.2  |  304.2  | 3.7  |   5.6   |   9.2   |
|  环保行业  | 603603 |  *ST博天   |  27.1  |  -7.8   | 5.0  |  15.7   |  26.8   |
|  环保行业  | 300262 |  巴安水务  |  21.4  |  -9.9   | 4.6  |   9.2   |   9.2   |
|  环保行业  | 603588 |  高能环境  | 154.8  |  22.7   | 4.9  |   7.8   |   9.3   |
|  环保行业  | 301288 |  清研环境  |  27.0  |  105.6  | 3.2  |   5.9   |   8.0   |
|  环保行业  | 300774 |   倍杰特   |  85.3  |  57.4   | 3.6  |   5.5   |   9.3   |
|  环保行业  | 603568 |  伟明环保  | 456.7  |  24.9   | 5.0  |   4.6   |  22.3   |
|  环保行业  | 300961 |  深水海纳  |  25.0  |  101.6  | 4.1  |   4.5   |   5.8   |
|  环保行业  | 301109 |  军信股份  |  73.4  |  19.7   | 4.5  |   3.4   |   4.6   |
|  环保行业  | 300187 |  永清环保  |  38.9  |  120.4  | 3.6  |   3.2   |   6.0   |
|  环保行业  | 300854 |  中兰环保  |  20.8  |  -60.3  | 5.4  |   2.7   |   4.1   |
|  环保行业  | 603200 |  上海洗霸  |  25.3  |  34.3   | 3.3  |   2.1   |   3.5   |
|  环保行业  | 301148 |  嘉戎技术  |  31.8  |  38.2   | 4.7  |   2.0   |   3.1   |
|  环保行业  | 002573 |  清新环境  |  84.1  |  18.1   | 3.1  |   2.0   |   2.7   |
|  环保行业  | 603126 |  中材节能  |  44.0  |  34.3   | 3.9  |   1.7   |   2.9   |
|  环保行业  | 300631 |  久吾高科  |  37.5  |  207.4  | 5.3  |  -0.1   |   5.1   |
|  环保行业  | 300815 |   玉禾田   |  59.8  |  11.6   | 3.5  |  -0.4   |   3.5   |
|  物流行业  | 600180 |   瑞茂通   |  85.6  |   7.8   | 5.4  |   4.6   |   6.9   |
|  物流行业  | 603117 |   ST万林   |  15.5  |  317.5  | 3.4  |   2.5   |   5.6   |
|  物流行业  | 603223 |  恒通股份  |  90.6  |  226.4  | 4.4  |   0.7   |   7.9   |
|    燃气    | 300332 |  天壕环境  | 104.2  |  19.7   | 5.5  |   1.8   |  10.3   |
|  煤炭行业  | 601001 |  晋控煤业  | 306.3  |   8.5   | 3.1  |   6.3   |  14.2   |
|  煤炭行业  | 000571 |   ST大洲   |  17.8  |  12.7   | 3.3  |   0.0   |   0.0   |
|    游戏    | 300299 |  富春股份  |  45.1  |  92.4   | 4.8  |   3.8   |   6.3   |
|  消费电子  | 688678 |   福立旺   |  46.3  |  30.3   | 5.3  |   3.9   |  12.9   |
|  消费电子  | 300686 |   智动力   |  32.3  |  75.8   | 4.5  |   2.1   |   6.6   |
|  消费电子  | 300684 |  中石科技  |  41.1  |  42.5   | 4.8  |   0.8   |   4.9   |
|  消费电子  | 300679 |  电连技术  | 194.5  |  55.2   | 4.5  |  -5.5   |   6.2   |
| 汽车零部件 | 000981 |  *ST银亿   | 161.0  |   8.5   | 3.2  |   1.9   |  -4.7   |
| 汽车零部件 | 600699 |  均胜电子  | 226.8  |  -35.9  | 5.5  |   1.8   |  13.2   |
| 汽车零部件 | 002516 |  旷达科技  |  78.4  |  37.5   | 4.1  |   1.1   |   2.9   |
| 汽车零部件 | 000338 |  潍柴动力  | 1122.0 |  26.7   | 3.1  |  -0.4   |   2.0   |
| 汽车零部件 | 601689 |  拓普集团  | 780.8  |  50.6   | 3.5  |  -0.6   |  -0.2   |
| 汽车零部件 | 601717 |   郑煤机   | 268.0  |   9.8   | 4.5  |  -1.3   |  15.2   |
| 汽车零部件 | 300391 |  康跃科技  |  40.2  |  68.6   | 3.3  |  -2.8   |  -0.2   |
| 汽车零部件 | 605128 |  上海沿浦  |  30.9  |  66.1   | 3.6  |  -3.4   |  -4.7   |
| 汽车零部件 | 300928 |  华安鑫创  |  46.6  |  212.5  | 3.3  |  -3.5   |   4.3   |
| 汽车零部件 | 300428 |  立中集团  | 215.8  |  40.2   | 5.8  |  -4.9   |  -5.5   |
| 汽车零部件 | 002239 |   奥特佳   | 104.1  |  -40.2  | 5.2  |  -5.0   |  -3.3   |
| 汽车零部件 | 605133 |  嵘泰股份  |  39.2  |  28.8   | 5.6  |  -5.2   |  -6.9   |
| 汽车零部件 | 603013 |  亚普股份  |  74.1  |  14.4   | 3.2  |  -5.3   |  -2.1   |
| 汽车零部件 | 000030 |  富奥股份  | 102.5  |  107.4  | 3.3  |  -5.3   |  -2.2   |
| 汽车零部件 | 300926 |  博俊科技  |  34.4  |  48.9   | 3.7  |  -6.2   |   0.5   |
| 汽车零部件 | 603348 |  文灿股份  | 146.0  |  46.0   | 3.9  |  -6.9   |  -9.4   |
| 汽车零部件 | 002101 |  广东鸿图  | 125.7  |  42.9   | 4.2  |  -7.5   |  19.6   |
| 汽车零部件 | 605208 |   永茂泰   |  41.7  |  12.3   | 3.8  |  -8.2   |  -3.4   |
|  汽车整车  | 601127 |  小康股份  | 1149.0 |  -34.2  | 4.2  |  -3.7   |   9.3   |
|  汽车整车  | 601238 |  广汽集团  | 1649.0 |  13.7   | 3.4  |  -10.1  |  -9.9   |
|  汽车整车  | 000625 |  长安汽车  | 1800.0 |   9.9   | 4.7  |  -10.9  |   9.7   |
|  汽车整车  | 000868 |  安凯客车  |  49.9  |  -31.2  | 3.0  |  -16.4  |  11.1   |
|  水泥建材  | 002541 |  鸿路钢构  | 238.9  |  35.7   | 3.6  |   7.2   |   3.6   |
|  水泥建材  | 600678 |  四川金顶  |  22.6  |  66.8   | 3.0  |   1.4   |   1.7   |
|  橡胶制品  | 300587 |  天铁股份  | 134.6  |  29.1   | 4.1  |   6.8   |  26.7   |
|  橡胶制品  | 600182 |  S*ST佳通  |  47.6  |  295.7  | 5.0  |   2.8   |  10.6   |
|  橡胶制品  | 001207 |  联科科技  |  32.6  |  34.3   | 4.1  |   2.5   |   4.9   |
|  橡胶制品  | 300547 |  川环科技  |  36.9  |  43.8   | 4.7  |  -4.0   |   3.3   |
|  有色金属  | 600255 |  鑫科材料  |  48.0  |  86.7   | 6.0  |   0.8   |  -5.3   |
|  有色金属  | 600888 |  新疆众和  | 130.4  |   8.6   | 5.2  |   0.0   |   5.9   |
|  有色金属  | 600331 |  宏达股份  |  70.7  |  54.3   | 3.9  |  -0.8   |   2.4   |
|  文化传媒  | 002751 |  *ST易尚   |  11.1  |  -5.7   | 5.0  |   6.7   |   8.6   |
|  文化传媒  | 000038 |  *ST大通   |  21.0  |  18.0   | 5.0  |   6.6   |  10.7   |
|  文化传媒  | 601019 |  山东出版  | 139.6  |  16.4   | 3.1  |   0.0   |   2.3   |
| 房地产服务 | 000007 |   全新好   |  26.0  | -146.4  | 3.9  |   9.0   |   8.1   |
| 房地产开发 | 000797 |  中国武夷  |  52.0  |  123.9  | 3.8  |   5.1   |   2.8   |
| 房地产开发 | 000809 |   ST新城   |  22.6  |  -17.4  | 3.8  |   3.4   |  -3.5   |
| 房地产开发 | 600077 |  宋都股份  |  52.0  | -111.7  | 3.5  |   2.4   |  -2.5   |
| 房地产开发 | 600773 |  西藏城投  | 170.3  |  155.7  | 5.5  |   1.3   |   4.0   |
| 房地产开发 | 000537 |  广宇发展  | 249.4  |  46.0   | 3.1  |  -1.2   |  -0.8   |
|  工程机械  | 600761 |  安徽合力  |  93.0  |  12.0   | 5.6  |   7.5   |  20.9   |
|  工程机械  | 600031 |  三一重工  | 1685.0 |  26.5   | 4.1  |   6.5   |   8.7   |
|  工程机械  | 000157 |  中联重科  | 560.6  |  15.5   | 4.9  |   4.9   |   7.7   |
|  工程机械  | 001288 |  运机集团  |  25.8  |  30.6   | 3.4  |   4.6   |  10.4   |
|  工程机械  | 002097 |  山河智能  |  76.9  |  -39.2  | 4.1  |   3.1   |   7.1   |
|  工程机械  | 000528 |    柳工    | 131.2  |  12.9   | 3.1  |   1.5   |   3.5   |
|  工程机械  | 603298 |  杭叉集团  | 137.8  |  18.1   | 3.1  |  -0.2   |  10.7   |
|  工程建设  | 600769 |  祥龙电业  |  33.4  |  331.5  | 4.2  |  15.3   |  20.2   |
|  工程建设  | 603007 |   ST花王   |  13.5  |  -19.2  | 4.9  |  10.1   |  15.4   |
|   小金属   | 002738 |  中矿资源  | 445.3  |  14.4   | 5.4  |   7.3   |  18.8   |
|   小金属   | 600615 |  *ST丰华   |  14.8  | -102.6  | 4.9  |   4.9   |   8.6   |
|   小金属   | 000657 |  中钨高新  | 170.4  |  39.6   | 5.8  |   1.5   |   2.5   |
|   小金属   | 600549 |  厦门钨业  | 318.2  |  21.0   | 3.8  |   0.8   |   0.6   |
|  家电行业  | 603868 |  飞科电器  | 346.4  |  36.6   | 5.0  |   5.7   |  11.7   |
|  家电行业  | 000810 |  创维数字  | 190.3  |  22.9   | 4.0  |   5.1   |  -1.5   |
|  家电行业  | 002242 |  九阳股份  | 146.8  |  22.1   | 4.2  |   2.7   |   0.2   |
|  家电行业  | 000016 |  深康佳Ａ   | 152.2  |  36.6   | 4.5  |   0.3   |   0.3   |
|  家电行业  | 002759 |  天际股份  | 114.5  |   7.0   | 3.2  |  -0.8   |   5.6   |
|  家电行业  | 002011 |  盾安环境  | 116.3  |  34.9   | 3.2  |  -9.4   |  11.0   |
|  塑料制品  | 300596 |   利安隆   | 106.6  |  21.1   | 5.2  |   2.5   |   3.1   |
|  塑料制品  | 300586 |  美联新材  |  95.3  |  26.2   | 5.7  |   0.6   |  19.2   |
|  商业百货  | 600415 |  小商品城  | 317.9  |  11.8   | 4.0  |   5.1   |  11.1   |
|   半导体   | 300672 |   国科微   | 156.3  | -170.9  | 4.9  |   9.0   |  15.5   |
|   半导体   | 300782 |   卓胜微   | 751.3  |  40.9   | 4.3  |   7.2   |  10.5   |
|   半导体   | 300456 |  赛微电子  | 138.4  |  146.6  | 3.3  |   6.0   |  12.3   |
|   半导体   | 688123 |  聚辰股份  | 135.9  |  59.3   | 5.5  |   5.4   |   3.2   |
|   半导体   | 300671 |   富满微   | 163.9  |  73.8   | 4.5  |   4.3   |  15.8   |
|  医疗服务  | 688222 |  成都先导  |  67.8  | -239.0  | 6.0  |   3.5   |  13.9   |
|  医疗器械  | 688108 |  赛诺医疗  |  24.9  |  -21.2  | 5.0  |   4.1   |   4.8   |
|  医疗器械  | 300463 |  迈克生物  | 129.7  |  16.1   | 3.4  |   3.9   |   7.2   |
|  医疗器械  | 301122 |  采纳股份  |  71.4  |  45.4   | 4.0  |  -2.3   |  -0.9   |
|  医疗器械  | 688212 |  澳华内镜  |  64.3  |  471.8  | 3.0  |  -7.8   |  -9.0   |
|  化肥行业  | 002588 |   史丹利   |  81.8  |  13.7   | 3.2  |  10.3   |  11.9   |
|  化肥行业  | 002538 |   司尔特   |  98.8  |  16.0   | 3.7  |   8.2   |  12.3   |
|  化肥行业  | 600078 |  *ST澄星   |  77.8  |  28.8   | 5.0  |   8.2   |   7.0   |
|  化肥行业  | 600141 |  兴发集团  | 512.9  |   7.5   | 4.9  |   6.5   |  14.2   |
|  化肥行业  | 002895 |  川恒股份  | 177.8  |  42.7   | 5.2  |   4.4   |   6.8   |
|  化肥行业  | 002312 |  川发龙蟒  | 315.6  |  28.9   | 3.4  |   3.8   |  15.0   |
|  化肥行业  | 600096 |   云天化   | 604.0  |   9.2   | 4.5  |   3.4   |  11.0   |
|  化肥行业  | 002470 |   ST金正   |  72.6  |  -69.7  | 5.2  |   2.3   |  -0.5   |
|  化肥行业  | 002539 |  云图控股  | 169.5  |   9.1   | 4.9  |   1.1   |   7.4   |
|  化肥行业  | 600470 |  六国化工  |  39.9  |  15.0   | 3.4  |  -0.5   |   2.3   |
|  化纤行业  | 002427 |  *ST尤夫   |  38.9  |  -5.5   | 5.0  |   8.8   |   5.7   |
|  化纤行业  | 600527 |  江南高纤  |  39.7  |  62.0   | 3.6  |   4.6   |   4.6   |
|  化纤行业  | 600063 |  皖维高新  | 151.2  |   9.1   | 3.6  |   1.9   |   9.3   |
|  化纤行业  | 600889 |  南京化纤  |  18.2  |  -14.4  | 4.2  |   1.4   |   5.5   |
|  化纤行业  | 688722 |   同益中   |  39.5  |  32.3   | 5.0  |   0.0   |   2.2   |
|  化学原料  | 603077 |  和邦生物  | 390.3  |   9.4   | 3.8  |   5.7   |  13.3   |
|  化学原料  | 300927 |  江天化学  |  26.0  |  27.3   | 4.0  |   3.2   |   6.4   |
|  化学原料  | 603067 |  振华股份  |  66.6  |  16.7   | 4.5  |   2.6   |   7.5   |
|  化学原料  | 600618 |  氯碱化工  | 149.8  |   7.7   | 3.6  |   2.5   |   5.4   |
|  化学原料  | 600367 |  红星发展  |  67.6  |  20.2   | 5.1  |   0.5   |   3.5   |
|  化学原料  | 301238 |  瑞泰新材  | 286.0  |  24.9   | 3.6  |  -1.0   |  11.0   |
|  化学原料  | 300082 |  奥克股份  |  82.4  |  20.7   | 3.4  |  -1.5   |   1.4   |
|  化学制药  | 601089 |  福元医药  | 106.1  |  31.0   | 5.0  |  51.2   |  51.2   |
|  化学制药  | 600062 |  华润双鹤  | 282.6  |  21.3   | 5.6  |  16.8   |  18.0   |
|  化学制药  | 301089 |  拓新药业  | 163.6  |  143.8  | 3.3  |   9.9   |   8.1   |
|  化学制药  | 600276 |  恒瑞医药  | 2484.0 |  50.2   | 5.0  |   9.2   |  18.2   |
|  化学制药  | 600196 |  复星医药  | 1179.0 |  63.7   | 4.3  |   7.8   |   5.4   |
|  化学制药  | 600781 |  *ST辅仁   |  12.7  |  -1.8   | 5.2  |   5.2   |   5.2   |
|  化学制药  | 600216 |  浙江医药  | 139.0  |  13.3   | 5.5  |   4.7   |   7.1   |
|  化学制药  | 300702 |  天宇股份  | 103.9  |  30.6   | 5.1  |   4.3   |   4.2   |
|  化学制药  | 603222 |  济民医疗  |  54.2  |  19.2   | 3.3  |   3.6   |   3.3   |
|  化学制药  | 688513 |  苑东生物  |  61.3  |  28.5   | 3.1  |   2.5   |   5.8   |
|  化学制品  | 002165 |   红宝丽   |  35.5  |  -28.9  | 3.2  |  10.0   |  12.8   |
|  化学制品  | 688065 |  凯赛生物  | 485.8  |  69.6   | 4.3  |   9.0   |  13.3   |
|  化学制品  | 600230 |  沧州大化  |  74.8  |  19.1   | 5.4  |   7.4   |   8.8   |
|  化学制品  | 002497 |  雅化集团  | 391.1  |   9.6   | 3.9  |   4.6   |   8.2   |
|  化学制品  | 300072 |  三聚环保  | 124.8  |  -17.7  | 4.9  |   4.3   |  13.9   |
|  化学制品  | 002562 |  兄弟科技  |  71.4  |  17.3   | 3.7  |   2.9   |   2.3   |
|  化学制品  | 603977 |  国泰集团  |  52.3  |  38.5   | 3.1  |   1.1   |   6.6   |
|  化学制品  | 300437 |   清水源   |  64.7  |  21.2   | 3.1  |   0.5   |   9.1   |
|  化学制品  | 300343 |  联创股份  | 179.5  |  14.6   | 3.8  |  -0.1   |   3.8   |
|  化学制品  | 603217 |  元利科技  |  63.4  |  11.8   | 3.5  |  -1.3   |  -4.0   |
|  化学制品  | 603867 |  新化股份  |  50.0  |  12.5   | 3.9  |  -1.3   |   5.8   |
|  农药兽药  | 000525 |  ST红太阳  |  85.4  |   7.0   | 4.0  |   8.5   |  17.2   |
|  农药兽药  | 603599 |  广信股份  | 189.5  |   8.3   | 3.5  |   5.1   |   3.7   |
|  农药兽药  | 600389 |  江山股份  | 193.2  |   7.5   | 4.2  |   4.8   |   2.8   |
|  农药兽药  | 000553 |  安道麦A   | 294.5  |  17.2   | 4.4  |   1.4   |   3.9   |
|  农药兽药  | 603585 |  苏利股份  |  36.1  |   9.2   | 3.2  |  -0.7   |   1.3   |
|  农牧饲渔  | 002069 |  ST獐子岛  |  26.4  |  -35.9  | 5.1  |   9.8   |   9.4   |
|  农牧饲渔  | 600265 |  *ST景谷   |  18.1  | -167.7  | 4.6  |   5.9   |  16.9   |
|  农牧饲渔  | 300138 |  晨光生物  |  85.6  |  20.0   | 3.1  |   1.4   |   2.0   |
|  农牧饲渔  | 300972 |  万辰生物  |  20.6  |  21.2   | 3.9  |   1.2   |   3.4   |
|  农牧饲渔  | 600965 |  福成股份  |  61.0  |  28.6   | 3.5  |   0.7   |  -3.4   |
|  农牧饲渔  | 002982 |  湘佳股份  |  43.2  |  92.4   | 3.1  |   0.1   |   1.1   |
|  农牧饲渔  | 300761 |  立华股份  | 169.7  |  -23.9  | 5.7  |  -0.6   |   0.7   |
|  农牧饲渔  | 002567 |   唐人神   | 107.7  |  -18.1  | 4.9  |  -1.3   |  -8.1   |
|  农牧饲渔  | 002234 |  民和股份  |  57.9  |  -7.9   | 4.0  |  -1.6   |  -1.4   |
|  农牧饲渔  | 001201 |  东瑞股份  |  85.1  |  -66.0  | 3.6  |  -2.7   |  -3.9   |
|  农牧饲渔  | 603363 |  傲农生物  | 156.0  |  -11.1  | 3.8  |  -3.0   |  -10.6  |
|  公用事业  | 003039 |  顺控发展  | 154.4  |  78.0   | 3.6  |   6.4   |  12.8   |
|  公用事业  | 600168 |  武汉控股  |  47.3  |  31.1   | 3.4  |   5.4   |   6.9   |
|  公用事业  | 601368 |  绿城水务  |  54.8  |  17.4   | 4.0  |   4.9   |   4.7   |
|  公用事业  | 000605 |  渤海股份  |  23.1  |  60.0   | 4.6  |   2.8   |   3.5   |
|  公用事业  | 600874 |  创业环保  |  99.5  |  12.7   | 3.6  |   2.5   |   1.9   |
|  公用事业  | 002893 |  华通热力  |  17.1  |   3.0   | 4.7  |   0.6   |   0.4   |
| 光学光电子 | 002962 |  五方光电  |  32.8  |  43.1   | 3.7  |   0.5   |   2.0   |
|  光伏设备  | 603185 |  上机数控  | 632.4  |  24.1   | 4.8  |  19.5   |  22.9   |
|  光伏设备  | 688348 |  昱能科技  | 410.7  |  334.2  | 5.2  |  15.6   |  11.6   |
|  光伏设备  | 301168 |  通灵股份  |  56.3  |  93.0   | 4.1  |   1.3   |  22.9   |
|  光伏设备  | 600732 |  爱旭股份  | 694.4  |  76.4   | 3.3  |  -2.4   |   4.8   |
|  仪器仪表  | 300306 |  远方信息  |  32.1  |  65.5   | 5.7  |   5.3   |   8.2   |
|  仪器仪表  | 300354 |  东华测试  |  46.6  |  244.7  | 4.7  |   4.2   |  11.6   |
|  仪器仪表  | 688337 | 普源精电-U |  72.9  |  425.9  | 3.5  |  -1.5   |  -2.2   |
|  仪器仪表  | 688622 |  禾信仪器  |  24.7  |  -50.1  | 3.2  |  -2.9   |  16.8   |
| 互联网服务 | 000938 |  紫光股份  | 576.0  |  38.7   | 3.8  |   4.7   |   6.3   |
| 互联网服务 | 600536 |  中国软件  | 276.0  |  -67.3  | 3.0  |   4.0   |   5.0   |
| 互联网服务 | 002316 |  *ST亚联   |  9.3   |  -11.2  | 4.4  |   3.5   |   4.9   |
| 互联网服务 | 300044 |  赛为智能  |  27.8  |  160.2  | 4.3  |   2.3   |  10.4   |
| 互联网服务 | 688258 |  卓易信息  |  31.2  |  48.5   | 4.4  |   2.2   |   8.3   |
| 互联网服务 | 603636 |  南威软件  |  75.7  |  -71.6  | 5.4  |   0.1   |  -6.5   |
| 互联网服务 | 300532 |  今天国际  |  40.7  |  22.8   | 3.2  |  -1.1   |  -3.1   |
|    中药    | 002390 |  信邦制药  | 146.4  |  49.8   | 4.5  |   8.9   |   7.3   |
|    中药    | 002826 |  易明医药  |  19.5  |  57.3   | 5.0  |   4.0   |   8.6   |
|  专用设备  | 002689 |  远大智能  |  54.1  |  -23.6  | 3.2  |  25.1   |  54.9   |
|  专用设备  | 603666 |   亿嘉和   | 150.9  |  102.7  | 5.8  |  15.2   |  30.3   |
|  专用设备  | 002960 |  青鸟消防  | 139.9  |  52.5   | 4.3  |   7.3   |   1.3   |
|  专用设备  | 002006 |  精功科技  | 142.9  |  141.6  | 5.6  |   6.0   |   9.4   |
|  专用设备  | 002535 |   ST林重   |  14.2  |  259.9  | 4.7  |   4.7   |   7.3   |
|  专用设备  | 002796 |  世嘉科技  |  20.6  |  -31.7  | 5.2  |   3.7   |   8.8   |
|  专用设备  | 300818 |  耐普矿机  |  29.4  |  12.3   | 3.5  |   2.2   |   3.3   |
|  专用设备  | 300509 |   新美星   |  18.7  |  36.8   | 3.5  |   1.6   |   5.2   |
|  专用设备  | 688633 |  星球石墨  |  35.8  |  23.4   | 5.9  |   1.2   |   3.7   |
|  专用设备  | 300833 |  浩洋股份  |  76.1  |  31.1   | 3.6  |   0.8   |   0.7   |
|  专用设备  | 600320 |  振华重工  | 182.8  |  298.9  | 3.3  |  -0.6   |   0.3   |
|  专用设备  | 002073 |  软控股份  |  70.6  |  165.2  | 4.5  |  -2.1   |  12.5   |
|  专用设备  | 300411 |  金盾股份  |  33.4  |  29.8   | 3.5  |  -2.1   |  -0.1   |
|  专用设备  | 603159 |  上海亚虹  |  19.9  |  68.1   | 3.0  |  -3.2   |  -3.3   |
|  专用设备  | 688121 |  卓然股份  |  51.5  |  -22.0  | 4.4  |  -3.3   |  -1.2   |
|  专用设备  | 300415 |   伊之密   |  89.0  |  20.1   | 4.1  |  -6.4   |  -7.9   |
|     —      | 833509 |  同惠电子  |  15.9  |  51.9   | 4.9  |   4.6   |   8.8   |
|     —      | 873223 |  荣亿精密  |  6.3   |  27.3   | 4.0  |  -4.2   |  11.3   |
+------------+--------+------------+--------+---------+------+---------+---------+
