[行业>市值]
+----------+--------+----------+-------+--------+------+---------+---------+
|   行业   |  代码  |   名称   | 市值  |   pe   | 涨幅 | 3日涨幅 | 6日涨幅 |
+----------+--------+----------+-------+--------+------+---------+---------+
| 包装材料 | 002191 | 劲嘉股份 | 139.3 |  11.4  | 2.9  |  -0.8   |  -4.6   |
| 包装材料 | 002701 |  奥瑞金  | 130.5 |  15.8  | -1.0 |  -1.2   |  -2.3   |
| 包装材料 | 600210 | 紫江企业 | 89.3  |  18.4  | -2.3 |  -9.8   |  -10.3  |
| 包装材料 | 601968 | 宝钢包装 | 88.4  |  34.4  | -1.0 |  -4.1   |   1.2   |
| 包装材料 | 601515 | 东风股份 | 82.6  |  17.0  | -0.9 |  -2.8   |  -3.7   |
| 包装材料 | 002735 | 王子新材 | 55.4  |  34.0  | -0.0 |   0.9   |  23.3   |
| 包装材料 | 002303 |  美盈森  | 49.9  |  30.3  | -1.5 |  -1.8   |  -4.4   |
| 包装材料 | 002565 | 顺灏股份 | 48.3  | -418.1 | -3.4 |  -4.2   |  -8.1   |
| 包装材料 | 301062 | 上海艾录 | 47.3  |  37.2  | -5.2 |  -3.7   |  -4.8   |
| 包装材料 | 002752 | 昇兴股份 | 47.3  |  25.1  | 1.5  |   3.0   |  -0.2   |
| 包装材料 | 000659 | 珠海中富 | 45.0  | -57.8  | -0.8 |   2.9   |   2.9   |
| 包装材料 | 600836 | 上海易连 | 44.8  | 514.5  | -4.3 |  -6.6   |  -1.3   |
| 包装材料 | 000812 | 陕西金叶 | 42.6  | 163.8  | 0.5  |  -1.8   |  -5.9   |
| 包装材料 | 002228 | 合兴包装 | 42.2  |  20.2  | -1.4 |  -0.9   |  -0.9   |
| 包装材料 | 603687 |  大胜达  | 41.8  |  42.8  | -0.4 |  -2.1   |   0.8   |
| 包装材料 | 002014 | 永新股份 | 40.2  |  15.4  | -0.6 |  -1.5   |  -2.1   |
| 包装材料 | 002969 | 嘉美包装 | 37.7  | 160.8  | -2.2 |  -3.0   |  -5.5   |
| 包装材料 | 002951 | 金时科技 | 36.0  | 938.7  | -3.7 |  -2.6   |  -3.6   |
| 包装材料 | 300501 | 海顺新材 | 27.9  |  27.3  | -6.4 |  -4.7   |  -3.9   |
| 包装材料 | 002799 | 环球印务 | 26.5  |  24.1  | -2.8 |  -4.8   |  -8.3   |
| 包装材料 | 002599 | 盛通股份 | 25.2  | -25.4  | -2.3 |  -5.4   |  -5.8   |
| 包装材料 | 002846 | 英联股份 | 19.9  | -93.5  | -2.2 |  -1.4   |  -2.8   |
| 包装材料 | 002787 | 华源控股 | 18.4  | 143.7  | -1.2 |   0.3   |   0.5   |
| 包装材料 | 603022 |  新通联  | 17.6  |  55.1  | -2.5 |  -0.8   |  -4.7   |
| 包装材料 | 003003 | 天元股份 | 15.7  | 1345.5 | -0.2 |  -0.3   |  -3.0   |
+----------+--------+----------+-------+--------+------+---------+---------+
 




 [行业>单日涨幅]
+----------+--------+----------+-------+--------+------+---------+---------+
|   行业   |  代码  |   名称   | 市值  |   pe   | 涨幅 | 3日涨幅 | 6日涨幅 |
+----------+--------+----------+-------+--------+------+---------+---------+
| 包装材料 | 002191 | 劲嘉股份 | 139.3 |  11.4  | 2.9  |  -0.8   |  -4.6   |
| 包装材料 | 002752 | 昇兴股份 | 47.3  |  25.1  | 1.5  |   3.0   |  -0.2   |
| 包装材料 | 000812 | 陕西金叶 | 42.6  | 163.8  | 0.5  |  -1.8   |  -5.9   |
| 包装材料 | 002735 | 王子新材 | 55.4  |  34.0  | -0.0 |   0.9   |  23.3   |
| 包装材料 | 003003 | 天元股份 | 15.7  | 1345.5 | -0.2 |  -0.3   |  -3.0   |
| 包装材料 | 603687 |  大胜达  | 41.8  |  42.8  | -0.4 |  -2.1   |   0.8   |
| 包装材料 | 002014 | 永新股份 | 40.2  |  15.4  | -0.6 |  -1.5   |  -2.1   |
| 包装材料 | 000659 | 珠海中富 | 45.0  | -57.8  | -0.8 |   2.9   |   2.9   |
| 包装材料 | 601515 | 东风股份 | 82.6  |  17.0  | -0.9 |  -2.8   |  -3.7   |
| 包装材料 | 002701 |  奥瑞金  | 130.5 |  15.8  | -1.0 |  -1.2   |  -2.3   |
| 包装材料 | 601968 | 宝钢包装 | 88.4  |  34.4  | -1.0 |  -4.1   |   1.2   |
| 包装材料 | 002787 | 华源控股 | 18.4  | 143.7  | -1.2 |   0.3   |   0.5   |
| 包装材料 | 002228 | 合兴包装 | 42.2  |  20.2  | -1.4 |  -0.9   |  -0.9   |
| 包装材料 | 002303 |  美盈森  | 49.9  |  30.3  | -1.5 |  -1.8   |  -4.4   |
| 包装材料 | 002846 | 英联股份 | 19.9  | -93.5  | -2.2 |  -1.4   |  -2.8   |
| 包装材料 | 002969 | 嘉美包装 | 37.7  | 160.8  | -2.2 |  -3.0   |  -5.5   |
| 包装材料 | 002599 | 盛通股份 | 25.2  | -25.4  | -2.3 |  -5.4   |  -5.8   |
| 包装材料 | 600210 | 紫江企业 | 89.3  |  18.4  | -2.3 |  -9.8   |  -10.3  |
| 包装材料 | 603022 |  新通联  | 17.6  |  55.1  | -2.5 |  -0.8   |  -4.7   |
| 包装材料 | 002799 | 环球印务 | 26.5  |  24.1  | -2.8 |  -4.8   |  -8.3   |
| 包装材料 | 002565 | 顺灏股份 | 48.3  | -418.1 | -3.4 |  -4.2   |  -8.1   |
| 包装材料 | 002951 | 金时科技 | 36.0  | 938.7  | -3.7 |  -2.6   |  -3.6   |
| 包装材料 | 600836 | 上海易连 | 44.8  | 514.5  | -4.3 |  -6.6   |  -1.3   |
| 包装材料 | 301062 | 上海艾录 | 47.3  |  37.2  | -5.2 |  -3.7   |  -4.8   |
| 包装材料 | 300501 | 海顺新材 | 27.9  |  27.3  | -6.4 |  -4.7   |  -3.9   |
+----------+--------+----------+-------+--------+------+---------+---------+
