[行业>市值]
+------+--------+----------+-------+-------+------+---------+---------+
| 行业 |  代码  |   名称   | 市值  |  pe   | 涨幅 | 3日涨幅 | 6日涨幅 |
+------+--------+----------+-------+-------+------+---------+---------+
| 电机 | 002176 | 江特电机 | 406.4 | 15.3  | 0.5  |   3.6   |  11.9   |
| 电机 | 603489 | 八方股份 | 236.9 | 33.0  | -0.2 |   1.1   |   3.5   |
| 电机 | 600580 | 卧龙电驱 | 172.0 | 21.7  | 7.7  |   2.8   |   3.3   |
| 电机 | 002249 | 大洋电机 | 137.4 | 23.4  | 3.0  |   0.9   |   1.6   |
| 电机 | 003021 | 兆威机电 | 68.7  | 75.7  | 6.0  |   2.1   |   8.0   |
| 电机 | 002801 | 微光股份 | 62.7  | 20.3  | 4.0  |   3.4   |   8.2   |
| 电机 | 603728 | 鸣志电器 | 62.0  | 39.6  | 0.8  |  -6.4   |   1.7   |
| 电机 | 000922 | 佳电股份 | 51.7  | 17.1  | 2.4  |  -1.8   |  -3.8   |
| 电机 | 300660 | 江苏雷利 | 51.0  | 18.4  | 3.4  |  -0.2   |   3.9   |
| 电机 | 002196 | 方正电机 | 46.0  | 193.0 | 7.3  |   3.1   |   1.5   |
| 电机 | 002892 |  科力尔  | 36.1  | 56.6  | 0.0  |  -1.5   |   1.8   |
| 电机 | 603819 | XD神力股 | 33.7  | 29.4  | 10.0 |   6.3   |  17.0   |
| 电机 | 002823 | 凯中精密 | 26.1  | 32.5  | 0.3  |  -3.3   |  -0.7   |
| 电机 | 603988 | 中电电机 | 25.3  | 47.0  | 5.9  |   1.8   |  -4.6   |
| 电机 | 301226 | 祥明智能 | 23.3  | 38.6  | 8.3  |   2.9   |   9.0   |
| 电机 | 301023 | 江南奕帆 | 22.0  | 27.0  | 1.7  |  -3.6   |  -3.5   |
| 电机 | 002576 | 通达动力 | 19.5  | 48.3  | 4.7  |   0.1   |   0.4   |
| 电机 | 300907 | 康平科技 | 18.6  | 90.3  | 1.6  |  -3.8   |  -4.3   |
| 电机 | 688395 | 正弦电气 | 17.0  | 29.7  | 1.4  |  -3.8   |   3.8   |
| 电机 | 300626 | 华瑞股份 | 15.8  | 61.4  | 2.2  |  -0.5   |   1.0   |
| 电机 | 603320 | 迪贝电气 | 15.0  | 30.9  | 1.5  |  -1.7   |  -1.8   |
+------+--------+----------+-------+-------+------+---------+---------+
 




 [行业>单日涨幅]
+------+--------+----------+-------+-------+------+---------+---------+
| 行业 |  代码  |   名称   | 市值  |  pe   | 涨幅 | 3日涨幅 | 6日涨幅 |
+------+--------+----------+-------+-------+------+---------+---------+
| 电机 | 603819 | XD神力股 | 33.7  | 29.4  | 10.0 |   6.3   |  17.0   |
| 电机 | 301226 | 祥明智能 | 23.3  | 38.6  | 8.3  |   2.9   |   9.0   |
| 电机 | 600580 | 卧龙电驱 | 172.0 | 21.7  | 7.7  |   2.8   |   3.3   |
| 电机 | 002196 | 方正电机 | 46.0  | 193.0 | 7.3  |   3.1   |   1.5   |
| 电机 | 003021 | 兆威机电 | 68.7  | 75.7  | 6.0  |   2.1   |   8.0   |
| 电机 | 603988 | 中电电机 | 25.3  | 47.0  | 5.9  |   1.8   |  -4.6   |
| 电机 | 002576 | 通达动力 | 19.5  | 48.3  | 4.7  |   0.1   |   0.4   |
| 电机 | 002801 | 微光股份 | 62.7  | 20.3  | 4.0  |   3.4   |   8.2   |
| 电机 | 300660 | 江苏雷利 | 51.0  | 18.4  | 3.4  |  -0.2   |   3.9   |
| 电机 | 002249 | 大洋电机 | 137.4 | 23.4  | 3.0  |   0.9   |   1.6   |
| 电机 | 000922 | 佳电股份 | 51.7  | 17.1  | 2.4  |  -1.8   |  -3.8   |
| 电机 | 300626 | 华瑞股份 | 15.8  | 61.4  | 2.2  |  -0.5   |   1.0   |
| 电机 | 301023 | 江南奕帆 | 22.0  | 27.0  | 1.7  |  -3.6   |  -3.5   |
| 电机 | 300907 | 康平科技 | 18.6  | 90.3  | 1.6  |  -3.8   |  -4.3   |
| 电机 | 603320 | 迪贝电气 | 15.0  | 30.9  | 1.5  |  -1.7   |  -1.8   |
| 电机 | 688395 | 正弦电气 | 17.0  | 29.7  | 1.4  |  -3.8   |   3.8   |
| 电机 | 603728 | 鸣志电器 | 62.0  | 39.6  | 0.8  |  -6.4   |   1.7   |
| 电机 | 002176 | 江特电机 | 406.4 | 15.3  | 0.5  |   3.6   |  11.9   |
| 电机 | 002823 | 凯中精密 | 26.1  | 32.5  | 0.3  |  -3.3   |  -0.7   |
| 电机 | 002892 |  科力尔  | 36.1  | 56.6  | 0.0  |  -1.5   |   1.8   |
| 电机 | 603489 | 八方股份 | 236.9 | 33.0  | -0.2 |   1.1   |   3.5   |
+------+--------+----------+-------+-------+------+---------+---------+
