[行业>市值]
+----------+--------+----------+--------+----------+-------+---------+---------+
|   行业   |  代码  |   名称   |  市值  |    pe    | 涨幅  | 3日涨幅 | 6日涨幅 |
+----------+--------+----------+--------+----------+-------+---------+---------+
| 美容护理 | 300896 |  爱美客  | 1274.0 |  113.7   |  2.4  |   3.6   |   1.4   |
| 美容护理 | 300957 |  贝泰妮  | 870.8  |  149.1   | -0.4  |   2.7   |   0.1   |
| 美容护理 | 688363 | 华熙生物 | 664.9  |   83.2   |  1.9  |   1.4   |   1.9   |
| 美容护理 | 603605 |  珀莱雅  | 443.2  |   70.0   | -2.2  |   1.8   |   1.0   |
| 美容护理 | 300888 | 稳健医疗 | 308.1  |   21.6   | -1.6  |  -0.7   |   0.2   |
| 美容护理 | 600315 | 上海家化 | 229.2  |   28.7   |  1.0  |  -2.1   |  -4.8   |
| 美容护理 | 002511 | 中顺洁柔 | 153.6  |   28.8   |  2.5  |   1.0   |  -3.9   |
| 美容护理 | 002243 | 力合科创 | 107.9  |   77.4   |  2.1  |  -1.8   |  -4.8   |
| 美容护理 | 603983 | 丸美股份 |  99.4  |   38.0   |  3.2  |   2.4   |  -0.8   |
| 美容护理 | 300856 | 科思股份 |  68.3  |   29.4   |  0.4  |   1.3   |  -2.8   |
| 美容护理 | 300740 | 水羊股份 |  60.5  |   36.4   | 20.0  |  19.9   |  13.7   |
| 美容护理 | 000523 | 广州浪奇 |  57.6  |  -112.0  |  2.0  |  -3.0   |  -3.8   |
| 美容护理 | 605009 | 豪悦护理 |  57.0  |   26.0   |  2.1  |  -0.5   |  -3.1   |
| 美容护理 | 000615 | 奥园美谷 |  53.4  |  -34.4   |  1.2  |   0.0   |  -2.0   |
| 美容护理 | 003006 | 百亚股份 |  48.3  |   21.8   |  3.3  |   1.1   |  -2.0   |
| 美容护理 | 300132 | 青松股份 |  36.2  |  -14.8   |  7.2  |   6.9   |   5.0   |
| 美容护理 | 301009 | 可靠股份 |  32.6  |  416.6   |  1.9  |   3.2   |   0.7   |
| 美容护理 | 603630 | 拉芳家化 |  31.5  |  -307.8  |  5.4  |   3.0   |   0.6   |
| 美容护理 | 002919 | 名臣健康 |  30.1  |  459.5   |  3.7  |   0.8   |  -4.1   |
| 美容护理 | 001206 | 依依股份 |  29.8  |   40.7   |  3.2  |  -0.7   |  -1.6   |
| 美容护理 | 600249 |  两面针  |  27.0  |  -22.8   |  3.6  |  -2.4   |  -3.4   |
| 美容护理 | 002094 | 青岛金王 |  26.6  |   50.4   |  2.9  |   2.7   |   4.6   |
| 美容护理 | 300955 | 嘉亨家化 |  23.8  |   35.6   |  4.9  |   4.1   |  -1.9   |
| 美容护理 | 300658 | 延江股份 |  21.5  |   80.2   |  8.3  |   2.4   |  -0.9   |
| 美容护理 | 300886 | 华业香料 |  20.6  |   74.2   | -10.8 |  -10.8  |  -10.8  |
| 美容护理 | 603059 |  倍加洁  |  19.0  | -12576.9 |  2.6  |   4.8   |   3.5   |
| 美容护理 | 603238 | 诺邦股份 |  18.7  |   61.6   |  4.2  |   1.3   |   0.5   |
| 美容护理 | 300849 | 锦盛新材 |  18.4  |  207.3   |  1.2  |   0.8   |   0.7   |
+----------+--------+----------+--------+----------+-------+---------+---------+
 




 [行业>单日涨幅]
+----------+--------+----------+--------+----------+-------+---------+---------+
|   行业   |  代码  |   名称   |  市值  |    pe    | 涨幅  | 3日涨幅 | 6日涨幅 |
+----------+--------+----------+--------+----------+-------+---------+---------+
| 美容护理 | 300740 | 水羊股份 |  60.5  |   36.4   | 20.0  |  19.9   |  13.7   |
| 美容护理 | 300658 | 延江股份 |  21.5  |   80.2   |  8.3  |   2.4   |  -0.9   |
| 美容护理 | 300132 | 青松股份 |  36.2  |  -14.8   |  7.2  |   6.9   |   5.0   |
| 美容护理 | 603630 | 拉芳家化 |  31.5  |  -307.8  |  5.4  |   3.0   |   0.6   |
| 美容护理 | 300955 | 嘉亨家化 |  23.8  |   35.6   |  4.9  |   4.1   |  -1.9   |
| 美容护理 | 603238 | 诺邦股份 |  18.7  |   61.6   |  4.2  |   1.3   |   0.5   |
| 美容护理 | 002919 | 名臣健康 |  30.1  |  459.5   |  3.7  |   0.8   |  -4.1   |
| 美容护理 | 600249 |  两面针  |  27.0  |  -22.8   |  3.6  |  -2.4   |  -3.4   |
| 美容护理 | 003006 | 百亚股份 |  48.3  |   21.8   |  3.3  |   1.1   |  -2.0   |
| 美容护理 | 001206 | 依依股份 |  29.8  |   40.7   |  3.2  |  -0.7   |  -1.6   |
| 美容护理 | 603983 | 丸美股份 |  99.4  |   38.0   |  3.2  |   2.4   |  -0.8   |
| 美容护理 | 002094 | 青岛金王 |  26.6  |   50.4   |  2.9  |   2.7   |   4.6   |
| 美容护理 | 603059 |  倍加洁  |  19.0  | -12576.9 |  2.6  |   4.8   |   3.5   |
| 美容护理 | 002511 | 中顺洁柔 | 153.6  |   28.8   |  2.5  |   1.0   |  -3.9   |
| 美容护理 | 300896 |  爱美客  | 1274.0 |  113.7   |  2.4  |   3.6   |   1.4   |
| 美容护理 | 605009 | 豪悦护理 |  57.0  |   26.0   |  2.1  |  -0.5   |  -3.1   |
| 美容护理 | 002243 | 力合科创 | 107.9  |   77.4   |  2.1  |  -1.8   |  -4.8   |
| 美容护理 | 000523 | 广州浪奇 |  57.6  |  -112.0  |  2.0  |  -3.0   |  -3.8   |
| 美容护理 | 301009 | 可靠股份 |  32.6  |  416.6   |  1.9  |   3.2   |   0.7   |
| 美容护理 | 688363 | 华熙生物 | 664.9  |   83.2   |  1.9  |   1.4   |   1.9   |
| 美容护理 | 000615 | 奥园美谷 |  53.4  |  -34.4   |  1.2  |   0.0   |  -2.0   |
| 美容护理 | 300849 | 锦盛新材 |  18.4  |  207.3   |  1.2  |   0.8   |   0.7   |
| 美容护理 | 600315 | 上海家化 | 229.2  |   28.7   |  1.0  |  -2.1   |  -4.8   |
| 美容护理 | 300856 | 科思股份 |  68.3  |   29.4   |  0.4  |   1.3   |  -2.8   |
| 美容护理 | 300957 |  贝泰妮  | 870.8  |  149.1   | -0.4  |   2.7   |   0.1   |
| 美容护理 | 300888 | 稳健医疗 | 308.1  |   21.6   | -1.6  |  -0.7   |   0.2   |
| 美容护理 | 603605 |  珀莱雅  | 443.2  |   70.0   | -2.2  |   1.8   |   1.0   |
| 美容护理 | 300886 | 华业香料 |  20.6  |   74.2   | -10.8 |  -10.8  |  -10.8  |
+----------+--------+----------+--------+----------+-------+---------+---------+
