[行业>三日涨幅]
+--------------+--------+-------------+--------+---------+------+---------+---------+
|     行业     |  代码  |    名称     |  市值  |   pe    | 涨幅 | 3日涨幅 | 6日涨幅 |
+--------------+--------+-------------+--------+---------+------+---------+---------+
|   食品饮料   | 600866 |  星湖科技   |  49.5  |  54.0   | -3.5 |   6.2   |   4.0   |
|   食品饮料   | 600381 |  青海春天   |  79.7  |  -84.6  | -4.4 |   1.4   |  -0.1   |
|   食品饮料   | 002847 |  盐津铺子   | 102.2  |  41.6   | -3.1 |   0.2   |   1.0   |
|   食品饮料   | 600873 |  梅花生物   | 320.4  |   6.9   | -4.3 |  -0.9   |  -2.2   |
|   食品饮料   | 002329 |  皇氏集团   |  47.0  |  15.4   | -3.3 |  -0.9   |   1.6   |
|   食品饮料   | 603866 |  桃李面包   | 205.6  |  32.5   | -3.6 |  -1.1   |   1.0   |
|   食品饮料   | 603517 |  绝味食品   | 295.6  |  83.0   | -3.6 |  -1.5   |   5.2   |
|   食品饮料   | 600191 |   *ST华资   |  24.7  |  -18.0  | -5.0 |  -2.7   |  11.6   |
|   食品饮料   | 301116 |  益客食品   |  92.8  |  -27.6  | -4.8 |  -5.1   |  -0.5   |
|   风电设备   | 300690 |  双一科技   |  30.1  |  68.6   | -3.4 |  10.7   |  10.4   |
|  非金属材料  | 300035 |  中科电气   | 208.7  |  40.5   | -3.7 |  11.4   |   8.3   |
|  非金属材料  | 603612 |  索通发展   | 146.6  |  23.2   | -5.5 |   9.7   |  10.8   |
|  非金属材料  | 301071 |  力量钻石   | 202.5  |  50.1   | -5.6 |   2.0   |   8.9   |
|  非金属材料  | 300409 |  道氏技术   | 148.1  |  21.6   | -3.9 |   1.8   |   4.3   |
|  非金属材料  | 688300 |  联瑞新材   |  63.5  |  37.2   | -4.7 |  -2.1   |  -6.4   |
|   铁路公路   | 603032 |  德新交运   | 143.5  |  69.2   | -3.9 |  -6.8   |  -7.4   |
|   铁路公路   | 600650 |  锦江在线   |  68.8  |   3.0   | -5.9 |  -7.3   |  -1.2   |
|   钢铁行业   | 600399 |  抚顺特钢   | 323.2  |  94.6   | -4.2 |   5.0   |   4.5   |
|   钢铁行业   | 002756 |  永兴材料   | 548.6  |  16.9   | -4.3 |  -1.2   |  -2.3   |
|   钢铁行业   | 002318 |  久立特材   | 152.1  |  19.6   | -3.9 |  -1.9   |  -5.8   |
|   钢铁行业   | 002443 |  金洲管道   |  47.0  |  24.3   | -3.5 |  -5.2   |   0.0   |
|   钢铁行业   | 601969 |  海南矿业   | 176.0  |  22.7   | -3.0 |  -5.8   |  -6.5   |
|   采掘行业   | 000762 |  西藏矿业   | 276.7  |  52.4   | -3.1 |   6.7   |   8.9   |
|   酿酒行业   | 600616 |  金枫酒业   |  49.7  |  359.6  | -3.8 |   0.9   |   9.9   |
|   酿酒行业   | 000596 |  古井贡酒   | 1210.0 |  27.5   | -3.2 |   0.7   |   2.7   |
|   通用设备   | 000816 |  智慧农业   |  69.2  |  253.9  | -4.5 |  15.6   |  19.0   |
|   通用设备   | 301063 |  海锅股份   |  24.0  |  70.5   | -3.3 |   8.9   |   4.8   |
|   通用设备   | 002480 |  新筑股份   |  45.4  |  -14.3  | -4.1 |   6.3   |  10.5   |
|   通用设备   | 002965 |  祥鑫科技   |  48.1  |  35.2   | -3.9 |   6.0   |   2.5   |
|   通用设备   | 002598 |  山东章鼓   |  30.1  |  37.3   | -5.0 |   2.8   |  -3.2   |
|   通用设备   | 300990 |  同飞股份   |  49.6  |  59.1   | -3.1 |   1.9   |   3.5   |
|   通用设备   | 603028 |   赛福天    |  25.7  |  69.3   | -3.2 |   1.1   |  -1.0   |
|   通用设备   | 605123 |  派克新材   | 131.9  |  30.7   | -5.3 |   1.1   |  -1.4   |
|   通用设备   | 002931 |  锋龙股份   |  21.6  |  32.6   | -3.9 |   0.7   |   9.9   |
|   通用设备   | 603088 |  宁波精达   |  32.7  |  28.6   | -5.6 |  -2.1   |   9.3   |
|   通信设备   | 300627 |  华测导航   | 169.1  |  63.4   | -4.8 |   7.6   |   3.1   |
|   通信设备   | 300394 |  天孚通信   | 108.8  |  32.8   | -4.0 |   1.6   |  -0.3   |
|   通信设备   | 002935 |  天奥电子   |  60.1  | -124.2  | -3.9 |   0.0   |  -1.0   |
|   通信设备   | 300710 |  万隆光电   |  27.4  | 2699.1  | -3.0 |  -1.4   |  -5.8   |
|   通信设备   | 002897 |  意华股份   |  77.5  |  43.1   | -3.8 |  -1.9   |  -2.1   |
|   通信设备   | 688311 |  盟升电子   |  68.7  | -138.2  | -3.1 |  -3.5   |  -3.8   |
|   通信设备   | 600776 |  东方通信   | 138.9  |  632.5  | -4.1 |  -4.2   |   7.4   |
|   通信设备   | 000070 |  特发信息   |  52.0  |  183.6  | -4.6 |  -4.3   |   5.8   |
|   通信设备   | 600734 |   ST实达    |  96.7  | -164.0  | -4.9 |  -4.5   |  -13.8  |
|   通信设备   | 002194 |  武汉凡谷   |  63.9  |  14.8   | -3.6 |  -5.2   |  -0.1   |
|   通信设备   | 301191 |  菲菱科思   |  42.9  |  16.0   | -3.9 |  -6.5   |  -1.2   |
|   通信服务   | 688682 |  DR霍莱沃   |  42.1  |  374.4  | -4.7 |  -4.5   |  -2.5   |
|   软件开发   | 301221 |  光庭信息   |  52.0  |  908.5  | -3.5 |   2.7   |   0.9   |
|   软件开发   | 301162 |  国能日新   |  41.7  |  196.7  | -4.5 |   1.0   |  14.2   |
|   软件开发   | 002261 |  拓维信息   |  80.0  |  49.4   | -3.6 |   0.5   |   0.3   |
|   软件开发   | 002268 |  卫 士 通   | 330.1  | -214.6  | -4.4 |  -0.5   |   2.2   |
|   软件开发   | 688296 |  和达科技   |  28.8  | -325.5  | -4.7 |  -1.1   |   1.8   |
|   软件开发   | 300454 |   深信服    | 428.5  |  -20.7  | -3.7 |  -1.3   |   1.5   |
|   软件开发   | 688318 |  财富趋势   |  87.9  |  49.0   | -5.0 |  -5.5   |   3.0   |
|   贸易行业   | 301099 |  雅创电子   |  58.2  |  44.6   | -3.2 |   5.5   |   9.1   |
|   贸易行业   | 000151 |  中成股份   |  50.9  |  901.7  | -5.2 |  -2.4   |  -13.2  |
|   贸易行业   | 600608 |   ST沪科    |  14.3  |  172.0  | -4.6 |  -5.0   |  -4.8   |
|   贸易行业   | 002091 |  江苏国泰   | 174.4  |  10.0   | -3.4 |  -5.5   |  -6.1   |
|   贸易行业   | 600301 |  南化股份   |  36.9  |  212.2  | -3.1 |  -5.8   |  -12.3  |
|   贸易行业   | 002640 |   *ST跨境   |  48.8  | -120.0  | -4.9 |  -6.6   |  -5.7   |
|    贵金属    | 000975 |  银泰黄金   | 287.4  |  26.2   | -4.0 |  -2.3   |  -2.6   |
|    贵金属    | 000506 |  中润资源   |  28.8  |   2.7   | -3.1 |  -2.8   |  -7.5   |
|    贵金属    | 601069 |  XD西部黄   |  84.7  |  -39.5  | -3.0 |  -4.1   |  -8.6   |
|  计算机设备  | 300367 |   网力退    |  3.5   |  -1.0   | -3.3 |  -3.3   |   3.6   |
|  计算机设备  | 688208 |  道通科技   | 151.6  |  59.9   | -4.2 |  -4.5   |  -7.1   |
|   装修建材   | 002323 |  雅博股份   |  75.3  |  412.1  | -3.0 |  -3.5   |  -6.6   |
|   装修建材   | 002785 |   万里石    |  46.6  |  212.1  | -4.4 |  -4.9   |  -5.5   |
|   船舶制造   | 300589 |  江龙船艇   |  40.8  |  233.3  | -3.4 |   1.5   |  -4.4   |
|   船舶制造   | 601890 |  亚星锚链   |  72.3  |  68.1   | -4.3 |  -3.3   |   3.1   |
|   航天航空   | 600765 |  中航重机   | 404.9  |  48.7   | -3.5 |   6.7   |   4.2   |
|   航天航空   | 688070 |  纵横股份   |  29.5  | -322.6  | -3.6 |   3.4   |  -1.6   |
|   航天航空   | 300581 |  晨曦航空   |  66.1  |  258.3  | -3.0 |   0.6   |  -2.4   |
|   航天航空   | 002985 |  北摩高科   | 185.2  |  30.0   | -3.7 |  -1.5   |  -8.1   |
|   航天航空   | 000738 |  航发控制   | 343.3  |  40.2   | -4.6 |  -1.9   |  -3.6   |
|   航天航空   | 600893 |  航发动力   | 1066.0 |  402.1  | -3.5 |  -2.5   |  -3.6   |
|   航天航空   | 000768 |  中航西飞   | 766.9  |  124.0  | -3.1 |  -2.8   |  -3.2   |
|   航天航空   | 688510 |  航亚科技   |  45.6  |  591.5  | -4.0 |  -3.3   |  -3.3   |
|   航天航空   | 688239 |  航宇科技   |  71.7  |  34.5   | -3.2 |  -3.6   |  -7.1   |
|   航天航空   | 603261 |  XD立航科   |  33.6  |  343.1  | -3.8 |  -4.1   |  -2.9   |
|   航天航空   | 600316 |  洪都航空   | 198.5  | 1083.8  | -4.5 |  -5.5   |  -9.6   |
|   航天航空   | 003009 |  中天火箭   |  70.4  |  45.8   | -3.8 |  -5.9   |  -0.0   |
|   能源金属   | 002460 |  赣锋锂业   | 1964.0 |  13.9   | -3.4 |   3.5   |  -0.3   |
|   能源金属   | 600711 |  盛屯矿业   | 222.6  |  14.8   | -3.4 |  -1.9   |  -3.2   |
|   能源金属   | 002240 |  盛新锂能   | 498.4  |  11.7   | -5.2 |  -3.2   |  -4.3   |
|   美容护理   | 300132 |  青松股份   |  35.2  |  -14.4  | -4.8 |   8.1   |  11.8   |
|   美容护理   | 603983 |  丸美股份   | 105.1  |  40.1   | -5.0 |   2.5   |  16.1   |
|   美容护理   | 300740 |  水羊股份   |  52.4  |  31.5   | -3.0 |   0.0   |   3.5   |
|   综合行业   | 000009 |  中国宝安   | 372.2  |  56.4   | -5.1 |   3.2   |   2.5   |
|   综合行业   | 600673 |   东阳光    | 261.9  |  22.8   | -4.1 |   1.1   |   1.3   |
|   纺织服装   | 600220 |  江苏阳光   |  56.5  |  83.6   | -3.6 |   1.3   |  -1.6   |
|   纺织服装   | 605189 |  富春染织   |  27.9  |  26.7   | -5.7 |   0.2   |   1.1   |
|   纺织服装   | 603908 |   牧高笛    |  66.1  |  45.0   | -3.1 |  -1.1   |   0.8   |
|   纺织服装   | 300577 |  开润股份   |  37.9  |  20.4   | -3.2 |  -2.4   |  -5.1   |
|   纺织服装   | 605180 |  华生科技   |  22.9  |  27.0   | -3.2 |  -3.2   |  -5.6   |
|   纺织服装   | 600146 |  退市环球   |  1.1   |  -2.0   | -4.2 |  -8.0   |  -8.0   |
|   石油行业   | 000819 |  岳阳兴长   |  41.0  |  87.0   | -4.7 |  -13.4  |  -9.6   |
|   电网设备   | 300208 |  青岛中程   |  90.9  |  -39.0  | -3.2 |   6.6   |  15.2   |
|   电网设备   | 600577 |  精达股份   | 109.4  |  26.8   | -4.4 |   3.6   |   0.9   |
|   电网设备   | 002358 |   ST森源    |  28.4  |  84.5   | -3.5 |   0.3   |  -0.3   |
|   电网设备   | 603897 |  长城科技   |  63.2  |  32.3   | -5.2 |  -0.1   |  -2.8   |
|   电网设备   | 688330 |   宏力达    |  92.7  |  20.6   | -3.7 |  -2.3   |  -3.1   |
|   电源设备   | 002227 |  奥 特 迅   |  34.7  | -100.4  | -4.2 |   5.7   |   1.4   |
|   电源设备   | 002335 |  科华数据   | 125.6  |  32.0   | -3.3 |   5.2   |   3.9   |
|   电源设备   | 300693 |  盛弘股份   |  56.6  |  61.6   | -3.6 |   4.8   |   7.6   |
|   电源设备   | 002518 |   科士达    | 163.6  |  75.3   | -5.1 |   3.1   |  13.5   |
|   电源设备   | 688551 |   科威尔    |  31.7  |  106.2  | -4.0 |   1.7   |  -0.9   |
|   电源设备   | 300820 |  英杰电气   |  95.8  |  44.4   | -3.2 |   0.7   |   0.1   |
|   电源设备   | 600202 |   哈空调    |  20.2  |  85.7   | -3.1 |  -4.5   |  -4.5   |
|   电源设备   | 002630 |  华西能源   |  37.3  |  -6.0   | -3.7 |  -8.4   |  -28.2  |
|     电池     | 688345 |   博力威    |  56.5  |  55.6   | -3.5 |  14.1   |   8.9   |
|     电池     | 300890 |   翔丰华    |  54.3  |  37.0   | -3.3 |  10.9   |   3.5   |
|     电池     | 002850 |   科达利    | 383.5  |  56.7   | -5.0 |  10.5   |   8.9   |
|     电池     | 601311 |  骆驼股份   | 124.7  |  22.2   | -3.2 |   6.9   |   8.8   |
|     电池     | 688339 |  亿华通-U   |  98.1  | -104.5  | -4.3 |   4.2   |   4.5   |
|     电池     | 300037 |   新宙邦    | 349.2  |  17.1   | -3.8 |   3.7   |   1.2   |
|     电池     | 688772 |  珠海冠宇   | 343.3  |  168.6  | -3.6 |   3.4   |   1.3   |
|     电池     | 300068 |  南都电源   | 122.6  |   6.4   | -3.7 |   2.8   |   2.8   |
|     电池     | 300568 |  星源材质   | 329.1  |  49.1   | -3.3 |   1.2   |   1.8   |
|     电池     | 688148 |  芳源股份   | 100.0  | -1100.8 | -3.9 |  -0.8   |  -2.2   |
|  电子化学品  | 688550 |  瑞联新材   |  66.8  |  20.9   | -3.9 |  -6.2   |  -11.0  |
|   电子元件   | 002388 |  新亚制程   |  27.7  |  116.8  | -4.2 |   7.5   |  12.7   |
|   电子元件   | 002141 |  贤丰控股   |  59.2  |  84.1   | -5.4 |   4.8   |   1.0   |
|   电子元件   | 688776 |  国光电气   | 133.2  |  80.0   | -3.5 |   4.4   |   1.0   |
|   电子元件   | 002869 |  金溢科技   |  27.6  |  -42.0  | -3.3 |   4.1   |   6.0   |
|   电子元件   | 002484 |  江海股份   | 188.9  |  40.2   | -3.6 |   2.0   |   0.0   |
|   电子元件   | 603267 |  鸿远电子   | 308.4  |  29.8   | -3.2 |   1.1   |   3.5   |
|   电子元件   | 688103 |  国力股份   |  45.2  |  93.7   | -4.3 |   0.1   |  -4.9   |
|   电子元件   | 300390 |  天华超净   | 457.0  |   7.5   | -5.8 |  -1.8   |   1.7   |
|   电子元件   | 600563 |  法拉电子   | 388.5  |  47.5   | -5.1 |  -1.9   |  -3.7   |
|   电子元件   | 002389 |  航天彩虹   | 176.8  |  127.3  | -3.4 |  -2.5   |  -0.8   |
|   电子元件   | 002922 |   伊戈尔    |  47.5  |  34.0   | -5.2 |  -4.9   |  -7.7   |
|   电子元件   | 002579 |  中京电子   |  46.7  |  197.4  | -4.2 |  -8.0   |  -10.2  |
|   电力行业   | 002015 |  协鑫能科   | 253.6  |  37.2   | -4.0 |   1.6   |  -1.6   |
|   电力行业   | 000155 |  川能动力   | 322.9  |  36.9   | -3.9 |  -1.1   |  -2.2   |
|   电力行业   | 001896 |  豫能控股   |  88.2  |  -4.8   | -5.7 |  -2.0   |   9.2   |
|   电力行业   | 600098 |  广州发展   | 238.5  |  22.9   | -3.3 |  -3.4   |  -5.5   |
|   生物制品   | 300683 |  海特生物   |  46.9  |  152.4  | -3.6 |   3.6   |   5.0   |
|   生物制品   | 002007 |  华兰生物   | 392.4  |  42.0   | -5.9 |   1.5   |  12.7   |
|   生物制品   | 000534 |  万泽股份   |  57.7  |  44.2   | -3.2 |  -4.3   |  -12.2  |
|   玻璃玻纤   | 300093 |  金刚玻璃   |  79.9  |  -63.6  | -3.7 |   2.8   |   1.4   |
|   环保行业   | 000035 |  中国天楹   | 135.3  |  79.3   | -3.6 |   2.9   |   3.7   |
|   环保行业   | 300203 |  聚光科技   | 103.7  |  -43.9  | -5.2 |   0.7   |  -1.3   |
|   环保行业   | 300864 |  南大环境   |  33.0  |  22.9   | -3.2 |   0.6   |  -2.5   |
|   环保行业   | 603324 |  盛剑环境   |  49.5  |  87.7   | -3.5 |  -0.1   |  -1.5   |
|   环保行业   | 300867 |  圣元环保   |  56.4  |  19.3   | -3.0 |  -1.1   |  -3.1   |
|   环保行业   | 002645 |  华宏科技   | 125.7  |  12.4   | -3.8 |  -2.3   |  -5.0   |
|   环保行业   | 300495 |   *ST美尚   |  15.7  |  -9.9   | -4.9 |  -11.4  |  -14.3  |
|   物流行业   | 002183 |  怡 亚 通   | 185.2  |  81.4   | -3.1 |  -0.4   |  -11.2  |
|   物流行业   | 605050 |   福然德    |  54.6  |  19.4   | -4.2 |  -1.2   |  -4.6   |
|   物流行业   | 603128 |  华贸物流   | 129.0  |  12.8   | -3.3 |  -1.5   |  -1.6   |
|   物流行业   | 601156 |  东航物流   | 318.3  |   5.8   | -3.3 |  -1.6   |  -8.4   |
|     燃气     | 600956 |  新天绿能   | 523.0  |  13.9   | -3.0 |   2.1   |   0.6   |
|     燃气     | 300332 |  天壕环境   |  91.0  |  17.2   | -4.0 |  -3.3   |  -1.8   |
|   煤炭行业   | 000723 |  美锦能源   | 524.0  |  19.4   | -3.4 |   0.6   |   1.1   |
|   消费电子   | 002681 |  奋达科技   |  69.3  |  80.5   | -5.9 |   8.3   |  11.8   |
|   消费电子   | 002881 |  美格智能   |  84.3  |  85.6   | -4.3 |   1.7   |   0.0   |
|   消费电子   | 002139 |  拓邦股份   | 140.5  |  37.3   | -4.1 |   1.2   |   0.1   |
|   消费电子   | 688007 |  光峰科技   | 107.8  |  150.9  | -4.1 |   1.1   |   7.0   |
|  汽车零部件  | 002126 |  银轮股份   |  85.1  |  30.3   | -5.2 |  14.7   |  16.6   |
|  汽车零部件  | 002283 |  天润工业   |  75.8  |  20.2   | -3.6 |   6.1   |   5.6   |
|  汽车零部件  | 300912 |  凯龙高科   |  19.3  |  55.0   | -3.9 |   4.5   |   6.1   |
|  汽车零部件  | 605333 |  沪光股份   |  94.8  |  336.1  | -4.5 |   4.4   |   7.6   |
|  汽车零部件  | 000981 |   *ST银亿   | 169.0  |   8.9   | -3.4 |   3.7   |   7.0   |
|  汽车零部件  | 688533 |  上声电子   |  97.3  |  194.2  | -3.7 |   3.5   |   7.2   |
|  汽车零部件  | 603286 |  日盈电子   |  14.4  |  108.3  | -3.9 |   2.8   |   4.1   |
|  汽车零部件  | 603917 |  合力科技   |  26.8  |  57.9   | -4.3 |   2.3   |  -0.9   |
|  汽车零部件  | 603997 |  继峰股份   | 134.6  |  -89.4  | -4.9 |   2.3   |  25.7   |
|  汽车零部件  | 600698 |  湖南天雁   |  55.6  | 3469.2  | -4.2 |   2.1   |  -0.4   |
|  汽车零部件  | 603178 |  圣龙股份   |  28.2  |  29.1   | -5.6 |   2.0   |   2.0   |
|  汽车零部件  | 688071 |  华依科技   |  27.8  | -190.4  | -5.8 |   1.9   |   2.8   |
|  汽车零部件  | 002085 |  万丰奥威   | 112.4  |  15.9   | -3.0 |   1.0   |   2.4   |
|  汽车零部件  | 603809 |  豪能股份   |  53.9  |  16.4   | -3.5 |   0.4   |   4.7   |
|  汽车零部件  | 300680 |  隆盛科技   |  55.3  |  47.6   | -4.1 |  -0.2   |   3.8   |
|  汽车零部件  | 300643 |  万通智控   |  38.3  |  28.9   | -5.1 |  -0.7   |   8.1   |
|  汽车零部件  | 300681 |   英搏尔    |  72.2  |  97.8   | -3.8 |  -0.7   |   0.1   |
|  汽车零部件  | 601279 |  英利汽车   |  97.3  |  330.3  | -3.3 |  -0.8   |  -4.1   |
|  汽车零部件  | 603305 |  旭升股份   | 177.1  |  36.9   | -3.5 |  -0.9   |   2.1   |
|  汽车零部件  | 002725 |  跃岭股份   |  26.2  |  64.8   | -3.8 |  -1.0   |  -2.7   |
|  汽车零部件  | 688667 |  菱电电控   |  74.3  |  46.8   | -4.7 |  -1.0   |  -9.3   |
|  汽车零部件  | 300928 |  华安鑫创   |  35.3  |  160.9  | -4.6 |  -1.2   |  -4.1   |
|  汽车零部件  | 002865 |  钧达股份   | 150.7  |  174.2  | -3.5 |  -1.5   |   2.5   |
|  汽车零部件  | 002213 |  大为股份   |  29.6  |  356.1  | -3.2 |  -2.5   |   3.1   |
|  汽车零部件  | 688326 | 经纬恒润-W  | 142.9  | -112.6  | -4.1 |  -3.9   |  -2.7   |
|  汽车零部件  | 603319 |   湘油泵    |  37.8  |  30.1   | -4.7 |  -5.5   |   0.8   |
|  汽车零部件  | 300428 |  立中集团   | 203.3  |  37.9   | -5.6 |  -5.6   |  -11.6  |
|  汽车零部件  | 605128 |  上海沿浦   |  30.6  |  65.5   | -3.8 |  -5.6   |   2.3   |
|  汽车零部件  | 603197 |  保隆科技   | 101.8  |  57.1   | -5.5 |  -5.8   |  -2.2   |
|  汽车零部件  | 300745 |  欣锐科技   |  64.2  |  227.4  | -3.7 |  -6.4   |   3.1   |
|  汽车零部件  | 605133 |  嵘泰股份   |  40.3  |  29.6   | -5.2 |  -6.8   |   8.8   |
|  汽车零部件  | 002101 |  广东鸿图   |  86.8  |  29.6   | -5.5 |  -7.4   |   5.1   |
|  汽车零部件  | 605208 |   永茂泰    |  38.3  |  11.3   | -4.4 |  -11.9  |   3.0   |
|  汽车零部件  | 002708 |  光洋股份   |  31.9  |  -15.5  | -5.4 |  -14.7  |  -1.2   |
|   汽车服务   | 000996 |  中国中期   |  24.1  | -1376.2 | -3.9 |   0.9   |  11.1   |
|   汽车整车   | 000868 |  安凯客车   |  37.1  |  -23.2  | -3.6 |   1.0   |  -2.7   |
|   汽车整车   | 601777 |  力帆科技   | 234.0  |  115.0  | -3.7 |   0.2   |  -3.2   |
|   汽车整车   | 600213 |  亚星客车   |  23.4  |  -13.4  | -3.2 |  -2.8   |  -2.6   |
|   汽车整车   | 600418 |  江淮汽车   | 287.4  |  -24.8  | -3.2 |  -3.0   |   5.7   |
|   汽车整车   | 000800 |  一汽解放   | 437.0  |  24.2   | -3.5 |  -3.6   |   0.9   |
|   水泥建材   | 002205 |  国统股份   |  25.1  |  -16.3  | -3.8 |  -2.7   |   1.1   |
|   橡胶制品   | 300731 |  科创新源   |  29.0  |  -65.0  | -3.7 |  38.7   |  34.0   |
|   橡胶制品   | 601966 |  玲珑轮胎   | 361.7  |  -98.4  | -3.5 |  10.6   |  14.8   |
|   橡胶制品   | 300547 |  川环科技   |  34.3  |  40.7   | -3.0 |   4.4   |   1.9   |
|   橡胶制品   | 603033 |  三维股份   | 166.5  |  85.5   | -4.6 |   0.1   |  -1.7   |
|   橡胶制品   | 000887 |  中鼎股份   | 239.6  |  23.9   | -3.1 |  -0.4   |   3.9   |
|   橡胶制品   | 300587 |  天铁股份   | 112.3  |  24.2   | -4.3 |  -1.7   |   1.8   |
|   橡胶制品   | 603650 |  彤程新材   | 169.4  |  58.8   | -4.9 |  -2.6   |  -5.5   |
|   橡胶制品   | 600182 |  S*ST佳通   |  41.9  |  260.4  | -4.9 |  -5.6   |   5.2   |
|   橡胶制品   | 600469 |  风神股份   |  33.0  |  -20.0  | -3.4 |  -6.2   |  -16.0  |
|   有色金属   | 002824 |  和胜股份   | 105.1  |  52.1   | -3.0 |   9.2   |  19.4   |
|   有色金属   | 601020 |  华钰矿业   |  84.0  | -541.2  | -3.2 |   7.1   |   5.0   |
|   有色金属   | 603527 |  众源新材   |  25.8  |  24.7   | -5.3 |   2.7   |   2.5   |
|   有色金属   | 000688 |  国城矿业   | 192.8  |  112.5  | -4.5 |   0.8   |  -0.3   |
|   有色金属   | 600338 |  西藏珠峰   | 257.3  |  78.9   | -5.2 |  -0.1   |   3.1   |
|   有色金属   | 301219 |  腾远钴业   | 222.6  |  12.2   | -3.3 |  -0.8   |  -4.1   |
|   有色金属   | 603937 |  丽岛新材   |  23.5  |  21.3   | -3.5 |  -1.8   |  -2.2   |
|   有色金属   | 002379 |  宏创控股   |  31.4  |  71.1   | -4.2 |  -2.3   |  -4.5   |
|   有色金属   | 000758 |  中色股份   |  95.7  |  26.8   | -3.2 |  -4.1   |  -4.7   |
|   有色金属   | 003038 |  鑫铂股份   |  80.6  |  43.9   | -3.7 |  -5.9   |  -7.5   |
|   有色金属   | 600888 |  新疆众和   | 123.8  |   8.2   | -5.4 |  -6.5   |  -8.8   |
|   旅游酒店   | 300178 |   腾邦退    |  1.2   |  -0.2   | -4.8 |  -13.0  |  -16.7  |
|   文化传媒   | 600551 |  时代出版   |  59.8  |  18.4   | -3.7 |   7.8   |  19.2   |
|   文化传媒   | 300654 |  世纪天鸿   |  17.6  |  66.8   | -3.0 |  -9.2   |  -2.2   |
|     教育     | 002621 |   美吉姆    |  33.4  |  -71.5  | -5.1 |  -3.3   |   6.0   |
|     教育     | 600636 |  国新文化   |  35.3  |  423.5  | -4.9 |  -3.9   |   0.2   |
|     教育     | 000526 |  学大教育   |  20.3  |  433.2  | -4.1 |  -4.9   |   5.1   |
|     教育     | 605098 |  行动教育   |  34.5  |  108.2  | -3.6 |  -8.5   |   4.4   |
|     教育     | 002607 |  中公教育   | 373.7  |  -20.1  | -5.2 |  -9.6   |   0.8   |
|     教育     | 002659 |  凯文教育   |  25.6  |  -16.8  | -4.5 |  -10.5  |  -3.0   |
|     教育     | 300338 |   ST开元    |  9.3   |  -4.6   | -5.9 |  -11.4  |   6.2   |
|     教育     | 003032 |  传智教育   |  61.8  |  80.9   | -5.7 |  -12.9  |  -3.7   |
|  房地产开发  | 600173 |  卧龙地产   |  44.5  |  20.7   | -5.5 |  -0.6   |  25.9   |
|  房地产开发  | 600393 |  粤泰股份   |  41.6  |  -14.4  | -4.7 |  -11.8  |  -8.4   |
|   工程机械   | 603611 |  诺力股份   |  46.5  |  16.1   | -3.3 |   6.9   |  10.0   |
|   工程机械   | 605389 |  长龄液压   |  36.9  |  21.9   | -3.1 |   6.8   |   9.1   |
|   工程机械   | 600375 |  汉马科技   |  62.0  |  -9.6   | -3.6 |  -0.9   |  13.5   |
|   工程建设   | 600970 |  中材国际   | 209.8  |  10.9   | -5.7 |   6.4   |   5.5   |
|   工程建设   | 002060 |  粤 水 电   | 112.9  |  59.9   | -4.3 |   5.6   |   7.9   |
|   工程建设   | 002469 |  三维化学   |  36.8  |  14.6   | -3.4 |   4.6   |   8.2   |
|   工程建设   | 002374 |  中锐股份   |  44.7  |  88.0   | -4.6 |  -0.5   |   1.5   |
|   工程建设   | 002586 |   *ST围海   |  52.2  |  -71.2  | -3.8 |  -4.0   |   1.8   |
|   工程建设   | 603815 |  交建股份   |  57.3  |  45.1   | -3.0 |  -4.8   |  -2.1   |
| 工程咨询服务 | 603018 |  华设集团   |  63.0  |  16.9   | -3.6 |  -1.1   |  -0.7   |
| 工程咨询服务 | 002116 |  中国海诚   |  40.0  |  25.6   | -3.4 |  -2.3   |  -4.9   |
| 工程咨询服务 | 603959 |  百利科技   |  60.2  |  48.9   | -3.8 |  -4.5   |  -6.6   |
|    小金属    | 002057 |  中钢天源   |  73.5  |  29.7   | -3.8 |   1.1   |   1.4   |
|    小金属    | 300811 |  铂科新材   |  94.5  |  73.2   | -3.2 |  -0.0   |  -0.2   |
|    小金属    | 000795 |   英洛华    |  81.6  |  35.8   | -3.9 |  -0.6   |  -1.8   |
|    小金属    | 300127 |  银河磁体   |  57.1  |  39.0   | -3.2 |  -0.8   |  -2.0   |
|    小金属    | 300328 |  宜安科技   |  57.2  |  168.3  | -3.4 |  -1.4   |   2.0   |
|    小金属    | 002149 |  西部材料   |  58.6  |  69.7   | -3.1 |  -1.6   |  -3.1   |
|    小金属    | 600980 |  北矿科技   |  26.5  |  25.8   | -3.3 |  -1.7   |  -5.0   |
|    小金属    | 688190 |  云路股份   |  87.8  |  57.3   | -5.4 |  -2.1   |  -7.5   |
|    小金属    | 601958 |  金钼股份   | 290.1  |  26.4   | -4.7 |  -2.8   |   3.2   |
|    小金属    | 002738 |  中矿资源   | 360.9  |  11.6   | -5.9 |  -2.9   |  -6.1   |
|    小金属    | 600549 |  厦门钨业   | 305.8  |  20.2   | -4.5 |  -3.7   |  -5.2   |
|    小金属    | 000962 |  东方钽业   |  44.6  |  22.4   | -4.4 |  -4.3   |  -6.0   |
|    小金属    | 000960 |  锡业股份   | 277.4  |   5.7   | -4.3 |  -4.8   |  -7.5   |
|    小金属    | 600459 |  贵研铂业   | 102.9  |  13.5   | -4.4 |  -4.8   |  -5.9   |
|    小金属    | 000657 |  中钨高新   | 158.4  |  36.8   | -5.1 |  -5.1   |  -9.0   |
|    小金属    | 000831 |  五矿稀土   | 302.6  |  45.0   | -4.9 |  -5.2   |  -5.1   |
|    小金属    | 600259 |  广晟有色   | 162.5  |  49.9   | -3.8 |  -8.0   |  -4.3   |
|    小金属    | 600615 |   *ST丰华   |  13.1  |  -91.2  | -5.0 |  -10.0  |  -9.1   |
|   家电行业   | 600854 |  春兰股份   |  31.7  |  25.5   | -4.1 |   9.7   |  12.9   |
|   家电行业   | 603215 |  比依股份   |  38.1  |  37.4   | -3.5 |   7.2   |   2.8   |
|   家电行业   | 002860 |   星帅尔    |  37.0  |  24.6   | -4.0 |   0.3   |  -2.9   |
|   家电行业   | 002290 |  禾盛新材   |  17.1  |  17.5   | -5.7 |  -2.8   |  -2.5   |
|   家电行业   | 002005 |   ST德豪    |  26.5  |  -13.0  | -5.0 |  -10.7  |  -10.1  |
|   家用轻工   | 301101 |  明月镜片   |  58.5  |  66.2   | -4.9 |  -6.3   |  -13.9  |
|   多元金融   | 600599 |   ST熊猫    |  15.6  |  10.7   | -3.2 |  -4.8   |  -10.8  |
|   塑料制品   | 002886 |  沃特股份   |  45.9  |  225.2  | -4.0 |   8.8   |   6.0   |
|   塑料制品   | 300980 |  祥源新材   |  21.6  |  52.4   | -4.1 |   5.2   |   7.9   |
|   塑料制品   | 603928 |  兴业股份   |  27.4  |  17.7   | -4.8 |   3.5   |   6.6   |
|   塑料制品   | 301198 |  喜悦智行   |  28.9  |  54.1   | -4.8 |   2.9   |  -5.4   |
|   塑料制品   | 603722 |   阿科力    |  45.4  |  26.1   | -3.3 |   1.6   |  -1.1   |
|   塑料制品   | 002108 |  沧州明珠   |  83.1  |  35.6   | -3.1 |   0.3   |   2.6   |
|   塑料制品   | 688087 |  英科再生   |  86.1  |  43.9   | -5.1 |  -0.2   |  -0.8   |
|   商业百货   | 600738 |  丽尚国潮   |  56.5  |   6.2   | -3.2 |  -3.7   |  -4.7   |
|    半导体    | 300782 |   卓胜微    | 672.1  |  36.6   | -3.9 |   4.7   |   6.1   |
|    半导体    | 003026 |  中晶科技   |  55.9  |  68.4   | -3.1 |   1.7   |  20.7   |
|    半导体    | 688123 |  聚辰股份   | 129.3  |  56.5   | -4.9 |  -3.2   |  -4.1   |
|    半导体    | 688325 |  赛微微电   |  41.5  |  85.6   | -3.8 |  -3.3   |  -4.5   |
|    半导体    | 688595 |  芯海科技   |  67.2  | 1663.8  | -3.4 |  -3.7   |  -0.7   |
|    半导体    | 688262 |  国芯科技   |  89.7  | 7296.9  | -3.1 |  -5.0   |  -5.5   |
|    半导体    | 688608 |  恒玄科技   | 171.1  |  190.1  | -3.9 |  -9.9   |  -11.7  |
|    半导体    | 688099 |  晶晨股份   | 390.2  |  36.1   | -5.1 |  -11.5  |  -7.8   |
|   医药商业   | 301263 |   泰恩康    |  63.4  |  29.4   | -3.9 |   9.2   |  13.7   |
|   医疗服务   | 000504 |  南华生物   |  47.4  | 7414.1  | -3.8 |  -5.4   |  -3.7   |
|   医疗器械   | 688607 |  康众医疗   |  21.1  |  -72.9  | -4.2 |   9.2   |  20.2   |
|   医疗器械   | 688626 |  翔宇医疗   |  54.4  |  143.5  | -3.1 |   2.5   |   2.9   |
|   医疗器械   | 688075 |  安旭生物   | 111.7  |   1.0   | -5.7 |   0.6   |   0.5   |
|   医疗器械   | 688298 |  东方生物   | 222.4  |   2.7   | -3.5 |  -0.6   |   1.4   |
|   医疗器械   | 688198 |  佰仁医疗   | 162.7  |  298.9  | -3.6 |  -0.9   |  -1.5   |
|   医疗器械   | 002432 |  九安医疗   | 286.3  |   0.5   | -3.1 |  -1.7   |  -3.9   |
|   医疗器械   | 688068 |  热景生物   |  73.7  |   3.0   | -3.5 |  -5.1   |  -4.2   |
|   化肥行业   | 600078 |   *ST澄星   |  71.0  |  26.3   | -3.2 |  -1.4   |  -10.9  |
|   化肥行业   | 002999 |  天禾股份   |  25.2  |  45.2   | -3.3 |  -2.2   |  -10.6  |
|   化肥行业   | 000408 |  藏格矿业   | 509.5  |  15.6   | -5.2 |  -2.3   |  -4.1   |
|   化肥行业   | 002588 |   史丹利    |  73.7  |  12.3   | -4.6 |  -5.5   |  -10.7  |
|   化纤行业   | 688722 |   同益中    |  37.5  |  30.7   | -3.9 |   1.3   |   9.2   |
|   化纤行业   | 002206 |  海 利 得   |  80.1  |  16.4   | -4.1 |   0.0   |  -0.8   |
|   化纤行业   | 601233 |  桐昆股份   | 394.2  |   6.6   | -3.1 |  -3.3   |  -4.0   |
|   化纤行业   | 688295 |  中复神鹰   | 328.5  |  69.7   | -3.7 |  -4.1   |  -0.7   |
|   化纤行业   | 000301 |  东方盛虹   | 1012.0 |  36.8   | -3.2 |  -5.4   |  -10.1  |
|   化学原料   | 002125 |  湘潭电化   | 103.7  |  18.4   | -3.1 |   2.9   |   4.8   |
|   化学原料   | 600367 |  红星发展   |  65.2  |  19.5   | -4.1 |   2.5   |  -0.7   |
|   化学原料   | 600277 |  亿利洁能   | 186.9  |  33.0   | -4.4 |   0.8   |  -2.8   |
|   化学原料   | 600844 |  丹化科技   |  32.6  | -460.5  | -3.6 |   0.3   |  -0.6   |
|   化学原料   | 002092 |  中泰化学   | 208.6  |  11.8   | -4.3 |  -0.6   |  -7.2   |
|   化学原料   | 301256 |  华融化学   |  48.5  |  192.6  | -3.2 |  -2.2   |  -5.1   |
|   化学原料   | 301069 |  凯盛新材   | 162.9  |  59.2   | -3.8 |  -2.5   |  -3.9   |
|   化学原料   | 600328 |  中盐化工   | 194.6  |   7.9   | -3.2 |  -2.9   |  -15.5  |
|   化学原料   | 000510 |   新金路    |  39.4  |  30.9   | -3.6 |  -3.1   |  -7.6   |
|   化学原料   | 600409 |  三友化工   | 165.8  |  17.2   | -3.1 |  -3.1   |  -7.5   |
|   化学原料   | 603067 |  振华股份   |  62.0  |  15.6   | -3.6 |  -4.2   |  -5.7   |
|   化学原料   | 000818 |  航锦科技   | 223.4  |  61.8   | -3.9 |  -5.3   |  -10.3  |
|   化学制药   | 600062 |  华润双鹤   | 232.0  |  17.5   | -4.8 |   8.0   |   5.2   |
|   化学制药   | 300199 |  翰宇药业   | 120.4  |  -52.2  | -3.5 |   5.7   |   1.3   |
|   化学制药   | 603229 |  奥翔药业   | 136.0  |  48.1   | -5.2 |   3.2   |   4.7   |
|   化学制药   | 688166 |  博瑞医药   |  95.9  |  39.5   | -3.2 |   1.3   |   3.5   |
|   化学制药   | 002900 |   哈三联    |  41.8  | -892.5  | -5.2 |   0.5   |   4.6   |
|   化学制药   | 600521 |  华海药业   | 314.7  |  57.1   | -3.0 |  -0.9   |   7.2   |
|   化学制品   | 002669 |  康达新材   |  32.0  |  -76.9  | -3.5 |   8.3   |   4.9   |
|   化学制品   | 688005 |  容百科技   | 535.0  |  45.7   | -5.7 |   6.6   |  12.5   |
|   化学制品   | 300019 |  硅宝科技   |  81.3  |  47.6   | -3.7 |   5.9   |   7.3   |
|   化学制品   | 688116 |  天奈科技   | 350.7  |  87.7   | -5.0 |   3.4   |   2.3   |
|   化学制品   | 002549 |  凯美特气   |  98.9  |  43.9   | -3.2 |   1.7   |  -1.5   |
|   化学制品   | 002562 |  兄弟科技   |  69.2  |  16.8   | -4.0 |   0.0   |  -3.8   |
|   化学制品   | 002407 |   多氟多    | 308.4  |  10.5   | -3.7 |  -0.0   |  -1.2   |
|   化学制品   | 002326 |  永太科技   | 271.0  |  17.4   | -3.1 |  -0.5   |   0.7   |
|   化学制品   | 002455 |  百川股份   |  70.5  |  28.1   | -4.0 |  -0.9   |   0.1   |
|   化学制品   | 002497 |  雅化集团   | 356.6  |   8.7   | -3.4 |  -2.5   |  -4.4   |
|   化学制品   | 002915 |  中欣氟材   |  58.5  |  34.8   | -3.0 |  -2.5   |  -4.0   |
|   化学制品   | 600230 |  沧州大化   |  69.5  |  17.8   | -4.4 |  -3.0   |   5.3   |
|   化学制品   | 603110 |  东方材料   |  74.5  | 1390.0  | -3.3 |  -3.1   |  -6.3   |
|   化学制品   | 301216 |  万凯新材   | 101.7  |   8.8   | -4.0 |  -3.4   |  -9.6   |
|   化学制品   | 002408 |  齐翔腾达   | 224.0  |  10.1   | -3.2 |  -3.8   |  -4.1   |
|   化学制品   | 603867 |  新化股份   |  46.7  |  11.6   | -5.8 |  -3.9   |  -8.2   |
|   化学制品   | 002476 |  宝莫股份   |  39.6  |  100.2  | -4.6 |  -5.4   |  -4.2   |
|   化学制品   | 605020 |  永和股份   |  67.8  |  23.3   | -4.3 |  -5.7   |   8.1   |
|   化学制品   | 300821 |  东岳硅材   | 211.8  |  21.9   | -5.5 |  -5.7   |   1.7   |
|   化学制品   | 002637 |  赞宇科技   |  72.7  |  11.0   | -4.2 |  -6.1   |  -10.1  |
|   化学制品   | 300169 |  天晟新材   |  16.9  |  -24.2  | -3.4 |  -6.3   |  14.8   |
|   化学制品   | 603948 |  建业股份   |  44.4  |   8.2   | -3.0 |  -7.2   |  -6.6   |
|   化学制品   | 605366 |  宏柏新材   |  99.0  |  20.6   | -4.7 |  -9.9   |  -11.7  |
|   化学制品   | 600165 |  新日恒力   |  62.3  |  -67.9  | -3.8 |  -10.0  |  -4.3   |
|   包装材料   | 002599 |  盛通股份   |  26.4  |  -26.6  | -3.6 |  -6.0   |   1.0   |
|   农药兽药   | 688526 |  科前生物   | 120.8  |  33.3   | -4.2 |   2.0   |  13.5   |
|   农药兽药   | 300261 |  雅本化学   | 136.6  |  48.9   | -4.0 |   0.3   |  -1.5   |
|   农药兽药   | 300575 |  中旗股份   |  55.0  |  12.7   | -3.2 |  -3.0   |  -5.6   |
|   农药兽药   | 301035 |  润丰股份   | 199.8  |  12.9   | -4.2 |  -3.2   |  -1.6   |
|   农药兽药   | 600389 |  江山股份   | 183.3  |   7.1   | -3.7 |  -3.4   |  -11.7  |
|   农药兽药   | 600596 |  新安股份   | 245.2  |   5.0   | -3.6 |  -4.0   |  -8.7   |
|   农药兽药   | 603970 |  中农立华   |  60.6  |  34.0   | -3.4 |  -4.5   |  -5.3   |
|   农药兽药   | 605033 |  美邦股份   |  35.9  |   9.8   | -5.9 |  -7.5   |  -0.8   |
|   农牧饲渔   | 301156 |    C美农    |  28.9  |  49.0   | -3.8 |  54.1   |  54.1   |
|   农牧饲渔   | 002157 |  正邦科技   | 208.6  |  -2.1   | -4.6 |   4.2   |  19.2   |
|   农牧饲渔   | 300094 |  国联水产   |  50.5  |  133.5  | -4.5 |   1.3   |   7.2   |
|   农牧饲渔   | 300087 |  荃银高科   | 112.5  |  137.8  | -3.3 |  -2.1   |  -4.6   |
|   农牧饲渔   | 600251 |  冠农股份   |  82.4  |   9.4   | -5.6 |  -2.1   |  -3.6   |
|   农牧饲渔   | 600975 |   新五丰    |  76.2  |  -17.0  | -3.7 |  -2.4   |  12.7   |
|   农牧饲渔   | 300268 |  佳沃食品   |  50.0  |  11.3   | -3.7 |  -2.7   |  -9.4   |
|   农牧饲渔   | 600371 |  万向德农   |  39.5  |  23.6   | -3.2 |  -3.9   |  -5.9   |
|   农牧饲渔   | 000798 |  中水渔业   |  29.6  |  -57.9  | -4.7 |  -4.0   |  -9.1   |
|   农牧饲渔   | 002041 |  登海种业   | 189.8  |  45.5   | -4.0 |  -4.6   |  -5.3   |
|   农牧饲渔   | 603477 |  巨星农牧   | 123.3  |  -9.9   | -5.2 |  -4.9   |   3.8   |
|   农牧饲渔   | 300313 |   ST天山    |  22.2  | -117.9  | -3.1 |  -5.5   |  -2.9   |
|   农牧饲渔   | 000713 |  丰乐种业   |  58.4  |  199.9  | -4.2 |  -5.8   |  -7.5   |
|   农牧饲渔   | 600540 |  新赛股份   |  30.2  |  -43.7  | -3.9 |  -6.3   |  -4.9   |
|   农牧饲渔   | 600313 |  农发种业   | 134.1  |  176.5  | -5.0 |  -7.0   |  -15.9  |
|   农牧饲渔   | 600359 |  新农开发   |  33.3  |  17.8   | -4.7 |  -8.1   |  -10.6  |
|   农牧饲渔   | 600265 |   *ST景谷   |  14.7  | -136.5  | -3.5 |  -12.9  |  -9.7   |
|   公用事业   | 003039 |  顺控发展   | 136.6  |  69.0   | -4.2 |  -4.8   |   6.8   |
|  光学光电子  | 605118 |  力鼎光电   |  55.6  |  31.8   | -3.6 |   2.1   |   3.3   |
|  光学光电子  | 300752 |  隆利科技   |  48.1  |  -64.2  | -3.3 |   0.4   |   3.4   |
|  光学光电子  | 688127 |  蓝特光学   |  85.0  |  98.7   | -3.6 |  -1.3   |  -1.7   |
|  光学光电子  | 002765 |  蓝黛科技   |  51.0  |  25.4   | -3.2 |  -1.5   |   0.2   |
|  光学光电子  | 688272 |   富吉瑞    |  20.8  |  -31.1  | -3.5 |  -3.5   |  -8.5   |
|  光学光电子  | 300790 |  宇瞳光学   |  59.6  |  34.8   | -3.1 |  -3.5   |  -3.7   |
|  光学光电子  | 600552 |  凯盛科技   |  76.5  |  75.5   | -4.6 |  -7.0   |  -11.9  |
|  光学光电子  | 603703 |  盛洋科技   |  48.5  |  233.1  | -4.4 |  -12.0  |  -25.6  |
|   光伏设备   | 600207 |  安彩高科   |  58.9  |  76.0   | -4.1 |  16.2   |  16.2   |
|   光伏设备   | 688408 |   中信博    | 119.6  | -334.8  | -3.4 |   6.2   |   5.8   |
|   光伏设备   | 002506 |  协鑫集成   | 205.3  |  235.6  | -4.9 |   5.7   |   4.5   |
|   光伏设备   | 002623 |   亚玛顿    |  58.0  |  131.4  | -3.2 |   4.6   |   2.3   |
|   光伏设备   | 688598 |  金博股份   | 242.0  |  29.9   | -4.2 |   3.7   |   5.5   |
|   光伏设备   | 300393 |  中来股份   | 177.8  |  50.1   | -3.4 |   2.6   |  -4.0   |
|   光伏设备   | 603212 |  赛伍技术   | 107.1  |  30.2   | -3.1 |   1.9   |   1.3   |
|   光伏设备   | 601865 |   福莱特    | 884.5  |  50.6   | -3.5 |   1.1   |  -4.2   |
|   光伏设备   | 688516 |   奥特维    | 257.2  |  60.3   | -4.0 |   0.6   |   0.1   |
|   光伏设备   | 301046 |  能辉科技   |  51.3  |  110.6  | -3.4 |   0.2   |  -3.5   |
|   光伏设备   | 688556 |  高测股份   | 164.4  |  42.5   | -3.7 |   0.2   |  -5.0   |
|   光伏设备   | 688680 |  海优新材   | 176.4  |  57.1   | -3.3 |  -0.8   |   0.8   |
|   光伏设备   | 688560 |  明冠新材   |  50.5  |  37.8   | -5.4 |  -2.0   |  -6.0   |
|   光伏设备   | 300274 |  阳光电源   | 1305.0 |  79.4   | -5.7 |  -2.5   |  -2.2   |
|   光伏设备   | 688303 |  大全能源   | 1262.0 |   7.3   | -3.6 |  -4.0   |  -8.2   |
|   仪器仪表   | 300354 |  东华测试   |  41.1  |  215.8  | -4.1 |   3.0   |   0.5   |
|   交运设备   | 603787 |  新日股份   |  31.7  |  36.9   | -4.9 |   4.8   |   1.8   |
|   交运设备   | 300351 |  永贵电器   |  53.5  |  34.7   | -3.5 |   4.0   |   2.5   |
|   交运设备   | 603129 |  春风动力   | 194.0  |  46.0   | -4.3 |   2.4   |   5.1   |
|   交运设备   | 603529 |  爱玛科技   | 264.9  |  20.9   | -5.3 |   2.0   |   1.9   |
|   交运设备   | 688187 |  时代电气   | 806.3  |  59.1   | -5.2 |  -0.1   |  -5.3   |
|   交运设备   | 600495 |  晋西车轴   |  49.8  |  -37.1  | -3.5 |  -5.5   |  -1.0   |
|   交运设备   | 689009 | 九号公司-WD | 313.9  |  204.1  | -5.0 |  -7.3   |  -19.1  |
|  互联网服务  | 300532 |  今天国际   |  42.7  |  23.9   | -3.5 |   0.1   |   1.5   |
|  互联网服务  | 600536 |  中国软件   | 266.6  |  -65.0  | -5.5 |  -0.1   |  -2.4   |
|  互联网服务  | 688636 |   智明达    |  53.9  |  153.0  | -4.4 |  -3.2   |  -5.1   |
|  互联网服务  | 300269 |   ST联建    |  19.3  |  -40.6  | -4.9 |  -3.6   |  -5.5   |
|  互联网服务  | 688229 |  博睿数据   |  18.6  |  -20.1  | -3.7 |  -4.0   |  -3.9   |
|  互联网服务  | 688787 |  海天瑞声   |  30.8  |  81.6   | -4.8 |  -4.6   |   7.0   |
|     中药     | 002864 |  盘龙药业   |  35.5  |  44.3   | -4.4 |   3.0   |   9.7   |
|     中药     | 600976 |  健民集团   |  80.3  |  22.6   | -4.8 |   2.6   |  10.0   |
|     中药     | 002644 |  佛慈制药   |  50.4  |  58.6   | -3.5 |   2.5   |   0.4   |
|     中药     | 600351 |  亚宝药业   |  51.8  |  18.1   | -4.7 |   0.3   |  11.6   |
|     中药     | 002873 |  新天药业   |  27.1  |  21.9   | -3.5 |   0.1   |  -1.4   |
|     中药     | 600479 |  XD千金药   |  41.8  |  26.1   | -3.5 |  -0.6   |   1.6   |
|     中药     | 603963 |  大理药业   |  35.0  | -272.4  | -4.2 |  -2.1   |  13.8   |
|     中药     | 603139 |  康惠制药   |  20.8  |  59.2   | -3.7 |  -6.2   |  -6.8   |
|   专用设备   | 688155 |  先惠技术   |  80.6  |  97.6   | -5.2 |  14.8   |  15.4   |
|   专用设备   | 300499 |  高澜股份   |  33.5  |  101.0  | -6.0 |  14.0   |  13.3   |
|   专用设备   | 688125 |  安达智能   |  37.1  |  35.6   | -3.2 |  11.6   |  12.4   |
|   专用设备   | 300751 |  迈为股份   | 725.2  |  100.8  | -4.6 |   6.5   |   9.7   |
|   专用设备   | 688162 |  巨一科技   |  77.8  |  53.7   | -5.0 |   6.2   |   2.8   |
|   专用设备   | 002837 |   英维克    | 102.4  |  201.8  | -4.8 |   6.0   |   2.6   |
|   专用设备   | 688518 |  联赢激光   | 101.8  |  170.5  | -4.2 |   4.6   |   6.7   |
|   专用设备   | 002667 |  鞍重股份   |  46.9  |  40.4   | -3.2 |   0.2   |  -4.0   |
|   专用设备   | 300619 |   金银河    |  69.8  | -190.7  | -3.9 |  -0.7   |  -3.9   |
|   专用设备   | 688001 |  华兴源创   | 123.3  |  75.5   | -3.4 |  -0.9   |  -3.9   |
|   专用设备   | 002779 |  中坚科技   |  34.7  |  125.8  | -3.9 |  -1.2   |   3.6   |
|   专用设备   | 688596 |  正帆科技   |  49.4  |  109.8  | -3.8 |  -2.3   |  -0.9   |
|   专用设备   | 300879 |  大叶股份   |  41.4  |  17.1   | -3.5 |  -3.7   |   2.5   |
|   专用设备   | 002960 |  青鸟消防   | 133.5  |  50.1   | -4.0 |  -4.3   |  -9.1   |
|   专用设备   | 688718 |   唯赛勃    |  31.1  | -2934.6 | -4.1 |  -4.4   |  -4.4   |
|   专用设备   | 603025 |  大豪科技   | 202.5  |  63.6   | -3.0 |  -4.5   |  -0.1   |
|   专用设备   | 600560 |  金自天正   |  21.9  |  40.3   | -3.6 |  -4.5   |  -9.7   |
|   专用设备   | 688383 |   新益昌    | 110.7  |  39.0   | -4.0 |  -6.9   |   9.5   |
|   专业服务   | 688179 |   阿拉丁    |  75.2  |  60.6   | -4.9 |  -2.1   |  -2.9   |
|      —       | 835179 |  凯德石英   |  15.1  |  43.1   | -3.7 |  -0.6   |  -11.5  |
|      —       | 836892 |  广咨国际   |  9.7   |  59.8   | -3.2 |  -4.7   |  -6.1   |
+--------------+--------+-------------+--------+---------+------+---------+---------+
