[行业>市值]
+----------+--------+----------+--------+-------+------+---------+---------+
|   行业   |  代码  |   名称   |  市值  |  pe   | 涨幅 | 3日涨幅 | 6日涨幅 |
+----------+--------+----------+--------+-------+------+---------+---------+
| 汽车整车 | 601633 | 长城汽车 | 3559.0 | 54.5  | 5.3  |   2.8   |   8.4   |
| 汽车整车 | 600104 | 上汽集团 | 2060.0 |  9.3  | 0.5  |   1.1   |  -0.7   |
| 汽车整车 | 601238 | 广汽集团 | 1747.0 | 14.5  | 3.9  |   4.2   |   3.7   |
| 汽车整车 | 000625 | 长安汽车 | 1297.0 |  7.2  | 8.9  |   8.3   |   9.5   |
| 汽车整车 | 601127 | 小康股份 | 938.4  | -28.0 | -3.5 |   3.5   |   8.5   |
| 汽车整车 | 000800 | 一汽解放 | 463.5  | 25.6  | 10.1 |   9.9   |   8.4   |
| 汽车整车 | 600733 | 北汽蓝谷 | 351.1  | -9.2  | 2.6  |  -0.7   |  -3.4   |
| 汽车整车 | 600418 | 江淮汽车 | 271.9  | -23.4 | 1.4  |  -6.5   |   2.5   |
| 汽车整车 | 601777 | 力帆科技 | 241.6  | 118.8 | 3.5  |   5.5   |  11.4   |
| 汽车整车 | 301039 | 中集车辆 | 211.0  | 42.4  | 1.3  |  -6.4   |  -9.5   |
| 汽车整车 | 000980 |  ST众泰  | 193.6  | -30.9 | 5.0  |   5.0   |   1.1   |
| 汽车整车 | 600166 | 福田汽车 | 180.2  | 33.3  | 2.2  |  -1.4   |  -5.2   |
| 汽车整车 | 600066 | 宇通客车 | 178.4  | -38.6 | 0.1  |  -2.3   |  -6.4   |
| 汽车整车 | 600006 | 东风汽车 | 174.0  | 36.7  | 4.8  |  -13.5  |   5.7   |
| 汽车整车 | 000951 | 中国重汽 | 145.3  | 29.3  | 1.5  |  -0.7   |  -2.6   |
| 汽车整车 | 000550 | 江铃汽车 | 132.8  | 17.1  | 1.4  |  -3.6   |  -9.3   |
| 汽车整车 | 000572 | 海马汽车 | 104.4  | -42.9 | 0.9  |   3.4   |   8.0   |
| 汽车整车 | 000957 | 中通客车 |  95.3  | -67.5 | 1.7  |   0.4   |   0.4   |
| 汽车整车 | 600686 | 金龙汽车 |  44.8  | 289.0 | 0.5  |  -6.2   |  -15.7  |
| 汽车整车 | 000868 | 安凯客车 |  38.1  | -23.8 | 0.2  |  -13.3  |  -10.0  |
| 汽车整车 | 600213 | 亚星客车 |  24.1  | -13.8 | 1.4  |  -5.4   |  -18.4  |
| 汽车整车 | 600303 |  ST曙光  |  22.2  | -17.0 | -1.5 |  -4.1   |  -9.4   |
| 汽车整车 | 002594 |  比亚迪  |  0.0   | 314.0 | 0.0  |   6.5   |  15.9   |
+----------+--------+----------+--------+-------+------+---------+---------+
 




 [行业>单日涨幅]
+----------+--------+----------+--------+-------+------+---------+---------+
|   行业   |  代码  |   名称   |  市值  |  pe   | 涨幅 | 3日涨幅 | 6日涨幅 |
+----------+--------+----------+--------+-------+------+---------+---------+
| 汽车整车 | 000800 | 一汽解放 | 463.5  | 25.6  | 10.1 |   9.9   |   8.4   |
| 汽车整车 | 000625 | 长安汽车 | 1297.0 |  7.2  | 8.9  |   8.3   |   9.5   |
| 汽车整车 | 601633 | 长城汽车 | 3559.0 | 54.5  | 5.3  |   2.8   |   8.4   |
| 汽车整车 | 000980 |  ST众泰  | 193.6  | -30.9 | 5.0  |   5.0   |   1.1   |
| 汽车整车 | 600006 | 东风汽车 | 174.0  | 36.7  | 4.8  |  -13.5  |   5.7   |
| 汽车整车 | 601238 | 广汽集团 | 1747.0 | 14.5  | 3.9  |   4.2   |   3.7   |
| 汽车整车 | 601777 | 力帆科技 | 241.6  | 118.8 | 3.5  |   5.5   |  11.4   |
| 汽车整车 | 600733 | 北汽蓝谷 | 351.1  | -9.2  | 2.6  |  -0.7   |  -3.4   |
| 汽车整车 | 600166 | 福田汽车 | 180.2  | 33.3  | 2.2  |  -1.4   |  -5.2   |
| 汽车整车 | 000957 | 中通客车 |  95.3  | -67.5 | 1.7  |   0.4   |   0.4   |
| 汽车整车 | 000951 | 中国重汽 | 145.3  | 29.3  | 1.5  |  -0.7   |  -2.6   |
| 汽车整车 | 600213 | 亚星客车 |  24.1  | -13.8 | 1.4  |  -5.4   |  -18.4  |
| 汽车整车 | 600418 | 江淮汽车 | 271.9  | -23.4 | 1.4  |  -6.5   |   2.5   |
| 汽车整车 | 000550 | 江铃汽车 | 132.8  | 17.1  | 1.4  |  -3.6   |  -9.3   |
| 汽车整车 | 301039 | 中集车辆 | 211.0  | 42.4  | 1.3  |  -6.4   |  -9.5   |
| 汽车整车 | 000572 | 海马汽车 | 104.4  | -42.9 | 0.9  |   3.4   |   8.0   |
| 汽车整车 | 600686 | 金龙汽车 |  44.8  | 289.0 | 0.5  |  -6.2   |  -15.7  |
| 汽车整车 | 600104 | 上汽集团 | 2060.0 |  9.3  | 0.5  |   1.1   |  -0.7   |
| 汽车整车 | 000868 | 安凯客车 |  38.1  | -23.8 | 0.2  |  -13.3  |  -10.0  |
| 汽车整车 | 600066 | 宇通客车 | 178.4  | -38.6 | 0.1  |  -2.3   |  -6.4   |
| 汽车整车 | 002594 |  比亚迪  |  0.0   | 314.0 | 0.0  |   6.5   |  15.9   |
| 汽车整车 | 600303 |  ST曙光  |  22.2  | -17.0 | -1.5 |  -4.1   |  -9.4   |
| 汽车整车 | 601127 | 小康股份 | 938.4  | -28.0 | -3.5 |   3.5   |   8.5   |
+----------+--------+----------+--------+-------+------+---------+---------+
