[行业>三日涨幅]
+------------+--------+-------------+--------+---------+------+---------+---------+
|    行业    |  代码  |    名称     |  市值  |   pe    | 涨幅 | 3日涨幅 | 6日涨幅 |
+------------+--------+-------------+--------+---------+------+---------+---------+
|  食品饮料  | 000972 |   *ST中基   |  20.1  | -100.9  | -5.1 |   1.2   |  17.0   |
|  食品饮料  | 605016 |  百龙创园   |  47.6  |  29.2   | -4.4 |  -1.4   |  -8.7   |
|  食品饮料  | 001318 |  阳光乳业   |  53.9  |  54.8   | -4.4 |  -5.3   |  -10.6  |
|  风电设备  | 601615 |  明阳智能   | 552.2  |   9.8   | -3.1 |   0.7   |   0.2   |
|  风电设备  | 300772 |  运达股份   | 105.0  |  23.5   | -3.2 |  -2.8   |  -2.5   |
|  风电设备  | 300850 |   新强联    | 271.9  |  69.6   | -4.0 |  -5.8   |  -5.3   |
|  风电设备  | 002487 |  大金重工   | 165.4  |  66.4   | -4.3 |  -6.9   |  -10.6  |
| 非金属材料 | 603260 |  合盛硅业   | 1300.0 |  15.8   | -3.6 |   8.8   |  24.9   |
| 非金属材料 | 001296 |  长江材料   |  25.6  |  44.6   | -4.1 |   2.9   |  -2.8   |
| 非金属材料 | 300861 |  美畅股份   | 362.7  |  31.9   | -3.8 |   1.3   |   6.2   |
| 非金属材料 | 603688 |  石英股份   | 374.3  |  107.1  | -3.6 |   1.0   |  10.7   |
|  铁路公路  | 600650 |  锦江在线   |  70.8  |   3.1   | -3.3 |  11.8   |  -1.6   |
|  铁路公路  | 603032 |  德新交运   | 144.6  |  69.7   | -3.5 |  -10.0  |  -4.0   |
|  钢铁行业  | 002318 |  久立特材   | 155.7  |  20.1   | -3.5 |  -3.1   |  -2.9   |
|  钢铁行业  | 600507 |  XD方大特   | 168.4  |   7.8   | -3.1 |  -3.2   |  -0.8   |
|  钢铁行业  | 600295 |  鄂尔多斯   | 378.4  |   7.0   | -3.4 |  -8.7   |  -3.2   |
|  采掘行业  | 605086 |  龙高股份   |  26.2  |  24.1   | -3.1 |   5.5   |   3.8   |
|  采掘行业  | 300084 |  海默科技   |  18.9  |  -17.8  | -4.1 |   2.3   |   6.0   |
|  采掘行业  | 300164 |  通源石油   |  30.5  |  428.2  | -5.9 |   1.6   |  12.2   |
|  采掘行业  | 603505 |  金石资源   | 125.0  |  95.9   | -5.3 |   0.9   |   6.9   |
|  采掘行业  | 603727 |   博迈科    |  37.1  |  64.5   | -4.2 |   0.2   |   6.6   |
|  采掘行业  | 300157 |  恒泰艾普   |  30.2  |  -15.9  | -4.1 |  -0.9   |   2.4   |
|  采掘行业  | 002207 |  准油股份   |  24.3  |  33.0   | -4.9 |  -1.0   |  11.2   |
|  采掘行业  | 002554 |   惠博普    |  48.0  |  106.6  | -3.3 |  -1.9   |   1.1   |
|  采掘行业  | 002828 |  贝肯能源   |  15.4  |  -1.9   | -3.5 |  -2.2   |   2.7   |
|  采掘行业  | 002629 |  仁智股份   |  16.1  |  -76.1  | -4.4 |  -4.2   |  10.8   |
|  酿酒行业  | 600197 |   伊力特    | 143.0  |  33.0   | -4.1 |   0.4   |   6.4   |
|  通用设备  | 300885 |  海昌新材   |  28.1  |  32.3   | -4.3 |   6.8   |   6.9   |
|  通用设备  | 300228 |  富瑞特装   |  37.4  |  -42.9  | -3.7 |   6.0   |   5.7   |
|  通用设备  | 301268 |   铭利达    | 129.4  |  57.2   | -3.6 |   5.1   |   8.3   |
|  通用设备  | 300421 |  力星股份   |  31.0  |  63.4   | -4.8 |   4.1   |   4.2   |
|  通用设备  | 300988 |  津荣天宇   |  26.6  |  35.9   | -3.3 |   2.6   |   2.1   |
|  通用设备  | 300985 |  致远新能   |  39.0  | -241.4  | -3.8 |   1.5   |   1.6   |
|  通用设备  | 300943 |  春晖智控   |  30.2  |  62.7   | -4.0 |   1.0   |  -0.3   |
|  通用设备  | 600421 |  华嵘控股   |  19.8  | -237.4  | -3.2 |  -2.8   |  -5.2   |
|  通用设备  | 002514 |  宝馨科技   |  27.8  |  124.4  | -3.6 |  -3.5   |   3.9   |
|  通用设备  | 002438 |  江苏神通   |  65.4  |  22.2   | -3.5 |  -3.5   |  -5.1   |
|  通用设备  | 301029 |   怡合达    | 318.1  |  78.7   | -5.2 |  -4.2   |  -2.4   |
|  通用设备  | 002965 |  祥鑫科技   |  45.1  |  33.1   | -3.4 |  -4.5   |  -0.2   |
|  通用设备  | 603985 |  恒润股份   |  93.7  |  185.4  | -3.8 |  -4.7   |  -8.8   |
|  通用设备  | 002598 |  山东章鼓   |  29.1  |  36.0   | -3.7 |  -8.7   |  -16.2  |
|  通信设备  | 603803 |  瑞斯康达   |  33.5  |  29.9   | -5.8 |   2.6   |  11.5   |
|  通信设备  | 688313 |  仕佳光子   |  49.5  |  54.2   | -3.1 |   2.2   |  -1.6   |
|  通信设备  | 600083 |   *ST博信   |  23.3  |  12.3   | -4.2 |  -1.7   |  -4.5   |
|  通信设备  | 600734 |   ST实达    | 106.5  | -180.7  | -5.0 |  -3.5   |   0.0   |
|  通信设备  | 600260 |   *ST凯乐   |  24.8  |  -6.8   | -4.2 |  -9.4   |  -3.5   |
|  软件开发  | 301221 |  光庭信息   |  51.1  |  892.8  | -4.9 |   5.8   |   3.5   |
|  软件开发  | 603990 |  麦迪科技   |  37.2  |  99.4   | -3.6 |   0.8   |  -5.1   |
|  贸易行业  | 600753 |  东方银星   |  32.5  | 1053.4  | -3.0 |  17.3   |  15.9   |
|  贸易行业  | 600241 |   ST时万    |  22.2  |  22.8   | -3.2 |   2.9   |   2.6   |
|  贸易行业  | 002091 |  江苏国泰   | 182.8  |  10.5   | -3.3 |  -0.3   |  -1.1   |
|  贸易行业  | 600301 |  南化股份   |  38.6  |  222.4  | -3.2 |  -2.5   |   5.3   |
| 计算机设备 | 300367 |   网力退    |  3.6   |  -1.0   | -3.2 |  11.1   |  -33.3  |
| 计算机设备 | 300771 |  智莱科技   |  31.0  |  18.8   | -3.0 |  -1.5   |  -1.1   |
|  装修装饰  | 001212 |  中旗新材   |  55.5  |  79.0   | -5.0 |  15.0   |  32.4   |
|  装修装饰  | 601886 |  江河集团   |  75.4  |  20.6   | -5.1 |  -3.8   |  -6.7   |
|  装修建材  | 301010 |  晶雪节能   |  22.8  |  142.5  | -3.4 |  -1.9   |  -16.3  |
|  装修建材  | 002323 |  雅博股份   |  78.3  |  428.3  | -4.4 |  -6.6   |  -21.3  |
|  航运港口  | 601975 |  招商南油   | 194.1  |  46.9   | -3.9 |  -2.0   |   1.8   |
|  航天航空  | 300159 |   ST新研    |  26.1  |  -20.3  | -5.4 |  -6.9   |  -19.7  |
|  航天航空  | 688510 |  航亚科技   |  43.2  |  559.7  | -3.6 |  -8.2   |   1.0   |
|  美容护理  | 000523 |  广州浪奇   |  68.2  | -132.8  | -4.5 |   1.9   |  -7.2   |
|  美容护理  | 300886 |  华业香料   |  22.2  |  80.0   | -3.5 |  -2.5   |  -2.3   |
|  纺织服装  | 002674 |  兴业科技   |  34.5  |  221.6  | -4.1 |  16.0   |  19.7   |
|  纺织服装  | 605138 |  盛泰集团   |  67.8  |  27.6   | -4.3 |   7.6   |   6.0   |
|  纺织服装  | 603555 |   贵人鸟    |  61.5  |  603.3  | -3.5 |   6.5   |   5.1   |
|  纺织服装  | 603908 |   牧高笛    |  62.4  |  42.4   | -4.4 |   2.2   |  -1.5   |
|  纺织服装  | 603055 |  台华新材   | 116.1  |  25.3   | -5.0 |   1.4   |   6.9   |
|  纺织服装  | 600220 |  江苏阳光   |  55.1  |  81.5   | -3.1 |  -3.1   |  -2.5   |
|  纺织服装  | 002656 |   ST摩登    |  22.7  |  -51.4  | -5.1 |  -9.4   |  -13.3  |
|  石油行业  | 603353 |  和顺石油   |  36.4  |  44.2   | -3.2 |   6.3   |  11.5   |
|  石油行业  | 300023 |   宝德退    |  3.8   |  17.2   | -3.2 |   5.2   |  -60.1  |
|  石油行业  | 000819 |  岳阳兴长   |  46.9  |  99.3   | -3.4 |   5.1   |  15.7   |
|  石油行业  | 600759 |   ST洲际    |  61.8  |  19.9   | -4.9 |   5.0   |  21.3   |
|  石油行业  | 300839 |  博汇股份   |  24.5  |  30.1   | -3.2 |  -1.1   |   1.4   |
|  石油行业  | 000554 |  泰山石油   |  30.0  |  264.0  | -4.9 |  -2.2   |   8.5   |
|  石油行业  | 002778 |  中晟高科   |  16.4  |  368.8  | -3.2 |  -2.8   |  -1.7   |
|  石油行业  | 600938 |  中国海油   | 9232.0 |   6.7   | -5.0 |  -4.6   |   2.5   |
|  石油行业  | 600256 |  广汇能源   | 742.6  |   8.4   | -3.4 |  -5.8   |   9.0   |
|  电网设备  | 603070 |  万控智造   |  77.8  |  107.1  | -5.0 |   8.9   |   6.7   |
|  电网设备  | 300423 |  昇辉科技   |  49.8  |  20.9   | -3.4 |   2.7   |   0.9   |
|  电网设备  | 301031 |  中熔电气   |  86.2  |  64.8   | -3.3 |   0.0   |   0.4   |
|  电网设备  | 300062 |  中能电气   |  36.9  |  86.9   | -3.4 |  -1.8   |  -1.9   |
|  电网设备  | 002606 |  大连电瓷   |  37.5  |  16.1   | -3.1 |  -1.9   |  -5.0   |
|  电网设备  | 300444 |  双杰电气   |  38.6  | -127.0  | -3.1 |  -2.2   |   4.3   |
|  电网设备  | 301120 |  新特电气   |  40.8  |  66.5   | -4.9 |  -9.4   |  -3.2   |
|  电网设备  | 603097 |  江苏华辰   |  35.3  |  30.8   | -4.3 |  -13.0  |  -26.1  |
|  电源设备  | 002335 |  科华数据   | 120.6  |  30.7   | -3.0 |  -0.1   |   4.8   |
|  电源设备  | 002366 |   *ST海核   |  34.9  |  -28.3  | -5.0 |  -0.5   |  11.9   |
|  电源设备  | 300820 |  英杰电气   |  90.4  |  41.9   | -3.3 |  -0.7   |  -1.9   |
|  电源设备  | 300491 |  通合科技   |  23.7  |  -71.8  | -3.0 |  -1.4   |  -2.9   |
|  电源设备  | 300105 |  龙源技术   |  29.4  | -100.6  | -3.4 |  -5.5   |  -3.6   |
|  电源设备  | 002255 |  海陆重工   |  43.6  |  33.4   | -3.2 |  -5.8   |   3.0   |
|    电池    | 300450 |  先导智能   | 945.9  |  68.3   | -3.9 |   4.4   |  14.8   |
|    电池    | 300037 |   新宙邦    | 338.0  |  16.5   | -4.3 |   2.1   |   5.3   |
|    电池    | 603659 |   璞泰来    | 1001.0 |  39.3   | -3.2 |   1.7   |   1.6   |
|    电池    | 300340 |  科恒股份   |  30.3  |  48.0   | -4.2 |   1.6   |   1.4   |
|    电池    | 300014 |  亿纬锂能   | 1854.0 |  88.9   | -3.1 |   1.2   |   8.7   |
|    电池    | 002733 |  雄韬股份   |  53.8  |  114.9  | -3.2 |   0.9   |   0.2   |
|    电池    | 300890 |   翔丰华    |  48.5  |  33.0   | -3.5 |  -4.3   |   0.1   |
|    电池    | 300919 |  中伟股份   | 725.6  |  71.2   | -4.3 |  -7.8   |   0.4   |
|    电机    | 002576 |  通达动力   |  19.9  |  49.3   | -4.5 |   2.1   |   2.2   |
|    电机    | 600580 |  卧龙电驱   | 173.0  |  21.8   | -3.3 |   0.5   |   3.4   |
|    电机    | 301226 |  祥明智能   |  22.9  |  37.9   | -3.8 |  -1.7   |   1.2   |
|    电机    | 000922 |  佳电股份   |  48.0  |  15.9   | -4.5 |  -7.2   |  -8.9   |
|  电子元件  | 600237 |  铜峰电子   |  40.1  |  47.7   | -3.8 |   3.6   |   1.9   |
|  电子元件  | 688210 |  统联精密   |  24.8  |  63.3   | -4.5 |   1.8   |  -3.1   |
|  电子元件  | 688800 |   瑞可达    | 128.9  |  57.8   | -3.0 |   1.8   |  -0.6   |
|  电子元件  | 002463 |  沪电股份   | 309.3  |  31.0   | -4.1 |  -3.5   |   0.2   |
|  电子元件  | 600563 |  法拉电子   | 383.8  |  47.0   | -3.6 |  -7.2   |  -8.6   |
|  电力行业  | 600505 |  西昌电力   |  31.5  |  -37.4  | -3.1 |  -1.0   |  -2.1   |
|  电力行业  | 000767 |  晋控电力   | 117.5  | 1014.2  | -3.8 |  -1.0   |   0.0   |
|  电力行业  | 000883 |  湖北能源   | 343.6  |  15.6   | -3.1 |  -1.7   |   1.6   |
|  电力行业  | 002608 |  江苏国信   | 260.7  |  18.1   | -5.2 |  -3.1   |  13.5   |
|  电力行业  | 600780 |  通宝能源   |  60.6  |   5.7   | -3.1 |  -3.3   |  -4.7   |
|  电力行业  | 600969 |  郴电国际   |  34.0  |  28.7   | -4.2 |  -5.1   |   1.1   |
|  电力行业  | 600726 |   *ST华源   |  49.2  |  -1.6   | -4.9 |  -5.3   |  -1.2   |
|  电力行业  | 600101 |  明星电力   |  40.6  |  24.4   | -4.3 |  -5.5   |  -9.1   |
|  电力行业  | 000966 |  长源电力   | 174.3  |  54.5   | -4.1 |  -7.0   |   8.4   |
|  电力行业  | 000899 |  赣能股份   |  58.7  | -1446.8 | -4.3 |  -8.4   |  -2.8   |
|  生物制品  | 300357 |  我武生物   | 233.3  |  63.6   | -3.3 |  -2.5   |  -3.2   |
|  玻璃玻纤  | 603256 |  宏和科技   |  63.1  |  101.2  | -3.1 |   1.0   |   0.6   |
|  玻璃玻纤  | 600876 |  洛阳玻璃   | 143.8  |  32.1   | -3.9 |  -2.5   |  -6.4   |
|  玻璃玻纤  | 300093 |  金刚玻璃   |  72.8  |  -58.0  | -4.0 |  -5.3   |  -3.3   |
|  玻璃玻纤  | 002613 |  北玻股份   |  54.6  |  95.2   | -3.2 |  -5.7   |  -9.9   |
|  环保行业  | 603324 |  盛剑环境   |  49.2  |  87.0   | -3.8 |   3.6   |  -0.8   |
|  环保行业  | 300056 |  中创环保   |  23.6  |  140.1  | -3.9 |   3.5   |  12.9   |
|  环保行业  | 301049 |  超越科技   |  21.8  |  64.4   | -3.5 |   1.3   |  -2.2   |
|  环保行业  | 301259 |   艾布鲁    |  34.6  |  76.0   | -3.9 |  -0.3   |  -3.9   |
|  环保行业  | 300266 |  兴源环境   |  60.8  |  -60.7  | -4.9 |  -3.2   |   4.9   |
|  环保行业  | 000820 |   *ST节能   |  23.9  | -215.9  | -3.9 |  -4.8   |  -2.9   |
|  环保行业  | 300140 |  中环装备   |  29.0  | -158.6  | -3.6 |  -5.4   |  -14.7  |
|  环保行业  | 603588 |  高能环境   | 148.7  |  21.8   | -4.5 |  -8.6   |  -8.9   |
|  物流行业  | 300013 |  新宁物流   |  20.8  |  87.8   | -3.1 |  -2.3   |  -5.3   |
|  物流行业  | 002468 |  申通快递   | 172.1  |  40.4   | -4.3 |  -4.0   |  -2.9   |
|  物流行业  | 600233 |  圆通速递   | 702.0  |  20.2   | -3.5 |  -6.1   |  -5.8   |
|  物流行业  | 605050 |   福然德    |  54.9  |  19.5   | -3.1 |  -6.2   |  -4.2   |
|  物流行业  | 601156 |  东航物流   | 330.2  |   6.0   | -5.9 |  -6.7   |  -7.3   |
|    燃气    | 300435 |  中泰股份   |  58.6  |  23.5   | -3.6 |   1.4   |   3.3   |
|    燃气    | 300483 |  首华燃气   |  41.0  |  24.1   | -3.6 |  -2.3   |   3.7   |
|    燃气    | 603318 |  水发燃气   |  31.2  |  60.4   | -4.6 |  -3.1   |   1.0   |
|    燃气    | 603706 |  东方环宇   |  29.9  |  11.9   | -3.8 |  -4.0   |  -0.4   |
|    燃气    | 600617 |  国新能源   |  69.0  |   9.9   | -3.8 |  -6.4   |  -1.6   |
|  煤炭行业  | 601015 |  陕西黑猫   | 133.2  |  14.0   | -3.1 |   8.0   |  13.6   |
|  煤炭行业  | 000723 |  美锦能源   | 527.8  |  19.5   | -3.6 |   2.7   |   8.3   |
|  煤炭行业  | 601011 |   宝泰隆    |  83.0  |  48.4   | -3.4 |   0.0   |   2.9   |
|  煤炭行业  | 600408 |  安泰集团   |  40.0  |  19.6   | -5.2 |  -0.2   |  11.2   |
|  煤炭行业  | 600740 |  山西焦化   | 164.7  |   7.6   | -3.7 |  -0.8   |   9.9   |
|  煤炭行业  | 600792 |  云煤能源   |  44.2  |  -22.1  | -4.5 |  -0.9   |   8.0   |
|  煤炭行业  | 600997 |  开滦股份   | 128.1  |   5.4   | -3.2 |  -1.2   |   4.7   |
|  煤炭行业  | 000571 |   ST大洲    |  17.5  |  12.4   | -4.9 |  -1.8   |   9.7   |
|  煤炭行业  | 600395 |  盘江股份   | 204.8  |  10.7   | -4.5 |  -2.2   |   3.4   |
|  煤炭行业  | 600188 |  兖矿能源   | 2069.0 |   7.8   | -3.5 |  -2.3   |   7.9   |
|  煤炭行业  | 601101 |  昊华能源   | 120.6  |   9.6   | -3.2 |  -2.3   |   3.6   |
|  煤炭行业  | 600397 |  安源煤业   |  37.2  |  -5.9   | -4.1 |  -2.6   |  13.9   |
|  煤炭行业  | 600403 |  大有能源   | 141.3  |  14.7   | -4.8 |  -2.8   |   6.7   |
|  煤炭行业  | 000552 |  靖远煤电   | 118.5  |   6.6   | -3.0 |  -3.5   |   8.2   |
|  煤炭行业  | 000983 |  山西焦煤   | 637.0  |   6.5   | -3.9 |  -4.5   |   3.0   |
|  煤炭行业  | 000937 |  冀中能源   | 306.0  |   7.8   | -3.2 |  -4.6   |   4.2   |
|  煤炭行业  | 600725 |  云维股份   |  52.4  |  181.7  | -3.9 |  -6.8   |  -2.8   |
|  煤炭行业  | 600546 |  山煤国际   | 389.8  |   5.9   | -5.8 |  -8.3   |   4.3   |
|    游戏    | 002517 |  恺英网络   | 117.3  |  11.8   | -3.4 |  -2.7   |  -3.4   |
|  消费电子  | 688683 |  莱尔科技   |  35.1  |  85.5   | -3.6 |  10.3   |   7.0   |
|  消费电子  | 300256 |   *ST星星   |  25.9  |  -18.4  | -3.9 |  -4.6   |   0.0   |
|  消费电子  | 002655 |  共达电声   |  43.8  |  56.6   | -4.0 |  -4.8   |  -7.2   |
| 汽车零部件 | 002101 |  广东鸿图   |  88.1  |  30.0   | -3.1 |  17.2   |  28.2   |
| 汽车零部件 | 301133 |  金钟股份   |  30.5  |  47.5   | -5.1 |  15.2   |  13.0   |
| 汽车零部件 | 300969 |  恒帅股份   |  74.7  |  58.8   | -3.9 |  13.8   |  20.6   |
| 汽车零部件 | 002355 |  兴民智通   |  29.2  |  -11.5  | -5.2 |   8.8   |   9.6   |
| 汽车零部件 | 603178 |  圣龙股份   |  29.1  |  30.0   | -4.3 |   8.0   |   7.8   |
| 汽车零部件 | 301020 |  密封科技   |  33.5  |  40.9   | -5.1 |   7.5   |   7.5   |
| 汽车零部件 | 603917 |  合力科技   |  26.2  |  56.7   | -3.4 |   6.6   |   8.9   |
| 汽车零部件 | 603982 |  泉峰汽车   |  55.4  |  78.2   | -5.0 |   6.3   |  25.5   |
| 汽车零部件 | 300580 |   贝斯特    |  40.3  |  26.7   | -3.9 |   5.7   |   7.4   |
| 汽车零部件 | 603035 |  XD常熟汽   |  61.6  |  19.6   | -3.9 |   4.2   |   7.7   |
| 汽车零部件 | 600218 |  全柴动力   |  42.7  |  29.6   | -3.1 |   2.9   |   2.9   |
| 汽车零部件 | 002662 |  京威股份   |  53.1  |  13.2   | -3.0 |   2.0   |   2.0   |
| 汽车零部件 | 603335 |   迪生力    |  25.2  |  51.5   | -3.1 |   1.7   |   0.0   |
| 汽车零部件 | 000903 |  云内动力   |  58.1  |  -15.3  | -3.3 |   1.7   |   0.0   |
| 汽车零部件 | 600742 |  一汽富维   |  64.5  |  21.4   | -3.4 |   1.7   |   3.6   |
| 汽车零部件 | 300100 |  双林股份   |  37.0  |  29.6   | -3.2 |   1.7   |   4.1   |
| 汽车零部件 | 002590 |  万安科技   |  40.5  | -415.8  | -5.8 |   1.0   |   3.4   |
| 汽车零部件 | 603348 |  文灿股份   | 146.8  |  46.2   | -3.8 |   0.5   |   9.2   |
| 汽车零部件 | 300507 |  苏奥传感   |  54.6  |  55.3   | -3.1 |   0.1   |   0.6   |
| 汽车零部件 | 600178 |  东安动力   |  32.6  |  41.7   | -3.1 |  -0.4   |  -1.3   |
| 汽车零部件 | 601279 |  英利汽车   |  99.8  |  339.0  | -4.3 |  -0.5   |   6.7   |
| 汽车零部件 | 002920 |  德赛西威   | 798.8  |  62.8   | -3.5 |  -0.5   |  -1.5   |
| 汽车零部件 | 603166 |  福达股份   |  47.0  |  39.1   | -4.0 |  -0.6   |   1.5   |
| 汽车零部件 | 603767 |  中马传动   |  25.7  |  540.6  | -3.5 |  -0.7   |  -1.1   |
| 汽车零部件 | 600609 |  金杯汽车   |  76.0  |  64.6   | -3.2 |  -0.8   |   9.0   |
| 汽车零部件 | 002664 |  长鹰信质   |  59.7  |  46.8   | -4.2 |  -0.9   |  -0.7   |
| 汽车零部件 | 301229 |   纽泰格    |  26.6  |  127.8  | -3.7 |  -1.1   |  -5.1   |
| 汽车零部件 | 002725 |  跃岭股份   |  26.6  |  65.8   | -3.6 |  -1.3   |  -5.5   |
| 汽车零部件 | 301005 |  超捷股份   |  23.2  |  35.6   | -3.7 |  -1.6   |   0.3   |
| 汽车零部件 | 600698 |  湖南天雁   |  55.1  | 3442.7  | -3.5 |  -1.9   |  -5.5   |
| 汽车零部件 | 301007 |   德迈仕    |  22.6  |  51.5   | -3.3 |  -2.6   |  -6.8   |
| 汽车零部件 | 603023 |  威帝股份   |  27.0  |  970.0  | -3.0 |  -3.8   |  -5.7   |
| 汽车零部件 | 300928 |  华安鑫创   |  35.7  |  162.8  | -3.2 |  -4.3   |  -2.7   |
| 汽车零部件 | 600081 |  东风科技   |  59.6  |  31.1   | -4.0 |  -5.2   |  -13.5  |
| 汽车零部件 | 301186 |  超达装备   |  23.9  |  72.3   | -4.4 |  -6.2   |  -3.1   |
|  汽车整车  | 601633 |  长城汽车   | 3652.0 |  55.9   | -4.3 |   8.0   |  12.4   |
|  汽车整车  | 000980 |   ST众泰    | 194.1  |  -31.0  | -4.5 |   5.2   |   3.8   |
|  汽车整车  | 000550 |  江铃汽车   | 136.6  |  17.6   | -3.5 |   4.3   |   2.1   |
|  汽车整车  | 601777 |  力帆科技   | 236.7  |  116.4  | -3.7 |   1.4   |  13.6   |
|  汽车整车  | 000572 |  海马汽车   | 103.3  |  -42.4  | -4.7 |  -0.2   |  12.5   |
|  水泥建材  | 000546 |  金圆股份   | 115.0  | -200.0  | -4.0 |   0.3   |   0.3   |
|  橡胶制品  | 002068 |  黑猫股份   | 108.0  | -258.9  | -4.2 |  11.9   |  10.4   |
|  有色金属  | 688786 |  悦安新材   |  34.8  |  32.2   | -3.5 |   1.1   |  -1.1   |
|  有色金属  | 600331 |  宏达股份   |  71.7  |  55.1   | -3.5 |   0.9   |   1.4   |
|  有色金属  | 300057 |  万顺新材   |  57.7  |  26.7   | -3.5 |  -1.4   |  -1.3   |
|  有色金属  | 601137 |  博威合金   | 125.8  |  23.1   | -4.1 |  -4.9   |  -2.0   |
|  有色金属  | 601702 |  华峰铝业   | 105.4  |  25.6   | -3.1 |  -5.3   |  -2.4   |
|  有色金属  | 603045 |  福达合金   |  22.1  |  144.2  | -3.5 |  -5.3   |  -4.0   |
|  有色金属  | 000933 |  神火股份   | 316.3  |   4.1   | -3.2 |  -7.2   |  -3.0   |
|  有色金属  | 002501 |   *ST利源   |  74.2  |  -24.3  | -3.2 |  -7.5   |  -7.1   |
|  旅游酒店  | 300178 |   腾邦退    |  1.5   |  -0.2   | -4.0 |   4.3   |  -4.0   |
|  文化传媒  | 300336 |   *ST新文   |  13.1  |  -16.1  | -3.5 |   0.6   |  -2.4   |
|  文化传媒  | 002699 |   ST美盛    |  34.3  | -168.5  | -5.0 |  -14.3  |  -26.5  |
| 房地产开发 | 600067 |  冠城大通   |  52.7  |  48.2   | -3.3 |   1.1   |  -2.8   |
| 房地产开发 | 600393 |  粤泰股份   |  42.9  |  -14.9  | -5.6 |  -8.2   |  -6.6   |
| 房地产开发 | 000809 |   ST新城    |  20.8  |  -16.0  | -4.9 |  -11.6  |  -13.7  |
|  工程机械  | 301040 |  中环海陆   |  27.4  |  40.2   | -3.0 |  -4.5   |  -10.7  |
|  工程机械  | 002272 |  川润股份   |  24.1  |  62.1   | -4.2 |  -5.5   |   4.5   |
|  工程建设  | 000628 |  高新发展   |  65.5  |  142.3  | -4.6 |  -4.6   |  12.0   |
|   小金属   | 600281 |  华阳新材   |  27.5  |  250.6  | -3.1 |   8.1   |   6.6   |
|   小金属   | 002182 |  云海金属   | 137.2  |  11.3   | -3.5 |   2.7   |  10.0   |
|   小金属   | 600111 |  北方稀土   | 1464.0 |  23.5   | -3.0 |   1.8   |   8.2   |
|   小金属   | 002057 |  中钢天源   |  70.9  |  28.6   | -4.4 |  -1.4   |  -1.5   |
|   小金属   | 000657 |  中钨高新   | 164.4  |  38.2   | -5.2 |  -2.2   |   0.9   |
|   小金属   | 300811 |  铂科新材   |  90.1  |  69.7   | -5.5 |  -4.4   |  -4.8   |
|   小金属   | 002056 |  横店东磁   | 385.5  |  26.4   | -5.3 |  -6.9   |  -0.4   |
|  家电行业  | 002076 |   *ST雪莱   |  14.6  |  -16.9  | -3.1 |   6.7   |  11.8   |
|  家电行业  | 002759 |  天际股份   | 103.8  |   6.3   | -3.5 |   4.9   |   6.7   |
|  家电行业  | 002705 |  新宝股份   | 174.4  |  24.5   | -3.9 |   4.2   |  13.1   |
|  家用轻工  | 603398 |  沐邦高科   |  82.3  | -225.9  | -4.6 |  -5.6   |  -7.8   |
|  多元金融  | 000567 |  海德股份   | 142.3  |  27.9   | -3.4 |   0.3   |   1.5   |
|  塑料制品  | 300325 |   德威退    |  2.9   |  -2.6   | -3.3 |  31.8   |  20.8   |
|  塑料制品  | 002341 |  新纶新材   |  56.5  |  -15.7  | -3.5 |  16.7   |  16.1   |
|  塑料制品  | 002263 |   大东南    |  61.4  |  47.1   | -4.1 |   5.8   |   0.9   |
|  塑料制品  | 603330 |  上海天洋   |  34.8  |  853.2  | -4.5 |   4.7   |   2.4   |
|  塑料制品  | 300995 |  奇德新材   |  16.7  |  57.5   | -3.3 |   0.7   |  -2.0   |
|  塑料制品  | 603580 |  艾艾精工   |  15.1  | -1282.0 | -3.7 |  -1.7   |   2.2   |
|  塑料制品  | 301198 |  喜悦智行   |  29.0  |  54.3   | -4.5 |  -10.2  |  14.1   |
|  塑料制品  | 301131 |   聚赛龙    |  20.9  |  39.9   | -4.4 |  -12.5  |   5.4   |
|  商业百货  | 600693 |  东百集团   |  42.6  |  35.2   | -3.7 |   1.7   |   4.4   |
|  商业百货  | 002561 |   徐家汇    |  47.9  |  56.8   | -3.0 |  -6.1   |  -16.7  |
|   半导体   | 688213 |  思特威-W   | 190.6  |  337.7  | -4.0 |  -0.6   |  -4.7   |
|   半导体   | 688167 |  炬光科技   | 115.8  |  143.7  | -3.1 |  -3.1   |  -0.9   |
|  医疗器械  | 002817 |  黄山胶囊   |  21.6  |  38.8   | -3.1 |   3.7   |   6.6   |
|  化肥行业  | 002538 |   司尔特    |  92.4  |  15.0   | -3.1 |   6.2   |  21.7   |
|  化肥行业  | 002312 |  川发龙蟒   | 238.9  |  21.9   | -4.7 |   4.5   |  13.5   |
|  化肥行业  | 000902 |   新洋丰    | 233.4  |  14.3   | -4.1 |  -2.5   |   5.1   |
|  化肥行业  | 000893 |  亚钾国际   | 279.8  |  25.0   | -3.8 |  -3.5   |   6.8   |
|  化肥行业  | 002274 |  华昌化工   |  99.3  |  10.2   | -3.2 |  -5.2   |  -0.6   |
|  化肥行业  | 600470 |  六国化工   |  42.3  |  15.9   | -4.5 |  -6.3   |   2.1   |
|  化肥行业  | 600078 |   *ST澄星   |  72.3  |  26.8   | -4.5 |  -6.6   |  -7.4   |
|  化肥行业  | 002999 |  天禾股份   |  26.5  |  47.5   | -3.0 |  -8.5   |  -2.0   |
|  化纤行业  | 000301 |  东方盛虹   | 1101.0 |  40.0   | -4.4 |   6.3   |  18.5   |
|  化纤行业  | 000703 |  恒逸石化   | 427.1  |  14.6   | -3.9 |   2.4   |  10.0   |
|  化纤行业  | 600063 |  皖维高新   | 142.5  |   8.6   | -3.5 |  -2.5   |   5.0   |
|  化纤行业  | 002427 |   *ST尤夫   |  35.6  |  -5.0   | -3.2 |  -4.9   |  -5.5   |
|  化学原料  | 603077 |  和邦生物   | 360.3  |   8.6   | -4.5 |   4.6   |  13.7   |
|  化学原料  | 300082 |  奥克股份   |  80.4  |  20.1   | -4.3 |   2.9   |   7.8   |
|  化学原料  | 600367 |  红星发展   |  65.0  |  19.5   | -3.8 |   2.6   |  12.3   |
|  化学原料  | 002748 |  世龙实业   |  30.5  |  14.0   | -3.9 |   2.2   |   4.6   |
|  化学原料  | 301069 |  凯盛新材   | 166.9  |  60.6   | -3.6 |   1.9   |   3.4   |
|  化学原料  | 603213 |  镇洋发展   |  67.8  |  16.3   | -3.3 |  -0.2   |   3.2   |
|  化学原料  | 301256 |  华融化学   |  50.8  |  201.8  | -4.0 |  -0.2   |   2.0   |
|  化学原料  | 002386 |  天原股份   |  82.4  |  12.0   | -3.1 |  -1.1   |   2.1   |
|  化学原料  | 300927 |  江天化学   |  25.4  |  26.7   | -3.5 |  -1.8   |  -1.9   |
|  化学原料  | 603299 |  XD苏盐井   |  97.5  |  10.1   | -3.3 |  -5.2   |   6.0   |
|  化学原料  | 600618 |  氯碱化工   | 148.3  |   7.6   | -3.2 |  -5.2   |   0.0   |
|  化学原料  | 600328 |  中盐化工   | 209.5  |   8.5   | -5.7 |  -7.7   |  -0.6   |
|  化学原料  | 002053 |  云南能投   | 100.0  |  19.4   | -4.0 |  -8.4   |  -5.5   |
|  化学制药  | 002399 |   海普瑞    | 259.7  |  27.6   | -3.4 |   2.9   |   3.2   |
|  化学制药  | 300363 |  博腾股份   | 404.4  |  26.5   | -3.5 |  -4.6   |   3.4   |
|  化学制药  | 000953 |  河化股份   |  22.0  | -384.3  | -3.4 |  -8.2   |  -14.4  |
|  化学制品  | 300727 |  润禾材料   |  37.9  |  37.0   | -4.0 |  17.5   |  26.1   |
|  化学制品  | 002709 |  天赐材料   | 990.3  |  16.5   | -3.2 |  10.4   |  15.2   |
|  化学制品  | 300343 |  联创股份   | 179.9  |  14.6   | -3.8 |   9.4   |  19.3   |
|  化学制品  | 300769 |  德方纳米   | 623.0  |  20.4   | -3.1 |   8.8   |  18.9   |
|  化学制品  | 003022 |  联泓新科   | 482.9  |  112.4  | -5.0 |   8.1   |  28.6   |
|  化学制品  | 603948 |  建业股份   |  48.1  |   8.9   | -3.9 |   5.7   |   6.3   |
|  化学制品  | 603041 |   美思德    |  22.2  |  24.9   | -4.0 |   5.6   |   4.5   |
|  化学制品  | 300019 |  硅宝科技   |  78.2  |  45.8   | -4.4 |   4.9   |  10.2   |
|  化学制品  | 002915 |  中欣氟材   |  60.2  |  35.8   | -4.1 |   4.5   |   0.4   |
|  化学制品  | 002549 |  凯美特气   |  99.2  |  44.0   | -3.0 |   4.2   |   8.1   |
|  化学制品  | 603683 |  晶华新材   |  20.8  | 1547.4  | -5.5 |   4.1   |   5.7   |
|  化学制品  | 002326 |  永太科技   | 272.1  |  17.4   | -4.4 |   3.1   |   6.3   |
|  化学制品  | 300721 |  怡达股份   |  30.8  |  18.5   | -3.5 |   2.6   |   2.9   |
|  化学制品  | 603822 |  嘉澳环保   |  34.3  |  30.5   | -4.5 |   2.5   |  -1.9   |
|  化学制品  | 300041 |  回天新材   |  63.4  |  17.9   | -3.9 |   1.7   |  -0.1   |
|  化学制品  | 002783 |  凯龙股份   |  32.9  |  12.5   | -3.0 |   0.7   |  -0.3   |
|  化学制品  | 603867 |  新化股份   |  49.3  |  12.3   | -4.9 |  -0.6   |   0.8   |
|  化学制品  | 600378 |  昊华科技   | 354.0  |  39.8   | -3.9 |  -1.4   |  -1.6   |
|  化学制品  | 603192 |  汇得科技   |  30.2  |  36.0   | -3.7 |  -1.9   |  -1.7   |
|  化学制品  | 300200 |  高盟新材   |  35.4  |  21.8   | -3.9 |  -2.2   |  -2.5   |
|  化学制品  | 002246 |  北化股份   |  49.4  |  78.0   | -3.0 |  -2.3   |  -4.8   |
|  化学制品  | 002562 |  兄弟科技   |  70.3  |  17.1   | -4.6 |  -2.4   |  10.0   |
|  化学制品  | 688116 |  天奈科技   | 327.9  |  82.0   | -4.0 |  -2.6   |  -1.6   |
|  化学制品  | 300530 |  达志科技   |  47.4  |  -12.7  | -3.0 |  -3.6   |  -4.7   |
|  化学制品  | 603227 |  雪峰科技   |  60.5  |  20.5   | -3.4 |  -5.0   |  -0.8   |
|  化学制品  | 000985 |  大庆华科   |  23.2  |  44.7   | -5.5 |  -5.2   |  -9.4   |
|  化学制品  | 600370 |   三房巷    | 138.7  |   9.0   | -4.6 |  -5.3   |  -1.7   |
|  化学制品  | 301092 |  争光股份   |  39.7  |  50.2   | -4.6 |  -7.5   |  -4.5   |
|  包装材料  | 002565 |  顺灏股份   |  51.6  | -446.5  | -3.6 |  -0.6   |   1.5   |
|  包装材料  | 002735 |  王子新材   |  44.6  |  27.3   | -3.7 |  -11.4  |  -12.2  |
|  农药兽药  | 301035 |  润丰股份   | 208.1  |  13.4   | -5.3 |   1.5   |  -0.2   |
|  农药兽药  | 000553 |   安道麦A   | 291.2  |  17.0   | -4.7 |   1.1   |   1.5   |
|  农药兽药  | 300575 |  中旗股份   |  57.0  |  13.1   | -3.5 |   0.6   |   5.6   |
|  农药兽药  | 002868 |  绿康生化   |  20.0  |  -56.1  | -3.2 |   0.6   |   2.6   |
|  农药兽药  | 002250 |  联化科技   | 145.5  |  49.1   | -3.7 |  -1.5   |   2.3   |
|  农药兽药  | 600486 |  扬农化工   | 441.9  |  12.2   | -3.5 |  -2.4   |  -1.4   |
|  农药兽药  | 603585 |  苏利股份   |  35.7  |   9.1   | -3.6 |  -2.5   |  -1.8   |
|  农药兽药  | 002513 |  蓝丰生化   |  20.2  |  573.0  | -4.1 |  -4.1   |  -3.9   |
|  农药兽药  | 600389 |  江山股份   | 196.6  |   7.6   | -4.1 |  -4.3   |  -0.3   |
|  农药兽药  | 300261 |  雅本化学   | 133.0  |  47.6   | -3.0 |  -5.1   |  -13.2  |
|  农牧饲渔  | 603477 |  巨星农牧   | 118.3  |  -9.5   | -3.9 |   6.9   |  19.9   |
|  农牧饲渔  | 600540 |  新赛股份   |  31.2  |  -45.0  | -3.2 |   1.1   |  -2.7   |
|  农牧饲渔  | 600251 |  XD冠农股   |  82.1  |   9.3   | -3.2 |  -1.6   |   1.1   |
|  农牧饲渔  | 600313 |  农发种业   | 145.2  |  191.2  | -4.6 |  -3.5   |  -3.0   |
|  公用事业  | 002893 |  华通热力   |  18.1  |   3.1   | -4.6 |  -2.0   |   5.4   |
|  光伏设备  | 300827 |  上能电气   | 107.7  |  167.0  | -3.6 |   5.2   |  19.1   |
|  光伏设备  | 002309 |   ST中利    |  38.5  |  -15.2  | -4.8 |   1.4   |   6.3   |
|  光伏设备  | 300842 |  帝科股份   |  46.3  |  63.2   | -4.5 |  -1.2   |  -1.1   |
|  光伏设备  | 688560 |  明冠新材   |  51.5  |  38.6   | -3.7 |  -2.7   |  -2.4   |
|  光伏设备  | 688556 |  高测股份   | 158.6  |  41.0   | -4.8 |  -3.0   |   2.5   |
|  光伏设备  | 688303 |  大全能源   | 1293.0 |   7.5   | -4.3 |  -3.5   |   0.4   |
|  光伏设备  | 002459 |  晶澳科技   | 1605.0 |  53.5   | -3.5 |  -4.7   |   2.8   |
|  光伏设备  | 603212 |  赛伍技术   | 102.8  |  29.0   | -3.8 |  -4.7   |  -2.6   |
|  光伏设备  | 688680 |  海优新材   | 168.0  |  54.4   | -4.0 |  -8.3   |  -12.5  |
|  光伏设备  | 688223 |  晶科能源   | 1444.0 |  90.0   | -4.9 |  -8.7   |  -9.1   |
|  光伏设备  | 688599 |  天合光能   | 1198.0 |  55.1   | -3.5 |  -11.9  |  -15.0  |
|  仪器仪表  | 688337 | 普源精电-U  |  69.4  |  405.3  | -4.1 |   0.9   |   1.5   |
|  仪器仪表  | 300370 |   *ST安控   |  20.4  |  -7.6   | -3.6 |  -8.6   |  -0.5   |
|  交运设备  | 301215 |  中汽股份   |  96.1  |  124.8  | -4.2 |   2.8   |   0.6   |
|  交运设备  | 689009 | 九号公司-WD | 369.6  |  240.3  | -4.2 |  -3.9   |  -6.3   |
|  交运设备  | 300351 |  永贵电器   |  50.9  |  33.0   | -4.8 |  -7.6   |  -3.8   |
|  交运设备  | 600099 |  林海股份   |  19.2  |  218.8  | -5.7 |  -8.4   |  -13.2  |
| 互联网服务 | 300496 |  中科创达   | 537.7  |  86.3   | -3.8 |   6.2   |   5.4   |
| 互联网服务 | 300250 |  初灵信息   |  33.0  |  245.7  | -3.7 |   5.7   |  25.6   |
| 互联网服务 | 600536 |  中国软件   | 263.5  |  -64.2  | -4.6 |   1.5   |   7.4   |
| 互联网服务 | 300687 |  赛意信息   |  94.3  |  169.0  | -5.1 |  -3.5   |  -7.2   |
| 互联网服务 | 688258 |  卓易信息   |  30.9  |  48.0   | -5.6 |  -10.0  |  -5.5   |
|    中药    | 603139 |  康惠制药   |  21.1  |  60.1   | -5.6 |  -2.0   |   1.7   |
|    中药    | 002873 |  新天药业   |  26.7  |  21.6   | -3.2 |  -4.9   |  -2.1   |
|  专用设备  | 688559 |   海目星    | 152.6  |  343.4  | -4.0 |  10.6   |  12.2   |
|  专用设备  | 000519 |  中兵红箭   | 389.1  |  34.5   | -3.4 |   3.7   |   7.3   |
|  专用设备  | 300471 |  厚普股份   |  62.5  |  -86.5  | -4.5 |   3.2   |   4.3   |
|  专用设备  | 688718 |   唯赛勃    |  33.2  | -3131.3 | -3.3 |   2.5   |  -3.2   |
|  专用设备  | 300540 |  蜀道装备   |  36.0  |  58.9   | -3.7 |   2.4   |  -0.0   |
|  专用设备  | 688633 |  星球石墨   |  34.2  |  22.4   | -4.7 |   1.7   |   0.2   |
|  专用设备  | 300619 |   金银河    |  71.8  | -196.3  | -3.9 |   1.0   |   5.7   |
|  专用设备  | 688162 |  巨一科技   |  74.0  |  51.0   | -3.2 |  -0.7   |  -0.8   |
|  专用设备  | 688128 |  中国电研   |  85.4  |  43.5   | -5.9 |  -0.9   |  -1.4   |
|  专用设备  | 002529 |  海源复材   |  47.6  |  777.3  | -4.8 |  -2.1   |  -6.7   |
|  专用设备  | 002009 |  天奇股份   |  67.7  |  19.0   | -3.1 |  -2.5   |   0.9   |
|  专用设备  | 000852 |  石化机械   |  61.4  |  134.6  | -4.3 |  -2.5   |   1.9   |
|  专用设备  | 002006 |  精功科技   | 120.3  |  119.2  | -3.7 |  -3.5   |   5.2   |
|  专用设备  | 301018 |  申菱环境   |  54.5  |  37.2   | -3.0 |  -3.9   |  -5.2   |
|  专用设备  | 300412 |  迦南科技   |  34.0  |  46.9   | -3.5 |  -3.9   |  -8.7   |
|  专用设备  | 002490 |  山东墨龙   |  32.8  |  -12.2  | -3.5 |  -4.0   |  -0.7   |
|  专用设备  | 300833 |  浩洋股份   |  69.3  |  28.3   | -3.9 |  -4.5   |  -5.8   |
|  专用设备  | 002353 |  杰瑞股份   | 408.0  |  46.8   | -4.7 |  -7.1   |   0.8   |
|  专用设备  | 301013 |   利和兴    |  29.5  |  -74.6  | -5.0 |  -8.3   |  -4.9   |
|  专用设备  | 688377 |   迪威尔    |  59.3  |  48.7   | -4.9 |  -8.9   |  -3.9   |
|  专业服务  | 002564 |  天沃科技   |  39.6  |  528.6  | -4.0 |  -7.0   |  -9.5   |
|     —      | 835179 |  凯德石英   |  15.7  |  44.9   | -4.0 |   1.3   |   2.7   |
|     —      | 836239 |  长虹能源   |  56.8  |  25.2   | -3.2 |  -6.3   |  -3.9   |
+------------+--------+-------------+--------+---------+------+---------+---------+
