[行业>市值]
+----------+--------+----------+-------+--------+------+---------+---------+
|   行业   |  代码  |   名称   | 市值  |   pe   | 涨幅 | 3日涨幅 | 6日涨幅 |
+----------+--------+----------+-------+--------+------+---------+---------+
| 包装材料 | 002191 | 劲嘉股份 | 140.5 |  11.5  | -1.1 |  -3.8   |  -10.4  |
| 包装材料 | 002701 |  奥瑞金  | 132.0 |  16.0  | 0.0  |  -1.2   |  -1.9   |
| 包装材料 | 600210 | 紫江企业 | 99.0  |  20.4  | 3.2  |  -0.6   |   2.0   |
| 包装材料 | 601968 | 宝钢包装 | 92.1  |  35.9  | 1.2  |   5.5   |   6.8   |
| 包装材料 | 601515 | 东风股份 | 85.0  |  17.5  | 0.0  |  -0.9   |  -0.2   |
| 包装材料 | 002735 | 王子新材 | 54.9  |  33.6  | 0.9  |  22.2   |  26.3   |
| 包装材料 | 002303 |  美盈森  | 50.8  |  30.9  | 0.3  |  -2.6   |  -3.5   |
| 包装材料 | 002565 | 顺灏股份 | 50.5  | -436.4 | 2.1  |  -4.0   |  -5.7   |
| 包装材料 | 301062 | 上海艾录 | 49.1  |  38.6  | -1.5 |  -1.1   |   5.2   |
| 包装材料 | 600836 | 上海易连 | 48.0  | 550.8  | 2.3  |   5.6   |   6.1   |
| 包装材料 | 002752 | 昇兴股份 | 45.9  |  24.4  | -1.1 |  -3.1   |  -2.1   |
| 包装材料 | 002228 | 合兴包装 | 44.5  |  21.2  | 0.3  |   0.0   |  -0.8   |
| 包装材料 | 000659 | 珠海中富 | 43.7  | -56.2  | -0.6 |   0.0   |   8.3   |
| 包装材料 | 000812 | 陕西金叶 | 43.4  | 166.7  | 0.4  |  -4.2   |  -3.4   |
| 包装材料 | 603687 |  大胜达  | 42.7  |  43.7  | 0.3  |   2.9   |  10.1   |
| 包装材料 | 002014 | 永新股份 | 40.9  |  15.7  | 0.1  |  -0.6   |   0.3   |
| 包装材料 | 002969 | 嘉美包装 | 38.9  | 165.7  | 0.2  |  -2.6   |  -0.2   |
| 包装材料 | 002951 | 金时科技 | 36.9  | 964.1  | 3.5  |  -1.0   |  -12.0  |
| 包装材料 | 300501 | 海顺新材 | 29.2  |  28.7  | 3.4  |   0.9   |   0.4   |
| 包装材料 | 002799 | 环球印务 | 27.8  |  25.4  | -1.8 |  -3.7   |  -2.6   |
| 包装材料 | 002599 | 盛通股份 | 26.7  | -26.9  | 2.9  |  -0.4   |  -1.4   |
| 包装材料 | 002846 | 英联股份 | 20.1  | -94.8  | -0.8 |  -1.4   |   1.0   |
| 包装材料 | 002787 | 华源控股 | 18.4  | 143.2  | 0.9  |   0.2   |   0.2   |
| 包装材料 | 603022 |  新通联  | 17.8  |  55.6  | -0.1 |  -3.9   |  -1.2   |
| 包装材料 | 003003 | 天元股份 | 15.7  | 1350.1 | -0.2 |  -2.6   |  -2.8   |
+----------+--------+----------+-------+--------+------+---------+---------+
 




 [行业>单日涨幅]
+----------+--------+----------+-------+--------+------+---------+---------+
|   行业   |  代码  |   名称   | 市值  |   pe   | 涨幅 | 3日涨幅 | 6日涨幅 |
+----------+--------+----------+-------+--------+------+---------+---------+
| 包装材料 | 002951 | 金时科技 | 36.9  | 964.1  | 3.5  |  -1.0   |  -12.0  |
| 包装材料 | 300501 | 海顺新材 | 29.2  |  28.7  | 3.4  |   0.9   |   0.4   |
| 包装材料 | 600210 | 紫江企业 | 99.0  |  20.4  | 3.2  |  -0.6   |   2.0   |
| 包装材料 | 002599 | 盛通股份 | 26.7  | -26.9  | 2.9  |  -0.4   |  -1.4   |
| 包装材料 | 600836 | 上海易连 | 48.0  | 550.8  | 2.3  |   5.6   |   6.1   |
| 包装材料 | 002565 | 顺灏股份 | 50.5  | -436.4 | 2.1  |  -4.0   |  -5.7   |
| 包装材料 | 601968 | 宝钢包装 | 92.1  |  35.9  | 1.2  |   5.5   |   6.8   |
| 包装材料 | 002735 | 王子新材 | 54.9  |  33.6  | 0.9  |  22.2   |  26.3   |
| 包装材料 | 002787 | 华源控股 | 18.4  | 143.2  | 0.9  |   0.2   |   0.2   |
| 包装材料 | 000812 | 陕西金叶 | 43.4  | 166.7  | 0.4  |  -4.2   |  -3.4   |
| 包装材料 | 002303 |  美盈森  | 50.8  |  30.9  | 0.3  |  -2.6   |  -3.5   |
| 包装材料 | 603687 |  大胜达  | 42.7  |  43.7  | 0.3  |   2.9   |  10.1   |
| 包装材料 | 002228 | 合兴包装 | 44.5  |  21.2  | 0.3  |   0.0   |  -0.8   |
| 包装材料 | 002969 | 嘉美包装 | 38.9  | 165.7  | 0.2  |  -2.6   |  -0.2   |
| 包装材料 | 002014 | 永新股份 | 40.9  |  15.7  | 0.1  |  -0.6   |   0.3   |
| 包装材料 | 002701 |  奥瑞金  | 132.0 |  16.0  | 0.0  |  -1.2   |  -1.9   |
| 包装材料 | 601515 | 东风股份 | 85.0  |  17.5  | 0.0  |  -0.9   |  -0.2   |
| 包装材料 | 603022 |  新通联  | 17.8  |  55.6  | -0.1 |  -3.9   |  -1.2   |
| 包装材料 | 003003 | 天元股份 | 15.7  | 1350.1 | -0.2 |  -2.6   |  -2.8   |
| 包装材料 | 000659 | 珠海中富 | 43.7  | -56.2  | -0.6 |   0.0   |   8.3   |
| 包装材料 | 002846 | 英联股份 | 20.1  | -94.8  | -0.8 |  -1.4   |   1.0   |
| 包装材料 | 002752 | 昇兴股份 | 45.9  |  24.4  | -1.1 |  -3.1   |  -2.1   |
| 包装材料 | 002191 | 劲嘉股份 | 140.5 |  11.5  | -1.1 |  -3.8   |  -10.4  |
| 包装材料 | 301062 | 上海艾录 | 49.1  |  38.6  | -1.5 |  -1.1   |   5.2   |
| 包装材料 | 002799 | 环球印务 | 27.8  |  25.4  | -1.8 |  -3.7   |  -2.6   |
+----------+--------+----------+-------+--------+------+---------+---------+
