[行业>市值]
+----------+--------+----------+-------+--------+------+---------+---------+
|   行业   |  代码  |   名称   | 市值  |   pe   | 涨幅 | 3日涨幅 | 6日涨幅 |
+----------+--------+----------+-------+--------+------+---------+---------+
| 家用轻工 | 603899 | 晨光股份 | 503.1 |  45.6  | -0.7 |   1.2   |   6.9   |
| 家用轻工 | 001323 | 慕思股份 | 185.2 |  37.3  | -2.9 |  -4.1   |  -9.3   |
| 家用轻工 | 605099 | 共创草坪 | 107.0 |  31.4  | -1.0 |  -1.6   |  -6.2   |
| 家用轻工 | 603398 | 沐邦高科 | 97.3  | -267.1 | -1.5 |   0.7   |   0.9   |
| 家用轻工 | 002678 | 珠江钢琴 | 78.8  |  37.1  | -0.5 |   0.7   |  -0.3   |
| 家用轻工 | 002489 | 浙江永强 | 77.7  |  14.2  | -1.4 |  -0.3   |  -11.6  |
| 家用轻工 | 301101 | 明月镜片 | 66.6  |  75.3  | -0.3 |   3.9   |   9.8   |
| 家用轻工 | 603848 |  好太太  | 65.8  |  36.3  | -5.1 |  -7.4   |  -0.9   |
| 家用轻工 | 002605 | 姚记科技 | 64.8  |  17.6  | -2.4 |  -3.3   |  -5.5   |
| 家用轻工 | 002301 | 齐心集团 | 48.1  |  21.9  | -0.5 |   0.5   |   4.0   |
| 家用轻工 | 605299 | 舒华体育 | 45.0  |  84.7  | 0.8  |   1.1   |   1.4   |
| 家用轻工 | 300729 | 乐歌股份 | 38.6  |  53.6  | 0.3  |  -0.3   |  -2.7   |
| 家用轻工 | 300651 | 金陵体育 | 32.4  | 317.1  | -0.5 |  -0.6   |  -4.2   |
| 家用轻工 | 600439 |  瑞贝卡  | 31.6  |  61.8  | 1.1  |   2.6   |   3.7   |
| 家用轻工 | 002575 | 群兴玩具 | 28.5  | 410.6  | 0.4  |  -0.4   |  -2.3   |
| 家用轻工 | 002571 | 德力股份 | 28.3  | 274.2  | 0.1  |  -0.7   |  -2.7   |
| 家用轻工 | 002615 |  哈尔斯  | 25.2  |  20.4  | -0.8 |   0.8   |   2.2   |
| 家用轻工 | 301004 | 嘉益股份 | 23.7  |  18.0  | -0.5 |  -0.0   |  -4.8   |
| 家用轻工 | 002103 | 广博股份 | 23.3  | -38.9  | -0.5 |  -0.9   |  -1.4   |
| 家用轻工 | 002348 | 高乐股份 | 22.4  | -11.2  | 10.2 |   8.7   |  12.3   |
| 家用轻工 | 300329 | 海伦钢琴 | 17.6  |  69.9  | -0.6 |  -1.1   |  -1.1   |
| 家用轻工 | 300703 | 创源股份 | 16.9  | 104.4  | -0.7 |   1.2   |  -1.6   |
| 家用轻工 | 300640 | 德艺文创 | 16.7  |  50.5  | -0.8 |  -0.2   |   2.3   |
| 家用轻工 | 002899 |  英派斯  | 15.0  | 280.6  | 1.1  |   3.4   |   2.9   |
| 家用轻工 | 002862 | 实丰文化 | 13.6  | 176.9  | 0.3  |   1.3   |   3.4   |
+----------+--------+----------+-------+--------+------+---------+---------+
 




 [行业>单日涨幅]
+----------+--------+----------+-------+--------+------+---------+---------+
|   行业   |  代码  |   名称   | 市值  |   pe   | 涨幅 | 3日涨幅 | 6日涨幅 |
+----------+--------+----------+-------+--------+------+---------+---------+
| 家用轻工 | 002348 | 高乐股份 | 22.4  | -11.2  | 10.2 |   8.7   |  12.3   |
| 家用轻工 | 002899 |  英派斯  | 15.0  | 280.6  | 1.1  |   3.4   |   2.9   |
| 家用轻工 | 600439 |  瑞贝卡  | 31.6  |  61.8  | 1.1  |   2.6   |   3.7   |
| 家用轻工 | 605299 | 舒华体育 | 45.0  |  84.7  | 0.8  |   1.1   |   1.4   |
| 家用轻工 | 002575 | 群兴玩具 | 28.5  | 410.6  | 0.4  |  -0.4   |  -2.3   |
| 家用轻工 | 002862 | 实丰文化 | 13.6  | 176.9  | 0.3  |   1.3   |   3.4   |
| 家用轻工 | 300729 | 乐歌股份 | 38.6  |  53.6  | 0.3  |  -0.3   |  -2.7   |
| 家用轻工 | 002571 | 德力股份 | 28.3  | 274.2  | 0.1  |  -0.7   |  -2.7   |
| 家用轻工 | 301101 | 明月镜片 | 66.6  |  75.3  | -0.3 |   3.9   |   9.8   |
| 家用轻工 | 002301 | 齐心集团 | 48.1  |  21.9  | -0.5 |   0.5   |   4.0   |
| 家用轻工 | 301004 | 嘉益股份 | 23.7  |  18.0  | -0.5 |  -0.0   |  -4.8   |
| 家用轻工 | 002103 | 广博股份 | 23.3  | -38.9  | -0.5 |  -0.9   |  -1.4   |
| 家用轻工 | 002678 | 珠江钢琴 | 78.8  |  37.1  | -0.5 |   0.7   |  -0.3   |
| 家用轻工 | 300651 | 金陵体育 | 32.4  | 317.1  | -0.5 |  -0.6   |  -4.2   |
| 家用轻工 | 300329 | 海伦钢琴 | 17.6  |  69.9  | -0.6 |  -1.1   |  -1.1   |
| 家用轻工 | 300703 | 创源股份 | 16.9  | 104.4  | -0.7 |   1.2   |  -1.6   |
| 家用轻工 | 603899 | 晨光股份 | 503.1 |  45.6  | -0.7 |   1.2   |   6.9   |
| 家用轻工 | 002615 |  哈尔斯  | 25.2  |  20.4  | -0.8 |   0.8   |   2.2   |
| 家用轻工 | 300640 | 德艺文创 | 16.7  |  50.5  | -0.8 |  -0.2   |   2.3   |
| 家用轻工 | 605099 | 共创草坪 | 107.0 |  31.4  | -1.0 |  -1.6   |  -6.2   |
| 家用轻工 | 002489 | 浙江永强 | 77.7  |  14.2  | -1.4 |  -0.3   |  -11.6  |
| 家用轻工 | 603398 | 沐邦高科 | 97.3  | -267.1 | -1.5 |   0.7   |   0.9   |
| 家用轻工 | 002605 | 姚记科技 | 64.8  |  17.6  | -2.4 |  -3.3   |  -5.5   |
| 家用轻工 | 001323 | 慕思股份 | 185.2 |  37.3  | -2.9 |  -4.1   |  -9.3   |
| 家用轻工 | 603848 |  好太太  | 65.8  |  36.3  | -5.1 |  -7.4   |  -0.9   |
+----------+--------+----------+-------+--------+------+---------+---------+
