[行业>三日涨幅]
+------------+--------+------------+--------+---------+------+---------+---------+
|    行业    |  代码  |    名称    |  市值  |   pe    | 涨幅 | 3日涨幅 | 6日涨幅 |
+------------+--------+------------+--------+---------+------+---------+---------+
|  食品饮料  | 000972 |  *ST中基   |  20.9  | -104.8  | 5.0  |  15.8   |  22.6   |
|  食品饮料  | 002626 |   金达威   | 150.5  |  31.3   | 4.3  |   7.4   |  10.4   |
|  食品饮料  | 002329 |  皇氏集团  |  46.2  |  15.1   | 5.8  |   6.6   |   2.8   |
|  食品饮料  | 300741 |  华宝股份  | 162.0  |  18.7   | 3.6  |   1.5   |   3.4   |
|  食品饮料  | 603886 |  元祖股份  |  39.7  |  -50.1  | 3.2  |  -1.5   |   1.0   |
|  食品饮料  | 605016 |  百龙创园  |  49.8  |  30.6   | 3.2  |  -1.6   |  -2.1   |
|  食品饮料  | 001318 |  阳光乳业  |  58.8  |  59.9   | 3.4  |  -4.6   |  -20.8  |
|  食品饮料  | 600191 |  *ST华资   |  22.1  |  -16.1  | 5.1  |  -5.2   |  -18.7  |
|  风电设备  | 601615 |  明阳智能  | 574.5  |  10.2   | 4.8  |   4.6   |   5.4   |
|  风电设备  | 600416 |  湘电股份  | 231.9  |  115.5  | 3.8  |   2.6   |  13.7   |
|  风电设备  | 603218 |  日月股份  | 221.6  |  93.0   | 3.1  |   1.1   |  -0.5   |
| 非金属材料 | 300861 |  美畅股份  | 376.5  |  33.1   | 5.2  |   7.0   |  14.3   |
| 非金属材料 | 300409 |  道氏技术  | 142.0  |  20.7   | 3.6  |   6.0   |   9.7   |
| 非金属材料 | 688357 |  建龙微纳  |  69.3  |  39.5   | 3.4  |   1.6   |  -1.7   |
| 非金属材料 | 001296 |  长江材料  |  25.9  |  45.2   | 4.3  |   1.4   |   5.5   |
|  通用设备  | 002132 |  恒星科技  |  84.5  |  67.8   | 5.6  |  16.4   |  18.0   |
|  通用设备  | 300345 |  华民股份  |  27.9  | 1928.2  | 5.9  |  10.7   |   8.4   |
|  通用设备  | 300700 |  岱勒新材  |  36.6  |  67.7   | 3.8  |  10.4   |  30.5   |
|  通用设备  | 002514 |  宝馨科技  |  29.8  |  133.3  | 3.5  |   8.3   |  11.6   |
|  通用设备  | 300092 |  科新机电  |  23.9  |  17.7   | 4.0  |   7.7   |   7.4   |
|  通用设备  | 301029 |   怡合达   | 344.2  |  85.2   | 3.7  |   7.0   |   7.4   |
|  通用设备  | 002046 |  国机精工  |  68.7  |  32.5   | 3.1  |   6.8   |   6.3   |
|  通用设备  | 301079 |  邵阳液压  |  20.9  |  68.4   | 3.0  |   6.3   |   3.9   |
|  通用设备  | 601882 |  海天精工  | 102.1  |  23.1   | 4.9  |   5.7   |   5.8   |
|  通用设备  | 300953 |  震裕科技  | 122.8  |  54.7   | 3.5  |   5.5   |   8.0   |
|  通用设备  | 300885 |  海昌新材  |  27.3  |  31.4   | 3.9  |   5.0   |   4.5   |
|  通用设备  | 300488 |  恒锋工具  |  39.6  |  33.9   | 4.3  |   3.6   |   1.8   |
|  通用设备  | 300228 |  富瑞特装  |  36.4  |  -41.8  | 3.3  |   2.9   |   2.9   |
|  通用设备  | 300992 |  泰福泵业  |  18.7  |  45.1   | 3.1  |   2.7   |  -0.6   |
|  通用设备  | 002158 |  汉钟精机  |  96.6  |  26.5   | 4.5  |   2.5   |   1.7   |
|  通用设备  | 002639 |  雪人股份  |  81.4  |  839.7  | 5.2  |   2.4   |   5.4   |
|  通用设备  | 300024 |   机器人   | 131.3  |  -56.2  | 3.3  |   2.2   |   0.7   |
|  通用设备  | 300809 |  华辰装备  |  54.0  |  56.7   | 3.8  |   1.6   |   0.1   |
|  通用设备  | 300470 |  中密控股  |  79.3  |  32.1   | 3.5  |   0.7   |   2.7   |
|  通信设备  | 003040 |   楚天龙   |  95.4  |  58.5   | 3.9  |   8.6   |   9.4   |
|  通信设备  | 300065 |   海兰信   |  87.0  |  -74.9  | 4.1  |   5.2   |   9.3   |
|  通信设备  | 300629 |   新劲刚   |  36.3  |  26.4   | 6.0  |   5.1   |   1.4   |
|  通信设备  | 600083 |  *ST博信   |  24.6  |  12.9   | 3.6  |   4.9   |   5.0   |
|  通信设备  | 600487 |  亨通光电  | 312.5  |  22.7   | 3.4  |   3.4   |  -0.1   |
|  通信设备  | 688313 |  仕佳光子  |  51.3  |  56.1   | 5.9  |   3.0   |   2.5   |
|  通信设备  | 600105 |  永鼎股份  |  50.5  |  87.9   | 5.0  |   2.3   |   0.6   |
|  通信设备  | 000836 |  富通信息  |  32.8  |  244.6  | 3.4  |   1.5   |   2.3   |
|  通信设备  | 603236 |  移远通信  | 266.9  |  54.0   | 3.2  |   1.4   |   3.2   |
|  通信设备  | 000687 |   华讯退   |  2.2   |  -2.2   | 3.6  |   0.0   |   0.0   |
|  软件开发  | 300803 |   指南针   | 205.7  |  19.3   | 3.5  |   7.2   |  21.7   |
|  软件开发  | 300377 |   赢时胜   |  68.4  |  -46.5  | 4.5  |   6.4   |   8.1   |
|  软件开发  | 002268 |  卫 士 通  | 322.9  | -209.9  | 3.4  |   4.7   |   6.2   |
|  软件开发  | 301153 |  中科江南  |  52.1  | -1130.2 | 3.8  |   4.3   |  -3.2   |
|  软件开发  | 301159 |  三维天地  |  25.0  |  -26.6  | 5.6  |   3.4   |   3.2   |
|  软件开发  | 300465 |   高伟达   |  38.1  |  485.1  | 3.1  |   2.2   |   3.1   |
|  软件开发  | 300552 |  万集科技  |  49.4  |  400.7  | 4.5  |   2.2   |  24.7   |
|  软件开发  | 300369 |  绿盟科技  |  83.9  |  -18.2  | 3.2  |   1.6   |   6.0   |
|  软件开发  | 300605 |  恒锋信息  |  21.1  |  76.2   | 3.8  |   1.5   |   1.6   |
|  软件开发  | 301248 |  杰创智能  |  32.0  |  70.1   | 3.2  |   1.4   |   0.9   |
|  软件开发  | 300730 |  科创信息  |  24.7  |  -33.3  | 4.4  |   0.8   |   1.3   |
|  软件开发  | 300366 |  创意信息  |  50.5  |  38.2   | 3.4  |   0.6   |   2.7   |
|  软件开发  | 688109 |  品茗股份  |  17.4  |  -17.3  | 4.0  |   0.2   |  -2.8   |
|  软件开发  | 301218 |  华是科技  |  30.6  | -283.4  | 5.5  |  -0.4   |   1.6   |
|  软件开发  | 002261 |  拓维信息  |  79.8  |  49.3   | 3.2  |  -2.0   |   1.6   |
|  软件开发  | 301185 |  鸥玛软件  |  30.2  |  155.2  | 3.1  |  -3.5   |  -2.0   |
|  软件开发  | 300598 |  诚迈科技  |  66.2  |  -36.0  | 3.4  |  -4.5   |  -7.6   |
|  贸易行业  | 600301 |  南化股份  |  42.0  |  241.8  | 6.0  |  12.1   |  11.8   |
|  贸易行业  | 600241 |   ST时万   |  22.6  |  23.3   | 5.0  |   5.0   |   5.5   |
|  贸易行业  | 301099 |  雅创电子  |  53.6  |  41.1   | 4.1  |   4.8   |  10.9   |
|  贸易行业  | 601028 |  玉龙股份  | 154.3  |  51.0   | 4.5  |   3.1   |  -0.9   |
|   贵金属   | 002155 |  湖南黄金  | 121.5  |  32.4   | 4.8  |   8.7   |  10.7   |
|   贵金属   | 000506 |  中润资源  |  31.1  |   2.6   | 3.7  |   6.3   |  12.4   |
|    证券    | 601788 |  光大证券  | 759.4  |  28.5   | 5.0  |  27.1   |  42.5   |
|    证券    | 601878 |  浙商证券  | 440.2  |  34.0   | 6.0  |  13.4   |  18.0   |
| 计算机设备 | 600764 |  中国海防  | 194.0  |  314.7  | 3.1  |   5.4   |   1.1   |
| 计算机设备 | 603660 |  苏州科达  |  29.0  |  -9.4   | 3.5  |   2.6   |   3.2   |
| 计算机设备 | 300270 |  中威电子  |  17.7  | -2131.9 | 3.2  |   1.9   |   0.7   |
| 计算机设备 | 300807 |  天迈科技  |  14.4  |  -21.5  | 3.8  |   1.7   |  -2.3   |
| 计算机设备 | 300367 |   网力退   |  3.3   |  -0.9   | 3.7  |  -37.8  |  -37.8  |
|  装修装饰  | 002482 |  广田集团  |  36.7  |  -11.9  | 4.4  |  13.8   |  25.1   |
|  装修装饰  | 605289 |  DR罗曼股  |  22.3  |  221.5  | 3.5  |   3.4   |  10.1   |
|  装修装饰  | 301113 |  雅艺科技  |  27.1  |  34.5   | 3.4  |  -1.1   |  -2.7   |
|  船舶制造  | 300600 |  国瑞科技  |  29.3  |  -95.1  | 5.1  |   6.1   |  -2.6   |
|  船舶制造  | 600150 |  中国船舶  | 885.5  |  426.1  | 3.2  |   4.6   |   3.3   |
|  航运港口  | 601228 |   广州港   | 256.4  |  20.7   | 4.0  |   7.5   |  17.9   |
|  航天航空  | 688070 |  纵横股份  |  30.0  | -327.8  | 4.8  |   7.0   |   9.7   |
|  航天航空  | 603261 |  立航科技  |  34.8  |  355.4  | 5.0  |   1.9   |  -2.2   |
|  能源金属  | 002466 |  天齐锂业  | 1741.0 |  13.1   | 5.7  |   7.3   |  24.9   |
|  能源金属  | 002460 |  赣锋锂业  | 1969.0 |  14.0   | 4.2  |   4.8   |  17.4   |
|  能源金属  | 603799 |  华友钴业  | 1350.0 |  28.0   | 4.1  |   2.7   |  11.1   |
|  美容护理  | 300856 |  科思股份  |  67.2  |  28.9   | 5.4  |  14.3   |  13.8   |
|  美容护理  | 600315 |  上海家化  | 236.6  |  29.7   | 5.4  |   2.0   |   1.5   |
|  美容护理  | 002511 |  中顺洁柔  | 150.3  |  28.2   | 3.4  |   1.5   |   4.7   |
|  美容护理  | 000523 |  广州浪奇  |  70.8  | -137.8  | 5.8  |  -5.0   |   3.8   |
|  综合行业  | 000833 |  粤桂股份  |  79.7  |  56.0   | 4.4  |  21.4   |  35.3   |
|  纺织服装  | 300577 |  开润股份  |  40.2  |  21.6   | 3.6  |   6.5   |   8.4   |
|  纺织服装  | 600630 |  龙头股份  |  25.1  |  -33.9  | 4.4  |   4.0   |   0.5   |
|  纺织服装  | 605080 |  浙江自然  |  66.7  |  19.6   | 3.5  |   1.5   |  -0.8   |
|  纺织服装  | 603555 |   贵人鸟   |  60.7  |  595.6  | 5.2  |   0.0   |  12.9   |
|  纺织服装  | 300526 |  *ST中潜   |  16.7  |  -49.0  | 4.2  |  -1.0   |   5.3   |
|  纺织服装  | 600146 |  退市环球  |  1.2   |  -2.2   | 4.2  |  -3.9   |  -7.4   |
|  石油行业  | 600759 |   ST洲际   |  61.8  |  19.9   | 5.0  |  15.7   |  29.4   |
|  石油行业  | 300023 |   宝德退   |  3.8   |  17.1   | 4.3  |  -1.6   |  -60.4  |
|  电网设备  | 600577 |  精达股份  | 108.4  |  26.5   | 3.0  |   9.5   |   8.8   |
|  电网设备  | 300490 |  华自科技  |  42.9  | -137.6  | 5.7  |   6.8   |   4.4   |
|  电网设备  | 300062 |  中能电气  |  39.0  |  91.9   | 3.9  |   5.4   |   5.1   |
|  电网设备  | 300510 |  金冠股份  |  38.5  |  -92.4  | 3.8  |   4.0   |   1.3   |
|  电网设备  | 002121 |  科陆电子  | 112.5  |  -59.9  | 4.0  |   3.9   |  11.0   |
|  电网设备  | 300617 |  安靠智电  |  68.8  |  25.3   | 3.2  |   3.2   |  -0.5   |
|  电网设备  | 300423 |  昇辉科技  |  50.6  |  21.2   | 4.2  |   2.9   |   1.1   |
|  电网设备  | 300447 |  全信股份  |  61.0  |  27.8   | 3.5  |   1.4   |   5.6   |
|  电网设备  | 002256 |  兆新股份  |  58.0  |  -40.1  | 4.8  |  -3.5   |   5.5   |
|  电网设备  | 600112 |  *ST天成   |  13.5  |  -9.6   | 5.1  |  -4.3   |  -11.6  |
|  电源设备  | 002630 |  华西能源  |  52.0  |  -8.4   | 4.3  |  26.1   |  67.9   |
|  电源设备  | 002366 |  *ST海核   |  36.9  |  -29.8  | 4.9  |  12.4   |  25.4   |
|  电源设备  | 300713 |   英可瑞   |  22.1  |  331.3  | 4.5  |   4.0   |   3.0   |
|  电源设备  | 002227 |  奥 特 迅  |  34.3  |  -99.1  | 3.5  |   3.9   |   0.6   |
|  电源设备  | 300820 |  英杰电气  |  95.2  |  44.1   | 4.7  |   3.4   |  13.2   |
|  电源设备  | 300491 |  通合科技  |  24.9  |  -75.4  | 3.7  |   3.3   |   0.6   |
|  电源设备  | 600875 |  东方电气  | 485.0  |  13.1   | 3.2  |   2.2   |   8.1   |
|    电池    | 688707 |  振华新材  | 302.4  |  22.1   | 4.5  |  12.3   |  24.1   |
|    电池    | 300457 |  赢合科技  | 155.8  |  60.4   | 5.0  |  10.5   |  12.6   |
|    电池    | 600110 |  诺德股份  | 194.8  |  38.4   | 4.1  |   8.5   |  11.2   |
|    电池    | 300890 |   翔丰华   |  52.5  |  35.8   | 3.6  |   8.1   |  15.3   |
|    电池    | 300037 |   新宙邦   | 344.9  |  16.9   | 4.2  |   5.6   |  11.7   |
|    电池    | 300073 |  当升科技  | 422.4  |  27.3   | 4.8  |   5.3   |  11.3   |
|    电池    | 300340 |  科恒股份  |  31.0  |  49.2   | 4.1  |   4.0   |   7.3   |
|    电池    | 300014 |  亿纬锂能  | 1891.0 |  90.7   | 3.2  |   2.7   |  15.2   |
|    电池    | 605378 |  野马电池  |  27.3  |  254.7  | 3.4  |   1.2   |  -0.3   |
|    电池    | 688063 |  派能科技  | 351.0  |  86.6   | 5.1  |   0.0   |   6.2   |
|    电机    | 301226 |  祥明智能  |  24.4  |  40.5   | 4.9  |   9.8   |  11.7   |
| 电子化学品 | 688550 |  瑞联新材  |  76.3  |  23.9   | 5.8  |   6.5   |   1.5   |
|  电子元件  | 688800 |   瑞可达   | 133.9  |  60.0   | 5.8  |   8.0   |   7.6   |
|  电子元件  | 603920 |  世运电路  |  91.8  |  48.6   | 4.7  |   4.1   |   2.4   |
|  电子元件  | 002436 |  兴森科技  | 145.5  |  18.1   | 4.5  |   3.3   |   2.4   |
|  电子元件  | 000988 |  华工科技  | 213.2  |  23.6   | 3.3  |   2.4   |   3.9   |
|  电子元件  | 300747 |  锐科激光  | 145.9  |  174.5  | 4.7  |   0.5   |  -0.9   |
|  电子元件  | 301041 |   金百泽   |  20.5  |  693.0  | 3.7  |   0.0   |  -1.0   |
|  电力行业  | 300125 |  聆达股份  |  44.1  |  -40.0  | 3.3  |   3.2   |   7.4   |
|  电力行业  | 600098 |  广州发展  | 252.3  |  24.2   | 4.4  |  -0.1   |   2.6   |
|  生物制品  | 300683 |  海特生物  |  44.6  |  145.2  | 4.8  |   5.2   |   8.4   |
|  生物制品  | 300009 |  安科生物  | 153.5  |  22.2   | 3.3  |   1.6   |   5.0   |
|  珠宝首饰  | 600916 |  中国黄金  | 180.9  |  18.0   | 3.2  |   2.6   |   0.8   |
|  环保行业  | 300056 |  中创环保  |  24.1  |  142.8  | 5.6  |   5.2   |  14.7   |
|  环保行业  | 603324 |  盛剑环境  |  50.3  |  89.0   | 5.9  |   4.0   |   3.4   |
|  环保行业  | 002266 |  浙富控股  | 252.9  |  15.6   | 4.9  |   3.7   |   1.7   |
|  环保行业  | 300495 |  *ST美尚   |  18.3  |  -11.5  | 4.2  |   1.9   |  -9.9   |
|  环保行业  | 603603 |  *ST博天   |  19.8  |  -5.7   | 5.1  |  -1.1   |   4.4   |
|  环保行业  | 300203 |  聚光科技  | 105.0  |  -44.5  | 5.0  |  -2.4   |   0.3   |
|  物流行业  | 300013 |  新宁物流  |  22.2  |  93.9   | 4.4  |   2.5   |  -4.8   |
|  煤炭行业  | 601666 |  平煤股份  | 370.2  |   5.7   | 3.2  |   0.6   |   6.2   |
|    游戏    | 300148 |  天舟文化  |  27.9  | -118.7  | 3.7  |   1.2   |   2.8   |
|    游戏    | 002464 |   众应退   |  1.5   |   7.1   | 3.6  |  -6.5   |  -86.1  |
|  消费电子  | 603633 |  徕木股份  |  35.1  |  58.3   | 5.0  |  13.6   |  14.9   |
|  消费电子  | 688678 |   福立旺   |  36.4  |  23.8   | 5.3  |   6.2   |  -1.6   |
|  消费电子  | 300602 |   飞荣达   |  60.9  |  -85.1  | 4.6  |   5.3   |   2.4   |
|  消费电子  | 002947 |   恒铭达   |  40.9  |  29.4   | 4.3  |   3.6   |   3.2   |
|  消费电子  | 603327 |  福蓉科技  |  69.8  |  18.2   | 3.7  |   3.5   |   4.2   |
|  消费电子  | 300684 |  中石科技  |  36.9  |  38.2   | 4.5  |   3.4   |   2.6   |
|  消费电子  | 002881 |  美格智能  |  84.3  |  85.6   | 3.8  |   2.9   |  12.2   |
|  消费电子  | 002402 |   和而泰   | 164.0  |  57.4   | 3.9  |   2.5   |   9.6   |
|  消费电子  | 002055 |  得润电子  |  68.9  |  191.2  | 3.5  |   1.3   |   2.0   |
| 汽车零部件 | 300428 |  立中集团  | 230.1  |  42.9   | 4.0  |  25.2   |  37.7   |
| 汽车零部件 | 605133 |  嵘泰股份  |  36.5  |  26.8   | 3.9  |  13.9   |  10.5   |
| 汽车零部件 | 603982 |  泉峰汽车  |  54.3  |  76.7   | 4.2  |  11.9   |  18.9   |
| 汽车零部件 | 603348 |  文灿股份  | 152.4  |  48.0   | 4.4  |  11.6   |  14.7   |
| 汽车零部件 | 601689 |  拓普集团  | 692.1  |  44.8   | 5.5  |  11.3   |   9.8   |
| 汽车零部件 | 300681 |   英搏尔   |  72.2  |  97.8   | 6.0  |  10.1   |  10.4   |
| 汽车零部件 | 603197 |  保隆科技  | 104.1  |  58.4   | 5.8  |   9.4   |  17.4   |
| 汽车零部件 | 603179 |  新泉股份  | 145.5  |  43.6   | 3.7  |   8.0   |   3.2   |
| 汽车零部件 | 603788 |  宁波高发  |  29.0  |  19.1   | 4.2  |   7.7   |   8.2   |
| 汽车零部件 | 603305 |  旭升股份  | 173.5  |  36.2   | 4.0  |   7.7   |   9.5   |
| 汽车零部件 | 605333 |  沪光股份  |  88.1  |  312.4  | 3.5  |   7.5   |   7.8   |
| 汽车零部件 | 603085 |  天成自控  |  30.2  |  56.7   | 4.5  |   7.2   |   5.2   |
| 汽车零部件 | 002213 |  大为股份  |  28.7  |  345.4  | 4.6  |   6.2   |   7.3   |
| 汽车零部件 | 603109 |  神驰机电  |  31.3  |  330.9  | 4.3  |   6.0   |   4.5   |
| 汽车零部件 | 605018 |  长华股份  |  69.3  |  48.4   | 5.3  |   5.1   |  -1.7   |
| 汽车零部件 | 000338 |  潍柴动力  | 1104.0 |  26.2   | 4.1  |   4.8   |   3.6   |
| 汽车零部件 | 605068 |  明新旭腾  |  40.0  |  58.4   | 5.4  |   4.8   |   1.4   |
| 汽车零部件 | 300695 |  兆丰股份  |  37.4  |  24.2   | 6.0  |   4.5   |   2.2   |
| 汽车零部件 | 300580 |   贝斯特   |  39.7  |  26.3   | 4.0  |   4.2   |  -1.1   |
| 汽车零部件 | 002454 |  松芝股份  |  39.8  |  49.3   | 3.9  |   3.9   |   2.4   |
| 汽车零部件 | 300473 |  德尔股份  |  23.7  |  170.8  | 3.4  |   3.7   |   0.6   |
| 汽车零部件 | 603048 |  浙江黎明  |  28.6  |  54.3   | 3.2  |   3.5   |   1.7   |
| 汽车零部件 | 301022 |   海泰科   |  21.8  |  43.8   | 4.8  |   2.9   |   0.6   |
| 汽车零部件 | 603161 |  科华控股  |  14.2  |  -21.4  | 3.3  |   1.7   |  -12.5  |
| 汽车零部件 | 301181 |  标榜股份  |  28.1  |  28.1   | 4.8  |   1.7   |  -0.9   |
| 汽车零部件 | 600218 |  全柴动力  |  42.8  |  29.6   | 3.0  |   1.3   |   2.2   |
| 汽车零部件 | 002592 |   ST八菱   |  13.9  |  81.9   | 4.9  |   1.0   |  -2.6   |
| 汽车零部件 | 300912 |  凯龙高科  |  18.2  |  51.8   | 3.2  |   0.8   |  -1.5   |
| 汽车零部件 | 301229 |   纽泰格   |  28.0  |  134.3  | 4.0  |   0.3   |  -4.6   |
|  汽车服务  | 000757 |  浩物股份  |  27.2  |  -82.0  | 3.0  |   2.0   |  -1.2   |
|  汽车整车  | 601777 |  力帆科技  | 241.6  |  118.8  | 3.5  |   5.5   |  11.4   |
|  汽车整车  | 000980 |   ST众泰   | 193.6  |  -30.9  | 5.0  |   5.0   |   1.1   |
|  汽车整车  | 601238 |  广汽集团  | 1747.0 |  14.5   | 3.9  |   4.2   |   3.7   |
|  汽车整车  | 601633 |  长城汽车  | 3559.0 |  54.5   | 5.3  |   2.8   |   8.4   |
|  汽车整车  | 600006 |  东风汽车  | 174.0  |  36.7   | 4.8  |  -13.5  |   5.7   |
|  橡胶制品  | 300587 |  天铁股份  | 110.3  |  23.8   | 3.9  |   7.7   |   5.2   |
|  橡胶制品  | 000887 |  中鼎股份  | 233.3  |  23.3   | 3.7  |   6.2   |  11.4   |
|  橡胶制品  | 600182 |  S*ST佳通  |  39.8  |  247.5  | 5.0  |   3.5   |  15.5   |
|  橡胶制品  | 603650 |  彤程新材  | 179.6  |  62.4   | 4.0  |   2.7   |   1.9   |
|  橡胶制品  | 601966 |  玲珑轮胎  | 315.0  |  -85.7  | 3.9  |   1.5   |  -6.6   |
|  有色金属  | 002996 |  顺博合金  |  63.1  |  12.5   | 3.0  |  11.6   |  13.9   |
|  有色金属  | 003038 |  鑫铂股份  |  76.6  |  41.7   | 5.0  |   8.2   |   8.9   |
|  有色金属  | 301219 |  腾远钴业  | 232.1  |  12.7   | 4.0  |   7.0   |   8.1   |
|  有色金属  | 603978 |  深圳新星  |  35.0  |  29.1   | 4.6  |   6.0   |   9.1   |
|  有色金属  | 002988 |  豪美新材  |  32.0  |  23.1   | 3.6  |   4.8   |   7.1   |
|  有色金属  | 688786 |  悦安新材  |  36.3  |  33.6   | 5.6  |   4.7   |   4.0   |
|  有色金属  | 300057 |  万顺新材  |  60.4  |  27.9   | 3.3  |   3.4   |   3.8   |
|  有色金属  | 300489 |  光智科技  |  22.5  |  -21.0  | 3.2  |   3.2   |   2.5   |
|  有色金属  | 600338 |  西藏珠峰  | 249.5  |  76.5   | 4.5  |   2.7   |  19.2   |
|  有色金属  | 002578 |  闽发铝业  |  58.6  |  91.5   | 4.0  |   2.1   |   6.5   |
|  旅游酒店  | 000610 |  西安旅游  |  21.4  |  -15.7  | 3.9  |   5.0   |   3.3   |
|  旅游酒店  | 603136 |   天目湖   |  46.7  |  -54.4  | 3.2  |   0.4   |  -3.6   |
|  旅游酒店  | 300178 |   腾邦退   |  1.5   |  -0.2   | 4.3  |   0.0   |  -7.7   |
|  文化传媒  | 605168 |   三人行   | 118.6  |  49.3   | 5.7  |  12.4   |  27.3   |
|  文化传媒  | 300061 |  旗天科技  |  54.0  |  136.7  | 4.9  |   6.5   |   7.0   |
|  文化传媒  | 301102 |  兆讯传媒  |  70.5  |  29.5   | 5.3  |   6.2   |  13.8   |
|  文化传媒  | 002400 |  省广集团  |  91.5  |  50.0   | 3.1  |   5.8   |   6.7   |
|  文化传媒  | 300063 |  天龙集团  |  30.4  |  40.8   | 5.2  |   4.4   |   3.8   |
|  文化传媒  | 300662 |  科锐国际  | 105.7  |  50.3   | 5.8  |   2.5   |   5.2   |
|  文化传媒  | 300781 |  因赛集团  |  19.4  |  39.1   | 3.3  |  -2.2   |  -1.2   |
|    教育    | 600880 |  博瑞传播  |  75.3  |  188.4  | 4.5  |  20.0   |  25.5   |
|    教育    | 002659 |  凯文教育  |  26.4  |  -17.3  | 4.0  |   2.1   |   6.8   |
|    教育    | 300192 |  科德教育  |  19.8  |  30.9   | 5.6  |   1.0   |   5.8   |
|    教育    | 000526 |  学大教育  |  19.3  |  412.1  | 3.5  |   0.0   |   6.8   |
|    教育    | 600661 |  昂立教育  |  28.1  |   9.6   | 3.7  |  -3.5   |   6.6   |
| 房地产开发 | 000048 |  京基智农  |  93.5  |  -16.5  | 3.7  |   0.8   |   0.9   |
|  工程机械  | 600375 |  汉马科技  |  54.6  |  -8.4   | 5.0  |   6.6   |   4.4   |
|  工程机械  | 002097 |  山河智能  |  74.7  |  -38.1  | 4.9  |   4.4   |   5.9   |
|  工程机械  | 600031 |  三一重工  | 1493.0 |  23.5   | 4.6  |   4.0   |   6.5   |
|  工程机械  | 000680 |  山推股份  |  76.1  |   5.2   | 4.8  |   2.4   |   2.4   |
|  工程机械  | 603338 |  浙江鼎力  | 246.2  |  31.4   | 3.7  |   2.4   |   2.6   |
|   小金属   | 002182 |  云海金属  | 140.0  |  11.5   | 4.7  |  11.6   |  14.2   |
|   小金属   | 688077 |   大地熊   |  72.4  |  34.6   | 3.4  |  11.4   |   7.3   |
|   小金属   | 605376 |  博迁新材  | 132.5  |  77.1   | 3.6  |  10.7   |   6.7   |
|   小金属   | 000657 |  中钨高新  | 174.1  |  40.4   | 3.5  |   8.5   |  10.1   |
|   小金属   | 300127 |  银河磁体  |  59.8  |  40.8   | 3.9  |   6.9   |   6.9   |
|   小金属   | 600549 |  厦门钨业  | 322.7  |  21.3   | 4.8  |   6.9   |  10.6   |
|   小金属   | 600392 |  盛和资源  | 365.5  |  12.8   | 4.2  |   6.8   |  13.4   |
|   小金属   | 600111 |  北方稀土  | 1508.0 |  24.2   | 4.8  |   5.5   |  15.7   |
|   小金属   | 000831 |  五矿稀土  | 318.8  |  47.4   | 4.3  |   5.4   |   9.9   |
|   小金属   | 301026 |  浩通科技  |  43.4  |  23.4   | 4.9  |   5.2   |   5.0   |
|   小金属   | 000962 |  东方钽业  |  47.4  |  23.9   | 4.4  |   3.9   |   5.5   |
|  家电行业  | 002076 |  *ST雪莱   |  14.4  |  -16.6  | 5.1  |   4.5   |  20.6   |
|  家电行业  | 002759 |  天际股份  | 102.7  |   6.2   | 3.8  |   4.0   |   9.5   |
|  家电行业  | 301187 |  欧圣电气  |  41.8  |  27.9   | 3.1  |   0.9   |  -4.8   |
|  家电行业  | 002473 |   圣莱退   |  1.3   |  -5.7   | 5.3  |  -4.8   |  -10.2  |
|  家电行业  | 002260 |   德奥退   |  3.0   |  -4.2   | 5.9  |  -5.3   |  -5.3   |
|  家用轻工  | 002489 |  浙江永强  |  92.2  |  16.8   | 5.0  |   5.5   |  12.8   |
|  多元金融  | 000567 |  海德股份  | 146.7  |  28.8   | 3.4  |   5.2   |   8.8   |
|  多元金融  | 600093 |  退市易见  |  4.7   |  -1.0   | 5.0  |   2.4   |   5.0   |
|  塑料制品  | 002108 |  沧州明珠  |  81.0  |  34.6   | 4.0  |  10.2   |  12.0   |
|  塑料制品  | 002838 |  道恩股份  |  78.3  |  38.2   | 4.5  |   5.9   |  12.7   |
|  塑料制品  | 603879 |  永悦科技  |  24.6  | -292.5  | 4.0  |   5.6   |   5.6   |
|  塑料制品  | 300586 |  美联新材  |  71.6  |  19.7   | 4.1  |   5.5   |   3.5   |
|  塑料制品  | 300610 |  晨化股份  |  37.7  |  22.8   | 4.5  |   5.1   |   9.2   |
|  塑料制品  | 002324 |   普利特   | 123.3  |  126.2  | 5.5  |   5.0   |   4.6   |
|  塑料制品  | 301196 |  唯科科技  |  47.7  |  26.6   | 3.3  |   4.2   |   3.8   |
|  塑料制品  | 300218 |  安利股份  |  32.5  |   4.8   | 3.2  |   4.0   |   0.3   |
|  塑料制品  | 603928 |  兴业股份  |  25.7  |  16.6   | 3.8  |   3.3   |   4.4   |
|  塑料制品  | 300538 |  同益股份  |  24.6  | -123.6  | 4.0  |   2.3   |   3.5   |
|  塑料制品  | 300995 |  奇德新材  |  17.2  |  59.4   | 4.0  |   2.1   |   3.3   |
|  塑料制品  | 688026 |  洁特生物  |  64.4  |  39.2   | 4.0  |  -0.7   |   3.2   |
|  商业百货  | 600693 |  东百集团  |  43.3  |  35.9   | 3.4  |   3.4   |   9.8   |
|  商业百货  | 002277 |  友阿股份  |  61.1  |  25.4   | 5.5  |   2.6   |   3.1   |
|  商业百货  | 603123 |  翠微股份  | 108.4  |  41.3   | 4.3  |   1.0   |   5.9   |
|  商业百货  | 002818 |   富森美   |  88.3  |   9.8   | 3.1  |   0.3   |  -1.3   |
|   半导体   | 688262 |  国芯科技  |  94.9  | 7720.5  | 5.4  |   6.5   |  12.1   |
|   半导体   | 688213 |  思特威-W  | 200.2  |  354.6  | 4.4  |   2.3   |   0.2   |
|   半导体   | 688107 | 安路科技-U | 245.3  |  346.6  | 4.0  |   2.3   |  -4.8   |
|   半导体   | 300139 |  晓程科技  |  23.0  |  -11.5  | 3.4  |   1.1   |  -1.1   |
|   半导体   | 688286 |  敏芯股份  |  27.9  | -262.8  | 4.2  |   0.4   |   0.5   |
|   半导体   | 605111 |   新洁能   | 216.8  |  48.2   | 3.1  |  -1.7   |   1.3   |
|  医药商业  | 603233 |  DR大参林  | 270.5  |  17.6   | 3.3  |   5.6   |   7.2   |
|  医药商业  | 000411 |  英特集团  |  32.6  |  17.1   | 4.2  |   4.7   |   5.3   |
|  医疗服务  | 688238 |  和元生物  | 109.0  |  225.8  | 4.7  |   3.9   |  11.1   |
|  医疗服务  | 002044 |  美年健康  | 202.0  |  -11.7  | 4.0  |   1.8   |   4.9   |
|  医疗服务  | 688222 |  成都先导  |  60.7  | -214.1  | 3.8  |   0.7   |   1.9   |
|  医疗器械  | 600587 |  新华医疗  |  82.8  |  16.2   | 5.7  |   4.7   |   6.0   |
|  医疗器械  | 300595 |  欧普康视  | 400.3  |  67.6   | 5.3  |   3.3   |   2.4   |
|  医疗器械  | 688389 |  普门科技  |  69.1  |  25.7   | 4.3  |   2.6   |   0.2   |
|  医疗器械  | 002901 |  大博医疗  | 152.1  |  34.1   | 4.3  |   1.4   |   3.1   |
|  医疗器械  | 300358 |  楚天科技  | 100.7  |  19.6   | 3.3  |   0.2   |  -2.1   |
|  医疗器械  | 002022 |  *ST 科华  |  45.7  |  51.2   | 3.9  |  -0.2   |   2.1   |
|  医疗器械  | 688617 |  惠泰医疗  | 139.2  |  52.1   | 3.5  |  -1.2   |  -1.0   |
|  化肥行业  | 600096 |   云天化   | 605.1  |   9.2   | 5.2  |  11.1   |  22.5   |
|  化肥行业  | 600141 |  兴发集团  | 496.9  |   7.2   | 3.9  |  10.1   |  19.5   |
|  化纤行业  | 000420 |  吉林化纤  | 106.7  |  -54.4  | 5.8  |  16.6   |  21.8   |
|  化学原料  | 600075 |  新疆天业  | 122.1  |  11.0   | 3.8  |   8.8   |  16.8   |
|  化学原料  | 600367 |  红星发展  |  65.6  |  19.7   | 3.7  |   8.6   |  16.6   |
|  化学原料  | 002805 |  丰元股份  |  65.6  |  40.3   | 4.1  |   8.1   |   7.1   |
|  化学原料  | 000422 |  湖北宜化  | 207.2  |   8.1   | 3.1  |   7.3   |  21.0   |
|  化学原料  | 300927 |  江天化学  |  27.3  |  28.7   | 5.7  |   6.1   |  11.0   |
|  化学原料  | 301069 |  凯盛新材  | 169.6  |  61.6   | 3.6  |   6.0   |   3.4   |
|  化学原料  | 301059 |   金三江   |  20.6  |  36.4   | 3.4  |   4.6   |   4.7   |
|  化学原料  | 301076 |  新瀚新材  |  26.2  |  25.3   | 3.4  |   2.8   |   4.3   |
|  化学制药  | 300233 |  金城医药  | 136.0  |  30.2   | 5.4  |   9.4   |  13.4   |
|  化学制药  | 000915 |  华特达因  | 109.9  |  17.6   | 3.0  |   6.7   |   8.0   |
|  化学制药  | 600521 |  华海药业  | 293.5  |  53.3   | 4.5  |   6.6   |   4.9   |
|  化学制药  | 000963 |  华东医药  | 736.7  |  26.1   | 3.1  |   6.3   |  11.2   |
|  化学制药  | 300199 |  翰宇药业  | 118.8  |  -51.5  | 4.4  |   2.0   |   3.2   |
|  化学制药  | 300584 |  海辰药业  |  37.8  |  74.8   | 3.4  |   1.5   |   5.1   |
|  化学制药  | 600079 |  人福医药  | 263.7  |   7.1   | 3.8  |  -2.0   |  -0.1   |
|  化学制品  | 003022 |  联泓新科  | 467.6  |  108.8  | 4.7  |  25.3   |  30.2   |
|  化学制品  | 605399 |  晨光新材  | 117.7  |  15.5   | 5.1  |  21.3   |  26.0   |
|  化学制品  | 300343 |  联创股份  | 172.1  |  14.0   | 4.7  |  13.2   |  23.1   |
|  化学制品  | 603906 |  龙蟠科技  | 182.1  |  21.4   | 5.0  |  12.8   |  17.3   |
|  化学制品  | 002549 |  凯美特气  | 100.4  |  44.6   | 5.5  |  11.0   |   8.9   |
|  化学制品  | 603192 |  汇得科技  |  32.0  |  38.1   | 4.0  |   7.5   |   1.6   |
|  化学制品  | 603026 |  石大胜华  | 257.8  |  14.3   | 5.1  |   7.1   |  12.3   |
|  化学制品  | 603948 |  建业股份  |  47.5  |   8.8   | 4.3  |   6.5   |  10.8   |
|  化学制品  | 688065 |  凯赛生物  | 434.1  |  62.2   | 3.1  |   6.1   |   6.7   |
|  化学制品  | 603041 |   美思德   |  22.0  |  24.7   | 4.9  |   5.4   |   5.2   |
|  化学制品  | 002637 |  赞宇科技  |  81.8  |  12.4   | 5.1  |   5.2   |   7.5   |
|  化学制品  | 002915 |  中欣氟材  |  61.0  |  36.2   | 5.8  |   4.8   |  13.2   |
|  化学制品  | 002455 |  百川股份  |  70.5  |  28.1   | 5.7  |   4.5   |   9.5   |
|  化学制品  | 603379 |  三美股份  | 138.8  |  18.0   | 3.7  |   3.6   |  10.2   |
|  化学制品  | 603681 |  永冠新材  |  48.3  |  17.9   | 3.2  |   3.5   |   3.4   |
|  化学制品  | 002783 |  凯龙股份  |  33.7  |  12.8   | 3.0  |   2.2   |   2.7   |
|  化学制品  | 002360 |  同德化工  |  29.0  |  34.9   | 4.2  |   1.6   |   5.7   |
|  包装材料  | 000812 |  陕西金叶  |  45.1  |  173.5  | 5.2  |   3.9   |   8.5   |
|  农药兽药  | 600596 |  新安股份  | 268.7  |   5.5   | 3.5  |  16.8   |  27.6   |
|  农药兽药  | 603086 |  先达股份  |  33.3  |  11.0   | 4.8  |   5.8   |   3.9   |
|  农药兽药  | 603360 |  百傲化学  |  42.2  |  10.7   | 4.7  |   5.3   |   1.6   |
|  农药兽药  | 000553 |  安道麦A   | 298.7  |  17.5   | 3.7  |   5.1   |  12.6   |
|  农药兽药  | 688526 |  科前生物  | 106.5  |  29.3   | 5.2  |   4.4   |   4.1   |
|  农药兽药  | 605033 |  美邦股份  |  36.1  |   9.8   | 3.6  |   4.2   |  -3.7   |
|  农药兽药  | 300796 |   贝斯美   |  28.1  |  22.7   | 4.1  |   2.2   |  -3.0   |
|  农牧饲渔  | 002069 |  ST獐子岛  |  24.4  |  -33.2  | 4.9  |   7.5   |   8.9   |
|  农牧饲渔  | 002714 |  牧原股份  | 2852.0 |  -13.8  | 3.9  |   6.9   |   7.8   |
|  农牧饲渔  | 600313 |  农发种业  | 159.4  |  209.8  | 5.9  |   6.0   |  -2.5   |
|  农牧饲渔  | 002567 |   唐人神   | 101.7  |  -17.0  | 4.6  |   6.0   |  12.7   |
|  农牧饲渔  | 600975 |   新五丰   |  67.6  |  -15.1  | 4.7  |   5.3   |  10.8   |
|  农牧饲渔  | 002548 |   金新农   |  44.9  |  -7.6   | 3.0  |   5.0   |   6.0   |
|  农牧饲渔  | 300673 |  佩蒂股份  |  44.0  |  38.5   | 3.8  |   4.6   |   5.4   |
|  农牧饲渔  | 300498 |  温氏股份  | 1212.0 |  -8.1   | 3.4  |   4.5   |   7.5   |
|  农牧饲渔  | 002321 |  *ST华英   |  52.5  |  -34.1  | 3.8  |   3.4   |   2.9   |
|  农牧饲渔  | 002234 |  民和股份  |  56.5  |  -7.7   | 3.1  |   2.7   |   1.9   |
|  农牧饲渔  | 600359 |  新农开发  |  37.2  |  19.9   | 3.7  |   2.3   |  -4.2   |
|  农牧饲渔  | 600965 |  福成股份  |  57.1  |  26.8   | 3.2  |   1.9   |   3.9   |
|  农牧饲渔  | 600540 |  新赛股份  |  31.8  |  -45.9  | 3.2  |   1.7   |  -6.8   |
|  农牧饲渔  | 600275 |  退市昌鱼  |  1.9   |  -13.6  | 5.6  |   0.0   |  -2.6   |
|  公用事业  | 600283 |  钱江水利  |  60.7  |  46.8   | 4.0  |   4.6   |  -1.2   |
| 光学光电子 | 002217 |   合力泰   | 101.0  |  -12.7  | 3.9  |  11.7   |  10.2   |
| 光学光电子 | 002765 |  蓝黛科技  |  50.9  |  25.3   | 4.2  |   5.7   |   4.9   |
| 光学光电子 | 300939 |   秋田微   |  35.8  |  34.5   | 3.6  |   5.6   |   6.2   |
| 光学光电子 | 300691 |  联合光电  |  37.2  |  -69.6  | 4.9  |   5.5   |   2.9   |
| 光学光电子 | 600071 |  凤凰光学  |  51.7  | -100.8  | 4.3  |   3.5   |   1.4   |
| 光学光电子 | 301106 |  骏成科技  |  24.2  |  28.4   | 3.2  |   1.5   |   2.5   |
|  光伏设备  | 688348 |   C昱能    | 284.8  |  231.8  | 4.7  |  22.7   |  118.4  |
|  光伏设备  | 688556 |  高测股份  | 173.1  |  44.7   | 5.9  |   8.8   |  10.0   |
|  光伏设备  | 002309 |   ST中利   |  39.8  |  -15.7  | 5.1  |   4.8   |   9.9   |
|  光伏设备  | 603396 |  金辰股份  |  92.2  |  82.5   | 4.4  |   4.5   |  36.3   |
|  光伏设备  | 300393 |  中来股份  | 185.2  |  52.2   | 3.9  |   4.2   |   7.9   |
|  仪器仪表  | 603100 |  川仪股份  |  67.0  |  15.5   | 3.2  |   6.7   |   5.2   |
|  仪器仪表  | 001266 |  宏英智能  |  28.7  |  21.4   | 3.9  |   3.4   |  -0.0   |
|  仪器仪表  | 002175 |  东方网络  |  40.7  |  116.9  | 5.3  |   3.2   |   6.7   |
|  仪器仪表  | 688112 |  鼎阳科技  |  61.4  |  76.6   | 3.0  |  -0.7   |  -2.5   |
|  交运设备  | 603500 |  祥和实业  |  37.1  |  80.8   | 5.5  |  10.6   |   8.7   |
|  交运设备  | 000913 |  钱江摩托  |  81.6  |  58.6   | 4.9  |   7.9   |  16.8   |
|  交运设备  | 603787 |  新日股份  |  31.2  |  36.4   | 5.0  |   3.2   |   5.1   |
|  交运设备  | 603529 |  爱玛科技  | 259.8  |  20.5   | 5.8  |   2.3   |   4.2   |
|  交运设备  | 688033 |  天宜上佳  |  93.0  |  67.9   | 3.6  |   2.3   |   6.6   |
| 互联网服务 | 300496 |  中科创达  | 529.8  |  85.0   | 4.6  |   6.0   |   6.9   |
| 互联网服务 | 600242 |  *ST中昌   |  8.8   |  -6.6   | 4.9  |   5.5   |   1.1   |
| 互联网服务 | 300941 |  创识科技  |  43.4  |  64.7   | 3.1  |   3.6   |   4.8   |
| 互联网服务 | 002232 |  启明信息  |  58.3  |  173.4  | 5.7  |   3.3   |  -1.4   |
| 互联网服务 | 300508 |  维宏股份  |  23.2  |  136.2  | 4.5  |   3.2   |   1.7   |
| 互联网服务 | 300532 |  今天国际  |  42.0  |  23.5   | 6.0  |   3.2   |   8.5   |
| 互联网服务 | 003005 |   竞业达   |  27.1  |  -53.5  | 4.8  |   2.9   |   5.1   |
| 互联网服务 | 603636 |  南威软件  |  69.7  |  -65.9  | 4.0  |   2.8   |  15.9   |
| 互联网服务 | 600536 |  中国软件  | 273.4  |  -66.7  | 5.2  |   1.2   |  34.8   |
| 互联网服务 | 688500 |  慧辰股份  |  17.3  | -170.3  | 4.4  |   1.0   |  -0.4   |
| 互联网服务 | 300339 |  润和软件  | 143.4  |  113.9  | 5.7  |  -0.4   |  12.4   |
| 互联网服务 | 688039 |  当虹科技  |  29.4  |  -49.0  | 4.0  |  -3.1   |  -4.9   |
|    中药    | 603139 |  康惠制药  |  22.4  |  63.6   | 3.7  |  11.9   |  26.6   |
|    中药    | 600329 |   达仁堂   | 185.6  |  23.2   | 5.4  |   5.1   |  11.6   |
|    中药    | 000423 |  东阿阿胶  | 217.3  |  47.4   | 3.9  |   1.8   |   6.1   |
|  专用设备  | 300415 |   伊之密   |  87.1  |  19.7   | 4.1  |  19.4   |  31.0   |
|  专用设备  | 300724 |  捷佳伟创  | 340.9  |  31.2   | 4.8  |  12.9   |  30.5   |
|  专用设备  | 605288 |  凯迪股份  |  28.3  |  86.1   | 3.3  |   9.1   |   9.4   |
|  专用设备  | 000519 |  中兵红箭  | 388.5  |  34.5   | 3.6  |   8.6   |  12.4   |
|  专用设备  | 605286 |  同力日升  |  60.4  |  65.7   | 5.6  |   7.2   |   6.5   |
|  专用设备  | 688700 |  东威科技  | 104.8  |  66.4   | 3.0  |   4.9   |   1.3   |
|  专用设备  | 688630 |  芯碁微装  |  65.0  |  82.6   | 3.9  |   3.9   |   5.2   |
|  专用设备  | 688155 |  先惠技术  |  69.9  |  84.6   | 3.3  |   3.7   |   1.7   |
|  专用设备  | 300818 |  耐普矿机  |  25.6  |  10.7   | 4.0  |   3.3   |   4.2   |
|  专用设备  | 688633 |  星球石墨  |  34.9  |  22.8   | 3.6  |   3.0   |   5.5   |
|  专用设备  | 603789 |  星光农机  |  23.6  |  -53.8  | 3.1  |   2.7   |  -1.8   |
|  专用设备  | 301128 |  强瑞技术  |  22.1  | -187.6  | 3.0  |   2.6   |   2.8   |
|  专用设备  | 300402 |  宝色股份  |  40.7  |  71.9   | 3.7  |   2.3   |   3.9   |
|  专用设备  | 688283 |  坤恒顺维  |  34.9  | -1423.5 | 3.0  |   2.2   |  -0.9   |
|  专用设备  | 300757 |  罗博特科  |  43.3  |  370.0  | 4.3  |   0.0   |   8.2   |
|  专用设备  | 688128 |  中国电研  |  89.7  |  45.6   | 4.0  |  -1.4   |   5.7   |
|  专用设备  | 002957 |  科瑞技术  |  69.6  |  64.4   | 3.9  |  -2.8   |   3.0   |
|  专业服务  | 301080 |  百普赛斯  | 126.8  |  59.3   | 4.8  |   5.8   |  10.9   |
|  专业服务  | 688179 |   阿拉丁   |  77.5  |  62.4   | 3.0  |   5.7   |  12.8   |
|  专业服务  | 301169 |  零点有数  |  28.0  |  -58.3  | 5.6  |   3.1   |   3.1   |
+------------+--------+------------+--------+---------+------+---------+---------+
