[行业>市值]
+----------+--------+----------+--------+-------+------+---------+---------+
|   行业   |  代码  |   名称   |  市值  |  pe   | 涨幅 | 3日涨幅 | 6日涨幅 |
+----------+--------+----------+--------+-------+------+---------+---------+
| 化肥行业 | 000792 | 盐湖股份 | 1628.0 | 11.6  | 0.2  |  -0.1   |   3.7   |
| 化肥行业 | 600096 |  云天化  | 577.9  |  8.8  | 0.8  |   4.7   |   3.9   |
| 化肥行业 | 000408 | 藏格矿业 | 520.6  | 16.0  | 3.6  |  -1.0   |   1.9   |
| 化肥行业 | 600141 | 兴发集团 | 489.0  |  7.1  | 2.9  |   6.5   |   8.0   |
| 化肥行业 | 002312 | 川发龙蟒 | 305.2  | 27.9  | -2.6 |   1.0   |  22.3   |
| 化肥行业 | 000893 | 亚钾国际 | 260.5  | 23.2  | 1.2  |  -0.7   |  -4.0   |
| 化肥行业 | 000902 |  新洋丰  | 220.3  | 13.5  | 0.6  |  -1.8   |   1.0   |
| 化肥行业 | 002895 | 川恒股份 | 169.1  | 40.6  | -1.3 |   3.2   |   3.0   |
| 化肥行业 | 002539 | 云图控股 | 161.5  |  8.7  | 0.6  |   0.6   |   3.6   |
| 化肥行业 | 603938 | 三孚股份 | 135.1  | 22.4  | 1.5  |  -1.5   |  -4.7   |
| 化肥行业 | 002556 | 辉隆股份 | 111.6  | 13.3  | 3.3  |   2.6   |   2.5   |
| 化肥行业 | 600691 | 阳煤化工 |  96.0  | 25.9  | -0.2 |  -2.2   |   1.0   |
| 化肥行业 | 002538 |  司尔特  |  95.3  | 15.4  | 3.5  |   7.0   |   7.7   |
| 化肥行业 | 002274 | 华昌化工 |  92.8  |  9.5  | 0.3  |  -3.0   |   0.0   |
| 化肥行业 | 000912 |  泸天化  |  82.3  | 14.7  | 0.0  |  -1.9   |  -0.6   |
| 化肥行业 | 002588 |  史丹利  |  79.2  | 13.2  | 9.9  |   7.2   |   9.1   |
| 化肥行业 | 600078 | *ST澄星  |  74.1  | 27.4  | -1.2 |  -1.7   |   7.0   |
| 化肥行业 | 300505 |  川金诺  |  69.6  | 29.1  | -1.2 |  12.8   |  15.4   |
| 化肥行业 | 002470 |  ST金正  |  69.0  | -66.2 | -0.5 |  -2.3   |  -6.7   |
| 化肥行业 | 002170 | 芭田股份 |  56.9  | 65.4  | 3.0  |   1.1   |   6.8   |
| 化肥行业 | 000731 | 四川美丰 |  53.3  |  7.5  | 0.2  |  -0.9   |   2.4   |
| 化肥行业 | 600470 | 六国化工 |  38.6  | 14.5  | 0.0  |  -2.8   |  -0.3   |
| 化肥行业 | 002999 | 天禾股份 |  25.4  | 45.5  | 1.5  |  -0.4   |   0.4   |
| 化肥行业 | 300387 | 富邦股份 |  19.9  | 37.0  | 0.4  |  -0.1   |   2.7   |
+----------+--------+----------+--------+-------+------+---------+---------+
 




 [行业>单日涨幅]
+----------+--------+----------+--------+-------+------+---------+---------+
|   行业   |  代码  |   名称   |  市值  |  pe   | 涨幅 | 3日涨幅 | 6日涨幅 |
+----------+--------+----------+--------+-------+------+---------+---------+
| 化肥行业 | 002588 |  史丹利  |  79.2  | 13.2  | 9.9  |   7.2   |   9.1   |
| 化肥行业 | 000408 | 藏格矿业 | 520.6  | 16.0  | 3.6  |  -1.0   |   1.9   |
| 化肥行业 | 002538 |  司尔特  |  95.3  | 15.4  | 3.5  |   7.0   |   7.7   |
| 化肥行业 | 002556 | 辉隆股份 | 111.6  | 13.3  | 3.3  |   2.6   |   2.5   |
| 化肥行业 | 002170 | 芭田股份 |  56.9  | 65.4  | 3.0  |   1.1   |   6.8   |
| 化肥行业 | 600141 | 兴发集团 | 489.0  |  7.1  | 2.9  |   6.5   |   8.0   |
| 化肥行业 | 002999 | 天禾股份 |  25.4  | 45.5  | 1.5  |  -0.4   |   0.4   |
| 化肥行业 | 603938 | 三孚股份 | 135.1  | 22.4  | 1.5  |  -1.5   |  -4.7   |
| 化肥行业 | 000893 | 亚钾国际 | 260.5  | 23.2  | 1.2  |  -0.7   |  -4.0   |
| 化肥行业 | 600096 |  云天化  | 577.9  |  8.8  | 0.8  |   4.7   |   3.9   |
| 化肥行业 | 000902 |  新洋丰  | 220.3  | 13.5  | 0.6  |  -1.8   |   1.0   |
| 化肥行业 | 002539 | 云图控股 | 161.5  |  8.7  | 0.6  |   0.6   |   3.6   |
| 化肥行业 | 300387 | 富邦股份 |  19.9  | 37.0  | 0.4  |  -0.1   |   2.7   |
| 化肥行业 | 002274 | 华昌化工 |  92.8  |  9.5  | 0.3  |  -3.0   |   0.0   |
| 化肥行业 | 000731 | 四川美丰 |  53.3  |  7.5  | 0.2  |  -0.9   |   2.4   |
| 化肥行业 | 000792 | 盐湖股份 | 1628.0 | 11.6  | 0.2  |  -0.1   |   3.7   |
| 化肥行业 | 000912 |  泸天化  |  82.3  | 14.7  | 0.0  |  -1.9   |  -0.6   |
| 化肥行业 | 600470 | 六国化工 |  38.6  | 14.5  | 0.0  |  -2.8   |  -0.3   |
| 化肥行业 | 600691 | 阳煤化工 |  96.0  | 25.9  | -0.2 |  -2.2   |   1.0   |
| 化肥行业 | 002470 |  ST金正  |  69.0  | -66.2 | -0.5 |  -2.3   |  -6.7   |
| 化肥行业 | 300505 |  川金诺  |  69.6  | 29.1  | -1.2 |  12.8   |  15.4   |
| 化肥行业 | 600078 | *ST澄星  |  74.1  | 27.4  | -1.2 |  -1.7   |   7.0   |
| 化肥行业 | 002895 | 川恒股份 | 169.1  | 40.6  | -1.3 |   3.2   |   3.0   |
| 化肥行业 | 002312 | 川发龙蟒 | 305.2  | 27.9  | -2.6 |   1.0   |  22.3   |
+----------+--------+----------+--------+-------+------+---------+---------+
