[行业>三日涨幅]
+--------------+--------+------------+--------+--------+------+---------+---------+
|     行业     |  代码  |    名称    |  市值  |   pe   | 涨幅 | 3日涨幅 | 6日涨幅 |
+--------------+--------+------------+--------+--------+------+---------+---------+
|   食品饮料   | 300791 |  仙乐健康  |  57.3  |  97.8  | -3.6 |  13.6   |  17.3   |
|   食品饮料   | 605016 |  百龙创园  |  54.0  |  33.1  | -4.9 |  11.7   |   7.2   |
|   食品饮料   | 002956 |  西麦食品  |  34.3  |  30.4  | -3.4 |   6.9   |   6.9   |
|   食品饮料   | 002495 |  佳隆股份  |  24.1  | -276.5 | -4.1 |   3.6   |   4.0   |
|   食品饮料   | 001318 |  阳光乳业  |  57.6  |  58.7  | -3.9 |   1.4   |   1.3   |
|   食品饮料   | 605179 |  一鸣食品  |  52.0  | -32.6  | -5.5 |   1.0   |  14.0   |
|   风电设备   | 603063 |  禾望电气  | 164.1  |  61.3  | -3.1 |   1.1   |  -4.3   |
|   铁路公路   | 600620 |  天宸股份  |  74.4  | -76.7  | -6.0 |   6.1   |   8.1   |
|   钢铁行业   | 600010 |  包钢股份  | 1099.0 |  83.0  | -3.2 |   1.7   |  -8.1   |
|   造纸印刷   | 000695 |  滨海能源  |  19.4  | -33.7  | -3.2 |  -16.7  |  -9.9   |
|   通用设备   | 002158 |  汉钟精机  | 123.1  |  33.8  | -3.5 |   1.4   |   8.4   |
|   通用设备   | 300421 |  力星股份  |  30.9  |  63.2  | -3.2 |   1.3   |  -8.8   |
|   通用设备   | 003043 |  华亚智能  |  46.1  |  42.2  | -3.0 |  -3.1   |  -5.5   |
|   通用设备   | 000530 |  冰山冷热  |  37.0  | -72.5  | -3.1 |  -9.9   |   3.0   |
|   通信设备   | 002897 |  意华股份  |  74.4  |  41.4  | -4.7 |  -1.3   |  -9.0   |
|   通信设备   | 300638 |   广和通   | 156.8  |  37.5  | -3.6 |  -4.0   |  -8.9   |
|   通信设备   | 300502 |   新易盛   | 123.7  |  23.4  | -4.6 |  -4.9   |  -3.5   |
|   通信服务   | 300183 |  东软载波  |  65.6  |  75.2  | -3.4 |   1.7   |   4.2   |
|   通信服务   | 002544 |  普天科技  | 151.3  | 197.3  | -3.1 |  -1.9   |  -5.9   |
|   通信服务   | 300211 |  亿通科技  |  25.7  |  86.1  | -3.4 |  -2.1   |  -1.7   |
|   软件开发   | 301221 |  光庭信息  |  57.3  | 1001.0 | -3.1 |  -1.7   |  -3.9   |
|   软件开发   | 688078 |  龙软科技  |  34.0  |  92.4  | -3.7 |  -3.9   |  -7.0   |
|   软件开发   | 002178 |  延华智能  |  36.7  | -106.3 | -4.5 |  -6.5   |  -2.8   |
|   软件开发   | 300552 |  万集科技  |  58.0  | 469.8  | -3.2 |  -16.3  |  -11.7  |
|   贸易行业   | 601028 |  玉龙股份  | 139.5  |  46.1  | -3.0 |  -3.2   |  -6.6   |
|   装修装饰   | 002047 |  宝鹰股份  |  57.5  | -31.6  | -4.5 |  -6.2   |  -4.3   |
|   装修建材   | 002791 |  坚朗五金  | 392.9  | -109.8 | -3.7 |   2.2   |  14.2   |
|   装修建材   | 300616 |  尚品宅配  |  53.0  | -13.2  | -3.3 |   1.8   |   2.3   |
|   航空机场   | 000089 |  深圳机场  | 148.9  | -12.5  | -3.2 |   2.1   |   8.8   |
|   航空机场   | 603885 |  吉祥航空  | 330.3  | -15.2  | -6.0 |  -1.7   |   6.1   |
|   航空机场   | 601111 |  中国国航  | 1560.0 |  -4.4  | -3.2 |  -6.0   |   4.9   |
|   综合行业   | 000532 |  华金资本  |  39.9  |  71.3  | -3.4 |  -2.5   |  -6.1   |
|   纺织服装   | 002397 |  梦洁股份  |  29.9  | -81.2  | -3.4 |  -18.4  |  -1.0   |
|   电网设备   | 688616 |  西力科技  |  16.0  |  75.5  | -3.7 |  -0.7   |  -0.3   |
|   电网设备   | 300208 |  青岛中程  |  96.3  | -41.3  | -4.5 |  -4.8   |  -5.2   |
|   电网设备   | 002058 |   威尔泰   |  17.6  | -197.7 | -3.1 |  -21.0  |  -14.0  |
|   电网设备   | 002451 |  摩恩电气  |  29.2  |  75.5  | -4.2 |  -22.4  |  -5.5   |
|   电源设备   | 300820 |  英杰电气  |  90.9  |  42.1  | -3.2 |   0.0   |  -6.8   |
|     电池     | 002245 |  蔚蓝锂芯  | 232.0  |  29.0  | -3.2 |  -3.6   |  -12.0  |
|     电机     | 003021 |  兆威机电  |  77.7  |  85.7  | -4.5 |  -10.4  |  -4.3   |
|  电子化学品  | 300346 |  南大光电  | 184.6  |  57.2  | -4.3 |  -0.1   |   5.9   |
|  电子化学品  | 688019 |  安集科技  | 149.5  |  94.4  | -4.5 |  -0.7   |  -3.0   |
|   电子元件   | 002161 |   远望谷   |  36.5  | -22.8  | -4.1 |   8.6   |  13.0   |
|   电子元件   | 301021 |  英诺激光  |  41.7  |  84.1  | -4.0 |   2.8   |   2.5   |
|   电子元件   | 603936 |  博敏电子  |  68.2  |  42.0  | -3.3 |   1.1   |  13.8   |
|   电子元件   | 603186 |  华正新材  |  36.0  |  29.2  | -5.8 |  -2.7   |   4.5   |
|   电子元件   | 002938 |  鹏鼎控股  | 672.2  |  28.3  | -4.1 |  -2.9   |   1.0   |
|   电子元件   | 002484 |  江海股份  | 185.1  |  39.4  | -3.3 |  -2.9   |  -5.0   |
|   电子元件   | 300656 |  民德电子  |  52.8  |  95.7  | -4.1 |  -3.4   |   2.6   |
|   电子元件   | 688519 |  南亚新材  |  62.3  |  21.9  | -4.2 |  -5.8   |  -10.1  |
|   电子元件   | 300476 |  胜宏科技  | 147.9  |  18.3  | -3.7 |  -5.9   |  -7.5   |
|   电子元件   | 002138 |  顺络电子  | 200.4  |  30.8  | -4.9 |  -8.5   |  -4.4   |
|   电力行业   | 605028 |  世茂能源  |  31.0  |  17.2  | -3.5 |   6.9   |   7.9   |
|   电力行业   | 002499 |  *ST科林   |  7.7   |  -8.2  | -3.3 |  -7.5   |  -9.0   |
|   电力行业   | 600719 |   ST热电   |  20.7  |  13.4  | -5.0 |  -7.8   |   2.2   |
|   生物制品   | 688276 |  百克生物  | 273.4  | 394.7  | -3.0 |   2.8   |  21.9   |
|   生物制品   | 688302 | 海创药业-U |  42.4  | -12.2  | -3.7 |  -6.4   |  -7.0   |
|   珠宝首饰   | 002721 |  金一文化  |  34.9  |  -7.0  | -3.5 |  -5.0   |   0.8   |
|   环保行业   | 688021 |  奥福环保  |  25.3  |  63.8  | -3.2 |   4.6   |  -1.0   |
|   环保行业   | 000005 |   ST星源   |  18.4  | 294.1  | -4.9 |  -2.8   |  -3.9   |
|   煤炭行业   | 601001 |  晋控煤业  | 296.1  |  8.2   | -3.3 |  -0.5   |  14.6   |
|   煤炭行业   | 600725 |  云维股份  |  52.6  | 182.5  | -3.4 |  -4.5   |   2.9   |
|   煤炭行业   | 600532 |  *ST未来   |  71.5  | -150.4 | -4.9 |  -5.7   |  -5.7   |
|   煤炭行业   | 600546 |  山煤国际  | 358.2  |  5.4   | -4.8 |  -7.0   |  -0.3   |
|   消费电子   | 002993 |  奥海科技  |  94.2  |  22.5  | -5.7 |   6.1   |   3.1   |
|   消费电子   | 002881 |  美格智能  |  75.0  |  76.2  | -3.5 |   2.4   |  -14.9  |
|   消费电子   | 002655 |  共达电声  |  51.6  |  66.7  | -3.2 |   1.3   |  10.3   |
|   消费电子   | 603133 |  碳元科技  |  23.8  | -45.1  | -3.1 |   0.6   |  10.1   |
|   消费电子   | 688678 |   福立旺   |  43.5  |  28.5  | -6.0 |   0.0   |  -1.3   |
|   消费电子   | 300679 |  电连技术  | 185.7  |  52.7  | -4.5 |  -0.2   |   1.4   |
|   消费电子   | 002475 |  立讯精密  | 2310.0 |  32.0  | -4.4 |  -0.4   |   0.6   |
|   消费电子   | 300686 |   智动力   |  30.8  |  72.3  | -4.5 |  -0.8   |  -0.7   |
|   消费电子   | 300684 |  中石科技  |  38.8  |  40.2  | -5.4 |  -1.2   |  -5.9   |
|   消费电子   | 600745 |  闻泰科技  | 964.2  |  48.0  | -5.8 |  -1.6   |   9.2   |
|   消费电子   | 300131 |  英唐智控  |  53.7  |  46.6  | -3.8 |  -4.4   |  -3.3   |
|   消费电子   | 002635 |  安洁科技  | 105.1  |  30.9  | -4.5 |  -4.8   |  -0.8   |
|  汽车零部件  | 603922 |   金鸿顺   |  29.2  |  72.2  | -4.6 |   1.1   |  -4.6   |
|  汽车零部件  | 300928 |  华安鑫创  |  44.5  | 202.9  | -4.5 |  -1.4   |  -6.3   |
|  汽车零部件  | 300742 |  越博动力  |  22.7  | -34.3  | -3.1 |  -2.2   |  -9.7   |
|  汽车零部件  | 603306 |  华懋科技  |  97.9  |  40.5  | -4.3 |  -2.9   |   3.6   |
|  汽车零部件  | 300580 |   贝斯特   |  40.7  |  26.9  | -3.5 |  -3.8   |  -13.3  |
|  汽车零部件  | 605068 |  明新旭腾  |  38.6  |  56.4  | -3.4 |  -3.9   |  -12.7  |
|  汽车零部件  | 300507 |  苏奥传感  |  60.6  |  61.4  | -3.2 |  -4.7   |   4.8   |
|  汽车零部件  | 603786 |   科博达   | 240.7  |  65.7  | -3.5 |  -4.9   |  -14.9  |
|  汽车零部件  | 603319 |   湘油泵   |  37.0  |  29.5  | -5.1 |  -7.5   |  -6.0   |
|  汽车零部件  | 300652 |   雷迪克   |  21.8  |  26.1  | -3.9 |  -7.8   |  -7.8   |
|  汽车零部件  | 603982 |  泉峰汽车  |  47.3  |  66.8  | -4.8 |  -8.2   |  -13.9  |
|  汽车零部件  | 002590 |  万安科技  |  40.4  | -414.8 | -4.9 |  -12.6  |  -8.4   |
|   汽车整车   | 000951 |  中国重汽  | 162.5  |  32.7  | -3.2 |   7.7   |   3.4   |
|   汽车整车   | 600213 |  亚星客车  |  29.7  | -17.0  | -5.8 |  -1.1   |   9.6   |
|   汽车整车   | 600686 |  金龙汽车  |  48.5  | 313.1  | -3.7 |  -6.6   |  -4.4   |
|   汽车整车   | 600303 |   ST曙光   |  22.0  | -16.9  | -5.0 |  -7.4   |  -6.6   |
|   汽车整车   | 600006 |  东风汽车  | 145.6  |  30.7  | -3.8 |  -7.8   |  -7.3   |
|   水泥建材   | 002205 |  国统股份  |  23.3  | -15.2  | -5.0 |  -10.7  |  -5.1   |
|   橡胶制品   | 300320 |  海达股份  |  85.4  |  53.0  | -5.0 |   0.0   |  -2.7   |
|   橡胶制品   | 300731 |  科创新源  |  29.6  | -66.4  | -5.2 |  -2.3   |  -14.6  |
|   橡胶制品   | 600469 |  风神股份  |  34.1  | -20.6  | -3.1 |  -2.9   |   2.4   |
|   有色金属   | 603527 |  众源新材  |  31.1  |  29.7  | -3.1 |   1.2   |   1.2   |
|   有色金属   | 601677 |  明泰铝业  | 212.3  |  9.0   | -4.3 |  -5.6   |  -2.8   |
|   旅游酒店   | 002033 |  丽江股份  |  51.8  | -45.8  | -5.2 |  -4.0   |  23.8   |
|   旅游酒店   | 002059 |  云南旅游  |  76.4  | -206.6 | -3.3 |  -4.3   |   1.3   |
|   旅游酒店   | 000428 |  华天酒店  |  46.7  | -35.1  | -5.2 |  -6.2   |  16.8   |
|   旅游酒店   | 000978 |  桂林旅游  |  31.6  | -11.1  | -5.3 |  -6.2   |  -0.3   |
|   旅游酒店   | 600706 |  曲江文旅  |  28.8  | -14.3  | -3.3 |  -8.8   |  -9.5   |
|   旅游酒店   | 000610 |  西安旅游  |  22.4  | -16.4  | -3.8 |  -9.4   |   2.7   |
|   旅游酒店   | 000721 |  西安饮食  |  26.2  | -13.0  | -3.8 |  -10.4  |   1.1   |
|   旅游酒店   | 603199 |  九华旅游  |  27.5  | -124.0 | -3.9 |  -12.2  |   3.4   |
|   文化传媒   | 002502 |  鼎龙文化  |  32.7  | -72.8  | -4.6 |  15.6   |  14.5   |
|   文化传媒   | 002751 |  *ST易尚   |  10.7  |  -5.5  | -3.5 |   3.9   |   5.0   |
|   文化传媒   | 600136 |   ST明诚   |  11.0  |  -1.8  | -5.0 |   2.2   |   2.7   |
|   文化传媒   | 300182 |  捷成股份  | 136.0  |  11.7  | -3.1 |  -1.3   |   4.8   |
|   文化传媒   | 600358 |  国旅联合  |  33.0  |  98.9  | -4.2 |  -6.2   |  -8.5   |
|   文化传媒   | 002699 |   ST美盛   |  26.0  | -127.9 | -5.0 |  -9.5   |  -11.2  |
|  房地产服务  | 002377 |  国创高新  |  29.1  |  -6.7  | -3.3 |  -6.7   |  -16.5  |
|  房地产开发  | 600376 |  首开股份  | 128.7  |  -8.4  | -4.4 |   0.8   |   3.3   |
|  房地产开发  | 600077 |  宋都股份  |  50.1  | -107.7 | -3.6 |  -0.8   |   0.0   |
|  房地产开发  | 000069 |  华侨城Ａ   | 492.9  |  69.9  | -3.5 |  -1.0   |   4.9   |
|  房地产开发  | 000042 |  中洲控股  |  58.5  |  40.3  | -3.2 |  -3.5   |  -3.9   |
|  房地产开发  | 002305 |  南国置业  |  44.7  | -19.1  | -3.0 |  -5.8   |  -4.4   |
|  房地产开发  | 000732 |   ST泰禾   |  31.9  |  -2.0  | -4.5 |  -5.9   |  -6.6   |
|  房地产开发  | 600393 |  粤泰股份  |  38.5  | -13.4  | -3.2 |  -7.3   |  -6.2   |
|   工程机械   | 600375 |  汉马科技  |  59.4  |  -9.1  | -3.2 |  -3.3   |  -11.5  |
|   工程建设   | 603843 |  正平股份  |  33.0  | -121.8 | -3.3 |   1.9   |   5.1   |
|   工程建设   | 603955 |  大千生态  |  17.2  | 141.8  | -5.3 |   0.1   |   1.4   |
|   工程建设   | 600769 |  祥龙电业  |  31.4  | 311.8  | -6.0 |  -1.4   |  10.1   |
|   工程建设   | 002062 |  宏润建设  |  73.5  |  17.9  | -5.1 |  -2.5   |   9.2   |
|   工程建设   | 000090 |  天健集团  | 124.6  |  3.4   | -3.9 |  -2.5   |  -0.3   |
|   工程建设   | 002586 |  *ST围海   |  50.8  | -69.3  | -4.9 |  -6.1   |  -5.1   |
|   工程建设   | 301098 |  金埔园林  |  25.0  |  29.0  | -3.8 |  -6.5   |   8.1   |
| 工程咨询服务 | 301027 |  华蓝集团  |  34.0  |  51.1  | -4.5 |  -6.0   |   0.3   |
| 工程咨询服务 | 301091 |   深城交   |  51.8  | -34.1  | -5.6 |  -7.0   |  22.0   |
|   家电行业   | 000016 |  深康佳Ａ   | 144.5  |  34.8  | -5.1 |   1.4   |  -4.6   |
|   家电行业   | 688793 |   倍轻松   |  33.3  | -84.1  | -4.3 |  -1.3   |  -1.3   |
|   家电行业   | 301187 |  欧圣电气  |  44.8  |  29.9  | -5.5 |  -5.3   |  -5.4   |
|   家用轻工   | 603848 |   好太太   |  65.8  |  36.3  | -5.1 |  -7.4   |  -0.9   |
|   塑料制品   | 301237 |  和顺科技  |  35.1  |  29.9  | -3.8 |   9.8   |   4.3   |
|   塑料制品   | 002361 |  神剑股份  |  44.0  | 184.3  | -3.2 |  -3.9   |  13.6   |
|   塑料制品   | 601208 |  东材科技  | 109.6  |  26.9  | -3.8 |  -4.2   |  -11.3  |
|   塑料制品   | 688585 |  上纬新材  |  36.5  |  47.5  | -5.5 |  -11.0  |  -3.9   |
|   商业百货   | 002187 |  广百股份  |  56.5  |  48.1  | -3.1 |  -4.2   |  -4.5   |
|    半导体    | 300812 |  易天股份  |  27.4  |  47.8  | -3.1 |  17.7   |  17.1   |
|    半导体    | 605358 |   立昂微   | 437.5  |  46.0  | -5.4 |   2.8   |   5.1   |
|    半导体    | 300831 |  派瑞股份  |  44.8  |  92.3  | -3.2 |   2.6   |   4.5   |
|    半导体    | 300782 |   卓胜微   | 712.8  |  38.8  | -5.1 |   2.5   |   5.6   |
|    半导体    | 300456 |  赛微电子  | 132.2  | 140.0  | -4.5 |   0.9   |   6.6   |
|    半导体    | 300623 |  捷捷微电  | 175.7  |  43.8  | -4.1 |   0.6   |   4.2   |
|    半导体    | 688072 | 拓荆科技-U | 188.9  | -397.6 | -4.5 |   0.6   |  -3.2   |
|    半导体    | 300671 |   富满微   | 155.3  |  69.9  | -5.2 |   0.3   |   9.3   |
|    半导体    | 688508 |   芯朋微   |  79.7  |  59.2  | -5.2 |   0.2   |  -1.2   |
|    半导体    | 688798 |  艾为电子  | 216.4  |  94.1  | -3.8 |  -2.1   |  -2.0   |
|    半导体    | 688153 | 唯捷创芯-U | 189.2  | 128.7  | -4.3 |  -2.2   |  -5.4   |
|    半导体    | 603501 |  韦尔股份  | 1440.0 |  40.2  | -5.3 |  -2.3   |   2.9   |
|    半导体    | 002371 |  北方华创  | 1403.0 | 169.9  | -5.7 |  -2.5   |  -0.8   |
|    半导体    | 300661 |  圣邦股份  | 626.1  |  60.1  | -3.3 |  -2.8   |   1.7   |
|    半导体    | 600460 |   士兰微   | 695.4  |  64.8  | -3.8 |  -2.9   |   5.9   |
|    半导体    | 688661 |  和林微纳  |  46.5  |  60.1  | -3.3 |  -3.0   |  -4.1   |
|    半导体    | 300077 |  国民技术  | 107.0  | 108.7  | -4.2 |  -3.2   |   5.6   |
|    半导体    | 688126 | 沪硅产业-U | 598.5  | -987.4 | -3.9 |  -3.4   |  -3.4   |
|    半导体    | 688206 |  概伦电子  | 126.1  | 670.8  | -6.0 |  -3.5   |  -1.2   |
|    半导体    | 688107 | 安路科技-U | 253.2  | 357.7  | -4.5 |  -4.4   |  -4.3   |
|    半导体    | 688259 |  创耀科技  |  60.5  |  59.4  | -3.1 |  -4.4   |  -6.8   |
|    半导体    | 688110 |  东芯股份  | 156.7  |  35.6  | -4.5 |  -4.5   |  -3.7   |
|    半导体    | 688012 |  中微公司  | 683.7  | 145.9  | -4.6 |  -4.5   |  -5.3   |
|    半导体    | 688233 |  神工股份  |  82.9  |  41.5  | -5.5 |  -4.5   |  -5.3   |
|    半导体    | 688608 |  恒玄科技  | 158.4  | 176.0  | -5.3 |  -4.6   |  -6.1   |
|    半导体    | 300046 |  台基股份  |  45.3  | 111.0  | -3.4 |  -4.6   |  -1.2   |
|    半导体    | 688099 |  晶晨股份  | 381.2  |  35.2  | -4.6 |  -4.7   |  -1.6   |
|    半导体    | 688536 |   思瑞浦   | 400.4  | 109.4  | -5.5 |  -5.0   |  -4.8   |
|    半导体    | 688262 |  国芯科技  | 113.5  | 9233.4 | -4.8 |  -5.0   |   7.7   |
|    半导体    | 688699 |  明微电子  |  75.2  |  26.4  | -4.4 |  -5.1   |  -9.0   |
|    半导体    | 688230 |  芯导科技  |  54.6  |  45.6  | -3.9 |  -5.3   |  -6.3   |
|    半导体    | 688200 |  华峰测控  | 205.1  |  42.0  | -3.6 |  -5.4   |  -6.2   |
|    半导体    | 688173 |   希荻微   | 121.3  | 317.0  | -4.8 |  -5.5   |  -0.2   |
|    半导体    | 300666 |  江丰电子  | 133.7  |  99.9  | -4.3 |  -5.7   |  -6.6   |
|    半导体    | 688766 |  普冉股份  |  77.1  |  46.4  | -4.5 |  -5.7   |  -6.5   |
|    半导体    | 300373 |  扬杰科技  | 337.9  |  30.6  | -4.9 |  -5.8   |  -6.4   |
|    半导体    | 688396 |   华润微   | 725.1  |  29.3  | -5.2 |  -6.1   |  -4.2   |
|    半导体    | 002409 |  雅克科技  | 244.1  |  41.1  | -5.7 |  -7.1   |  -6.4   |
|    半导体    | 300327 |  中颖电子  | 157.2  |  30.6  | -5.0 |  -7.2   |  -5.1   |
|    半导体    | 300706 |   阿石创   |  37.0  | 156.1  | -4.2 |  -7.7   |  -1.6   |
|   医药商业   | 002411 |  *ST必康   |  90.6  |  8.4   | -5.0 |  -9.8   |  -9.8   |
|   医疗服务   | 000509 |  华塑控股  |  43.7  | 608.5  | -5.6 |  -7.7   |   1.5   |
|   化肥行业   | 002312 |  川发龙蟒  | 305.5  |  28.0  | -3.2 |  -2.5   |   5.2   |
|   化学原料   | 000707 |  双环科技  |  75.3  |  9.8   | -4.1 |   1.9   |   8.6   |
|   化学原料   | 600328 |  中盐化工  | 221.7  |  9.0   | -3.2 |   1.0   |   9.7   |
|   化学制药   | 600062 |  华润双鹤  | 272.4  |  20.5  | -3.6 |   7.4   |  15.2   |
|   化学制药   | 600513 |  联环药业  |  30.3  |  24.9  | -3.5 |  -0.8   |   3.6   |
|   化学制品   | 002165 |   红宝丽   |  33.9  | -27.6  | -4.5 |   8.5   |   6.0   |
|   化学制品   | 600230 |  沧州大化  |  72.1  |  18.5  | -3.6 |   3.4   |   4.0   |
|   化学制品   | 002037 |  保利联合  |  45.1  | -19.6  | -4.4 |   1.5   |   1.8   |
|   化学制品   | 300169 |  天晟新材  |  18.0  | -25.7  | -3.7 |  -3.8   |  -1.6   |
|  光学光电子  | 300162 |  雷曼光电  |  25.7  |  80.3  | -4.2 |   3.2   |   3.5   |
|  光学光电子  | 002962 |  五方光电  |  31.8  |  41.8  | -3.1 |  -0.3   |  -1.6   |
|  光学光电子  | 300389 |   艾比森   |  37.2  |  47.8  | -3.4 |  -0.3   |   1.0   |
|  光学光电子  | 300296 |   利亚德   | 173.7  |  37.8  | -3.4 |  -0.4   |   3.6   |
|  光学光电子  | 300940 |   南极光   |  44.6  |  95.2  | -3.0 |  -1.3   |  -4.5   |
|  光学光电子  | 600703 |  三安光电  | 1071.0 |  62.4  | -3.5 |  -1.4   |  -0.4   |
|  光学光电子  | 300319 |  麦捷科技  |  77.2  |  44.1  | -3.1 |  -1.4   |  -1.8   |
|  光学光电子  | 688055 |  龙腾光电  | 175.3  |  28.2  | -3.1 |  -1.7   |  -4.2   |
|  光学光电子  | 600071 |  凤凰光学  |  56.1  | -109.5 | -4.0 |  -2.2   |  11.4   |
|  光学光电子  | 002387 |   维信诺   |  87.7  |  -3.8  | -3.5 |  -3.1   |  -2.3   |
|  光学光电子  | 300323 |  华灿光电  |  90.9  | 318.8  | -4.7 |  -3.2   |  -1.6   |
|  光学光电子  | 300102 |  乾照光电  |  66.9  | -232.4 | -3.3 |  -4.0   |  -1.1   |
|  光学光电子  | 300708 |  聚灿光电  |  68.0  |  68.7  | -4.7 |  -4.1   |  -1.0   |
|  光学光电子  | 002289 |  宇顺电子  |  20.4  | -96.9  | -4.3 |  -5.6   |  18.5   |
|  光学光电子  | 002456 |   欧菲光   | 208.5  | -28.0  | -5.0 |  -5.9   |   7.7   |
|  光学光电子  | 605118 |  力鼎光电  |  53.8  |  30.8  | -4.6 |  -8.7   |  -4.1   |
|  光学光电子  | 000020 |  深华发Ａ   |  27.6  | 116.8  | -5.2 |  -14.0  |  -7.4   |
|   光伏设备   | 002309 |   ST中利   |  37.0  | -14.6  | -4.9 |  -8.8   |  -14.5  |
|   仪器仪表   | 605056 |  咸亨国际  |  64.0  |  91.0  | -4.1 |  16.1   |  13.8   |
|   仪器仪表   | 300112 |  万讯自控  |  28.2  |  87.2  | -3.1 |  -4.3   |   2.4   |
|   交运设备   | 688033 |  天宜上佳  |  92.8  |  67.7  | -3.7 |  -1.8   |  -10.2  |
|   交运设备   | 000017 |  深中华A   |  23.6  | -654.1 | -3.8 |  -5.9   |  -25.4  |
|  互联网服务  | 688787 |  海天瑞声  |  29.3  |  77.5  | -3.0 |  -1.9   |  -2.3   |
|  互联网服务  | 002373 |  千方科技  | 162.9  | -15.9  | -3.2 |  -2.7   |  10.6   |
|  互联网服务  | 603918 |  金桥信息  |  28.4  | -103.7 | -3.1 |  -17.4  |  -24.5  |
|     中药     | 603139 |  康惠制药  |  21.2  |  60.4  | -4.1 |   9.2   |   6.9   |
|     中药     | 002390 |  信邦制药  | 141.1  |  48.0  | -3.6 |   4.8   |   5.9   |
|     中药     | 002118 |  紫鑫药业  |  33.7  |  -4.1  | -4.4 |  -3.7   |  -3.7   |
|     中药     | 002433 |   太安堂   |  33.9  | -22.7  | -3.9 |  -5.6   |  -5.8   |
|   专用设备   | 000584 |  哈工智能  |  59.0  | -47.4  | -4.8 |  15.1   |  27.6   |
|   专用设备   | 688630 |  芯碁微装  |  86.2  | 109.6  | -5.0 |   9.2   |  16.8   |
|   专用设备   | 688633 |  星球石墨  |  34.7  |  22.7  | -3.1 |   3.6   |  -2.3   |
|   专用设备   | 300509 |   新美星   |  18.1  |  35.7  | -3.0 |  -1.6   |   1.7   |
|   专用设备   | 002021 |   ST中捷   |  12.8  |  21.7  | -3.1 |  -2.1   |   1.6   |
|   专用设备   | 300097 |  智云股份  |  20.4  | -11.1  | -5.6 |  -2.2   |  21.0   |
|   专用设备   | 300400 |  劲拓股份  |  40.5  | 150.8  | -3.8 |  -2.4   |   6.2   |
|   专用设备   | 300480 |  光力科技  |  61.0  |  75.7  | -3.7 |  -5.1   |  -9.8   |
|   专用设备   | 688596 |  正帆科技  |  46.4  | 103.1  | -5.7 |  -5.9   |  -7.7   |
|   专用设备   | 600579 |   克劳斯   |  31.8  |  -4.4  | -3.0 |  -7.0   |   2.4   |
|   专业服务   | 603776 |   永安行   |  33.5  |  67.6  | -3.3 |  -3.0   |  -0.6   |
|      —       | 835670 |   数字人   |  10.2  | -47.3  | -3.3 |  -1.7   |  17.3   |
|      —       | 836077 |  吉林碳谷  | 193.7  |  29.1  | -3.5 |  -3.3   |  -5.9   |
|      —       | 430047 |  诺思兰德  |  28.4  | -64.5  | -3.9 |  -6.9   |  -6.0   |
|      —       | 836239 |  长虹能源  |  53.4  |  23.7  | -3.6 |  -7.8   |  -4.9   |
+--------------+--------+------------+--------+--------+------+---------+---------+
