[行业>市值]
+----------+--------+----------+-------+--------+------+---------+---------+
|   行业   |  代码  |   名称   | 市值  |   pe   | 涨幅 | 3日涨幅 | 6日涨幅 |
+----------+--------+----------+-------+--------+------+---------+---------+
| 家用轻工 | 603899 | 晨光股份 | 490.3 |  44.5  | 3.8  |   6.5   |   7.0   |
| 家用轻工 | 001323 | 慕思股份 | 155.7 |  31.4  | 0.0  |   0.0   |   0.0   |
| 家用轻工 | 605099 | 共创草坪 | 112.9 |  33.1  | 3.7  |   7.6   |   5.5   |
| 家用轻工 | 603398 | 沐邦高科 | 91.3  | -250.6 | 2.9  |  10.9   |   4.7   |
| 家用轻工 | 002489 | 浙江永强 | 90.5  |  16.5  | 1.0  |  -0.5   |   3.0   |
| 家用轻工 | 002678 | 珠江钢琴 | 79.5  |  37.4  | 0.7  |   1.2   |   2.5   |
| 家用轻工 | 002605 | 姚记科技 | 68.3  |  18.6  | 2.3  |   6.1   |   6.0   |
| 家用轻工 | 603848 |  好太太  | 65.8  |  36.3  | 4.3  |   6.7   |  17.9   |
| 家用轻工 | 301101 | 明月镜片 | 61.6  |  69.6  | -6.3 |  -3.1   |  -7.0   |
| 家用轻工 | 002301 | 齐心集团 | 45.1  |  20.5  | 2.5  |   3.7   |   4.2   |
| 家用轻工 | 605299 | 舒华体育 | 43.3  |  81.5  | 1.2  |   3.1   |   2.0   |
| 家用轻工 | 300729 | 乐歌股份 | 38.3  |  53.1  | 1.4  |   3.9   |   5.9   |
| 家用轻工 | 300651 | 金陵体育 | 33.0  | 322.8  | 0.6  |  -1.6   |  -5.3   |
| 家用轻工 | 600439 |  瑞贝卡  | 30.4  |  59.6  | 0.4  |  -0.4   |   0.4   |
| 家用轻工 | 002575 | 群兴玩具 | 28.6  | 413.3  | 0.2  |  -3.1   |  -8.7   |
| 家用轻工 | 002571 | 德力股份 | 27.6  | 267.0  | -1.0 |  -0.6   |   7.5   |
| 家用轻工 | 002103 | 广博股份 | 23.8  | -39.8  | 0.9  |   2.5   |   1.8   |
| 家用轻工 | 002615 |  哈尔斯  | 23.4  |  19.0  | 2.9  |   2.9   |   3.7   |
| 家用轻工 | 301004 | 嘉益股份 | 22.9  |  17.3  | 0.4  |   3.1   |   5.5   |
| 家用轻工 | 002348 | 高乐股份 | 19.3  |  -9.7  | 1.5  |   3.0   |   4.1   |
| 家用轻工 | 300329 | 海伦钢琴 | 18.3  |  72.7  | 2.4  |   7.9   |  10.0   |
| 家用轻工 | 300703 | 创源股份 | 16.8  | 103.9  | 0.1  |   0.4   |   2.5   |
| 家用轻工 | 300640 | 德艺文创 | 16.1  |  48.8  | 1.6  |   2.7   |   2.0   |
| 家用轻工 | 002899 |  英派斯  | 14.4  | 269.6  | 1.5  |   1.6   |   1.4   |
| 家用轻工 | 002862 | 实丰文化 | 12.9  | 167.7  | 0.9  |   1.6   |  -0.8   |
+----------+--------+----------+-------+--------+------+---------+---------+
 




 [行业>单日涨幅]
+----------+--------+----------+-------+--------+------+---------+---------+
|   行业   |  代码  |   名称   | 市值  |   pe   | 涨幅 | 3日涨幅 | 6日涨幅 |
+----------+--------+----------+-------+--------+------+---------+---------+
| 家用轻工 | 603848 |  好太太  | 65.8  |  36.3  | 4.3  |   6.7   |  17.9   |
| 家用轻工 | 603899 | 晨光股份 | 490.3 |  44.5  | 3.8  |   6.5   |   7.0   |
| 家用轻工 | 605099 | 共创草坪 | 112.9 |  33.1  | 3.7  |   7.6   |   5.5   |
| 家用轻工 | 603398 | 沐邦高科 | 91.3  | -250.6 | 2.9  |  10.9   |   4.7   |
| 家用轻工 | 002615 |  哈尔斯  | 23.4  |  19.0  | 2.9  |   2.9   |   3.7   |
| 家用轻工 | 002301 | 齐心集团 | 45.1  |  20.5  | 2.5  |   3.7   |   4.2   |
| 家用轻工 | 300329 | 海伦钢琴 | 18.3  |  72.7  | 2.4  |   7.9   |  10.0   |
| 家用轻工 | 002605 | 姚记科技 | 68.3  |  18.6  | 2.3  |   6.1   |   6.0   |
| 家用轻工 | 300640 | 德艺文创 | 16.1  |  48.8  | 1.6  |   2.7   |   2.0   |
| 家用轻工 | 002899 |  英派斯  | 14.4  | 269.6  | 1.5  |   1.6   |   1.4   |
| 家用轻工 | 002348 | 高乐股份 | 19.3  |  -9.7  | 1.5  |   3.0   |   4.1   |
| 家用轻工 | 300729 | 乐歌股份 | 38.3  |  53.1  | 1.4  |   3.9   |   5.9   |
| 家用轻工 | 605299 | 舒华体育 | 43.3  |  81.5  | 1.2  |   3.1   |   2.0   |
| 家用轻工 | 002489 | 浙江永强 | 90.5  |  16.5  | 1.0  |  -0.5   |   3.0   |
| 家用轻工 | 002862 | 实丰文化 | 12.9  | 167.7  | 0.9  |   1.6   |  -0.8   |
| 家用轻工 | 002103 | 广博股份 | 23.8  | -39.8  | 0.9  |   2.5   |   1.8   |
| 家用轻工 | 002678 | 珠江钢琴 | 79.5  |  37.4  | 0.7  |   1.2   |   2.5   |
| 家用轻工 | 300651 | 金陵体育 | 33.0  | 322.8  | 0.6  |  -1.6   |  -5.3   |
| 家用轻工 | 301004 | 嘉益股份 | 22.9  |  17.3  | 0.4  |   3.1   |   5.5   |
| 家用轻工 | 600439 |  瑞贝卡  | 30.4  |  59.6  | 0.4  |  -0.4   |   0.4   |
| 家用轻工 | 002575 | 群兴玩具 | 28.6  | 413.3  | 0.2  |  -3.1   |  -8.7   |
| 家用轻工 | 300703 | 创源股份 | 16.8  | 103.9  | 0.1  |   0.4   |   2.5   |
| 家用轻工 | 001323 | 慕思股份 | 155.7 |  31.4  | 0.0  |   0.0   |   0.0   |
| 家用轻工 | 002571 | 德力股份 | 27.6  | 267.0  | -1.0 |  -0.6   |   7.5   |
| 家用轻工 | 301101 | 明月镜片 | 61.6  |  69.6  | -6.3 |  -3.1   |  -7.0   |
+----------+--------+----------+-------+--------+------+---------+---------+
