[行业>市值]
+----------+--------+----------+--------+-------+------+---------+---------+
|   行业   |  代码  |   名称   |  市值  |  pe   | 涨幅 | 3日涨幅 | 6日涨幅 |
+----------+--------+----------+--------+-------+------+---------+---------+
| 石油行业 | 601857 | 中国石油 | 9975.0 |  6.4  | -6.5 |  -11.1  |  -7.5   |
| 石油行业 | 600938 | 中国海油 | 8146.0 |  5.9  | -8.3 |  -11.8  |  -15.8  |
| 石油行业 | 600028 | 中国石化 | 4928.0 |  5.5  | -1.2 |  -3.1   |  -3.8   |
| 石油行业 | 600256 | 广汇能源 | 614.6  |  6.9  | -9.5 |  -17.2  |  -22.0  |
| 石油行业 | 600688 | 上海石化 | 353.9  | 41.4  | -2.4 |  -3.8   |  -4.1   |
| 石油行业 | 600777 | 新潮能源 | 173.4  |  8.2  | -7.6 |  -17.5  |  -12.4  |
| 石油行业 | 002221 | 东华能源 | 144.3  | 33.8  | 2.0  |   2.2   |   3.7   |
| 石油行业 | 000059 | 华锦股份 |  98.4  |  8.7  | -1.8 |  -5.1   |  -5.1   |
| 石油行业 | 600759 |  ST洲际  |  57.0  | 18.4  | -4.9 |  -7.7   |  -3.1   |
| 石油行业 | 000096 | 广聚能源 |  53.7  | 143.1 | -4.7 |  -7.4   |  -12.6  |
| 石油行业 | 000819 | 岳阳兴长 |  43.1  | 91.3  | -6.5 |  -8.1   |  -3.4   |
| 石油行业 | 000698 | 沈阳化工 |  36.5  | -8.0  | 0.2  |  -1.8   |  -2.6   |
| 石油行业 | 603353 | 和顺石油 |  34.9  | 42.3  | -2.3 |  -4.3   |   1.7   |
| 石油行业 | 600387 |  ST海越  |  30.1  | 44.1  | 0.3  |   2.5   |   0.9   |
| 石油行业 | 000159 | 国际实业 |  28.6  | 33.9  | -0.2 |  -3.3   |  -0.5   |
| 石油行业 | 000554 | 泰山石油 |  26.2  | 230.2 | -8.3 |  -12.8  |  -14.7  |
| 石油行业 | 000637 | 茂化实华 |  25.6  | -84.8 | -5.0 |   0.8   |   1.9   |
| 石油行业 | 300839 | 博汇股份 |  24.1  | 29.6  | 0.5  |  -1.9   |  -2.9   |
| 石油行业 | 603798 |  康普顿  |  20.2  | 16.5  | 0.5  |   1.1   |   1.9   |
| 石油行业 | 002778 | 中晟高科 |  16.4  | 370.5 | 1.1  |   0.5   |  -2.4   |
| 石油行业 | 300023 |  宝德退  |  4.0   | 18.0  | 6.7  |   5.0   |  10.4   |
+----------+--------+----------+--------+-------+------+---------+---------+
 




 [行业>单日涨幅]
+----------+--------+----------+--------+-------+------+---------+---------+
|   行业   |  代码  |   名称   |  市值  |  pe   | 涨幅 | 3日涨幅 | 6日涨幅 |
+----------+--------+----------+--------+-------+------+---------+---------+
| 石油行业 | 300023 |  宝德退  |  4.0   | 18.0  | 6.7  |   5.0   |  10.4   |
| 石油行业 | 002221 | 东华能源 | 144.3  | 33.8  | 2.0  |   2.2   |   3.7   |
| 石油行业 | 002778 | 中晟高科 |  16.4  | 370.5 | 1.1  |   0.5   |  -2.4   |
| 石油行业 | 300839 | 博汇股份 |  24.1  | 29.6  | 0.5  |  -1.9   |  -2.9   |
| 石油行业 | 603798 |  康普顿  |  20.2  | 16.5  | 0.5  |   1.1   |   1.9   |
| 石油行业 | 600387 |  ST海越  |  30.1  | 44.1  | 0.3  |   2.5   |   0.9   |
| 石油行业 | 000698 | 沈阳化工 |  36.5  | -8.0  | 0.2  |  -1.8   |  -2.6   |
| 石油行业 | 000159 | 国际实业 |  28.6  | 33.9  | -0.2 |  -3.3   |  -0.5   |
| 石油行业 | 600028 | 中国石化 | 4928.0 |  5.5  | -1.2 |  -3.1   |  -3.8   |
| 石油行业 | 000059 | 华锦股份 |  98.4  |  8.7  | -1.8 |  -5.1   |  -5.1   |
| 石油行业 | 603353 | 和顺石油 |  34.9  | 42.3  | -2.3 |  -4.3   |   1.7   |
| 石油行业 | 600688 | 上海石化 | 353.9  | 41.4  | -2.4 |  -3.8   |  -4.1   |
| 石油行业 | 000096 | 广聚能源 |  53.7  | 143.1 | -4.7 |  -7.4   |  -12.6  |
| 石油行业 | 600759 |  ST洲际  |  57.0  | 18.4  | -4.9 |  -7.7   |  -3.1   |
| 石油行业 | 000637 | 茂化实华 |  25.6  | -84.8 | -5.0 |   0.8   |   1.9   |
| 石油行业 | 000819 | 岳阳兴长 |  43.1  | 91.3  | -6.5 |  -8.1   |  -3.4   |
| 石油行业 | 601857 | 中国石油 | 9975.0 |  6.4  | -6.5 |  -11.1  |  -7.5   |
| 石油行业 | 600777 | 新潮能源 | 173.4  |  8.2  | -7.6 |  -17.5  |  -12.4  |
| 石油行业 | 000554 | 泰山石油 |  26.2  | 230.2 | -8.3 |  -12.8  |  -14.7  |
| 石油行业 | 600938 | 中国海油 | 8146.0 |  5.9  | -8.3 |  -11.8  |  -15.8  |
| 石油行业 | 600256 | 广汇能源 | 614.6  |  6.9  | -9.5 |  -17.2  |  -22.0  |
+----------+--------+----------+--------+-------+------+---------+---------+
