[行业>三日涨幅]
+--------------+--------+-------------+--------+----------+------+---------+---------+
|     行业     |  代码  |    名称     |  市值  |    pe    | 涨幅 | 3日涨幅 | 6日涨幅 |
+--------------+--------+-------------+--------+----------+------+---------+---------+
|   食品饮料   | 300791 |  仙乐健康   |  51.9  |   88.6   | 4.7  |   9.4   |   6.2   |
|   食品饮料   | 002597 |  金禾实业   | 237.7  |   13.4   | 4.9  |   8.2   |   6.3   |
|   风电设备   | 600416 |  湘电股份   | 234.0  |  116.6   | 5.7  |   3.2   |   5.6   |
|  非金属材料  | 300395 |   菲利华    | 241.6  |   66.9   | 3.1  |  14.8   |  11.7   |
|  非金属材料  | 300035 |  中科电气   | 218.9  |   42.5   | 4.7  |   8.0   |   1.0   |
|  非金属材料  | 600516 |  方大炭素   | 298.0  |  221.0   | 3.9  |   4.5   |   3.2   |
|  非金属材料  | 002130 |  沃尔核材   |  78.4  |   18.3   | 3.3  |   3.7   |   5.8   |
|     银行     | 600919 |  江苏银行   | 1035.0 |   3.9    | 3.2  |   5.7   |   6.0   |
|     银行     | 002839 |  张家港行   | 114.3  |   6.6    | 3.3  |   2.9   |   3.9   |
|   铁路公路   | 002627 |  三峡旅游   |  45.3  |   79.6   | 3.0  |   6.0   |   6.2   |
|   钢铁行业   | 002978 |  安宁股份   | 150.7  |   10.6   | 3.9  |   6.9   |   8.7   |
|   钢铁行业   | 002478 |  常宝股份   |  42.9  |   27.5   | 3.0  |   3.3   |  -0.8   |
|   钢铁行业   | 000708 |  中信特钢   | 1039.0 |   13.3   | 3.9  |   2.1   |   5.3   |
|   采掘行业   | 603619 |  中曼石油   |  83.8  |   28.8   | 3.8  |   8.6   |   6.1   |
|   酿酒行业   | 000858 |   五粮液    | 7750.0 |   17.9   | 3.5  |  10.7   |   8.8   |
|   造纸印刷   | 000695 |  滨海能源   |  23.3  |  -40.5   | 3.5  |  10.4   |  26.7   |
|   造纸印刷   | 603607 |  京华激光   |  24.1  |   17.8   | 3.4  |   4.8   |   3.9   |
|   造纸印刷   | 603165 |  荣晟环保   |  37.6  |   11.8   | 3.5  |   4.8   |   5.1   |
|   通用设备   | 002943 |  宇晶股份   |  56.2  |   76.5   | 5.7  |  23.4   |  14.0   |
|   通用设备   | 000837 |  秦川机床   |  79.8  |   33.2   | 5.1  |  14.0   |  15.9   |
|   通用设备   | 002158 |  汉钟精机   | 130.4  |   35.8   | 4.3  |  13.1   |  19.0   |
|   通用设备   | 300971 |  博亚精工   |  22.2  |   41.1   | 5.7  |  11.1   |  11.5   |
|   通用设备   | 688577 |  浙海德曼   |  23.5  |   39.6   | 3.0  |  11.1   |  10.8   |
|   通用设备   | 300988 |  津荣天宇   |  31.7  |   42.7   | 5.0  |  10.1   |  12.8   |
|   通用设备   | 002438 |  江苏神通   |  75.1  |   25.4   | 3.4  |  10.0   |  11.9   |
|   通用设备   | 002903 |  宇环数控   |  24.4  |   23.3   | 4.6  |   9.9   |  12.1   |
|   通用设备   | 002685 |  华东重机   |  38.7  |   39.3   | 4.1  |   9.4   |  16.0   |
|   通用设备   | 300024 |   机器人    | 165.6  |  -70.9   | 5.7  |   9.0   |  18.0   |
|   通用设备   | 603915 |  国茂股份   | 150.7  |   58.2   | 5.1  |   8.9   |  21.5   |
|   通用设备   | 688251 |  井松智能   |  25.9  |   40.0   | 5.2  |   8.5   |   8.4   |
|   通用设备   | 300946 |   恒而达    |  46.4  |   43.7   | 3.6  |   8.2   |   9.2   |
|   通用设备   | 000969 |  安泰科技   |  94.4  |   27.4   | 5.0  |   7.8   |   8.1   |
|   通用设备   | 603308 |  应流股份   | 116.4  |   43.9   | 3.2  |   7.7   |   8.9   |
|   通用设备   | 300984 |  金沃股份   |  23.6  |   63.1   | 4.8  |   7.0   |   3.6   |
|   通用设备   | 300193 |  佳士科技   |  47.0  |   24.2   | 5.5  |   6.9   |   8.0   |
|   通用设备   | 601369 |  陕鼓动力   | 170.8  |   15.3   | 4.7  |   6.9   |   5.5   |
|   通用设备   | 300488 |  恒锋工具   |  43.6  |   37.3   | 4.5  |   6.3   |   8.1   |
|   通用设备   | 300126 |  锐奇股份   |  19.3  |  346.7   | 3.6  |   6.0   |  10.4   |
|   通用设备   | 002520 |  日发精机   |  55.3  |   68.0   | 3.2  |   6.0   |   5.2   |
|   通用设备   | 002686 |   亿利达    |  32.9  |  157.7   | 5.8  |   5.8   |   8.2   |
|   通用设备   | 603131 |  上海沪工   |  46.5  |  108.9   | 4.7  |   5.6   |   3.9   |
|   通用设备   | 600558 |   大西洋    |  31.0  |   40.1   | 5.2  |   5.2   |   3.6   |
|   通用设备   | 688379 |  华光新材   |  14.8  |   56.5   | 3.8  |   4.7   |   2.9   |
|   通用设备   | 300420 |  五洋停车   |  33.4  |  108.3   | 4.9  |   4.5   |  12.4   |
|   通用设备   | 300154 |  瑞凌股份   |  27.6  |   45.3   | 4.1  |   4.5   |   9.0   |
|   通用设备   | 002282 |  博深股份   |  42.4  |   52.0   | 4.3  |   4.3   |   4.6   |
|   通用设备   | 002931 |  锋龙股份   |  22.8  |   34.4   | 4.0  |   3.8   |   1.4   |
|   通用设备   | 300780 |  德恩精工   |  23.7  |   22.2   | 3.3  |   3.7   |   9.0   |
|   通用设备   | 601177 |  杭齿前进   |  35.1  |   17.7   | 3.1  |   2.9   |   2.5   |
|   通用设备   | 603617 |  君禾股份   |  31.2  |   35.1   | 4.0  |   2.8   |  -1.9   |
|   通信设备   | 600260 |   *ST凯乐   |  28.4  |   -7.8   | 5.2  |   8.4   |   2.9   |
|   通信设备   | 002446 |  盛路通信   |  64.8  |   26.1   | 5.3  |   8.0   |  10.0   |
|   通信设备   | 300628 |  亿联网络   | 704.6  |   36.2   | 3.1  |   7.4   |   5.7   |
|   通信设备   | 688159 |  有方科技   |  20.3  |  -80.2   | 5.3  |   7.1   |   4.2   |
|   通信设备   | 002413 |  雷科防务   |  76.5  |   73.4   | 4.8  |   6.7   |   8.6   |
|   通信设备   | 688175 |  高凌信息   |  32.2  |  354.3   | 5.9  |   6.4   |   6.0   |
|   通信设备   | 600355 |  精伦电子   |  15.6  |  -51.7   | 5.0  |   5.3   |   7.5   |
|   通信设备   | 002792 |  通宇通讯   |  46.6  |   58.0   | 3.0  |   4.0   |   3.5   |
|   通信设备   | 300308 |  中际旭创   | 256.3  |   29.5   | 3.4  |   3.6   |  -1.0   |
|   通信设备   | 002313 |   *ST日海   |  21.8  |  -11.2   | 4.5  |   3.5   |   4.1   |
|   通信设备   | 603042 |  华脉科技   |  16.5  |  -32.3   | 3.0  |   3.5   |   3.8   |
|   通信设备   | 000851 |  高鸿股份   |  55.1  |  668.7   | 5.2  |   3.2   |   5.2   |
|   通信设备   | 688418 |  震有科技   |  18.7  |  -12.7   | 3.1  |   3.2   |   2.4   |
|   通信设备   | 000547 |  航天发展   | 197.3  |   34.2   | 4.4  |   2.8   |   0.7   |
|   通信设备   | 300629 |   新劲刚    |  38.4  |   27.9   | 3.2  |   2.6   |   5.1   |
|   通信设备   | 002829 |  星网宇达   |  49.5  |  -150.3  | 3.6  |   2.2   |   4.3   |
|   通信设备   | 002897 |  意华股份   |  83.7  |   46.6   | 5.8  |   0.7   |   4.0   |
|   通信服务   | 300025 |  华星创业   |  22.2  |  -328.0  | 3.6  |  10.5   |  15.7   |
|   通信服务   | 601698 |  中国卫通   | 459.6  |   91.7   | 3.5  |   8.0   |   5.6   |
|   通信服务   | 603220 |  中贝通信   |  43.0  |  105.8   | 3.2  |   7.3   |   5.6   |
|   通信服务   | 300578 |  会畅通讯   |  34.5  |   65.5   | 3.5  |   7.2   |   6.3   |
|   通信服务   | 300211 |  亿通科技   |  27.2  |   91.2   | 4.7  |   6.8   |   7.8   |
|   通信服务   | 300736 |  百邦科技   |  13.1  |  -38.0   | 3.2  |   5.1   |   4.8   |
|   通信服务   | 002231 |  奥维通信   |  19.1  |  153.2   | 3.8  |   5.0   |   4.8   |
|   通信服务   | 300292 |  吴通控股   |  48.3  |  -105.5  | 3.5  |   4.0   |   4.7   |
|   通信服务   | 300921 |  南凌科技   |  26.6  |   49.4   | 3.5  |   3.1   |   3.5   |
|   通信服务   | 002929 |  润建股份   |  86.5  |   21.1   | 4.8  |   2.7   |  12.6   |
|   软件开发   | 688327 | 云从科技-UW | 200.4  |  -43.2   | 4.9  |  10.0   |   0.3   |
|   软件开发   | 300624 |  万兴科技   |  42.5  |  -298.5  | 4.1  |   7.2   |   5.5   |
|   软件开发   | 300047 |  天源迪科   |  45.9  |  168.2   | 5.7  |   6.7   |   7.3   |
|   软件开发   | 002268 |   卫士通    | 369.4  |  -240.2  | 5.4  |   6.7   |   7.0   |
|   软件开发   | 300996 |  普联软件   |  39.9  |  -84.9   | 3.5  |   6.2   |   5.9   |
|   软件开发   | 300209 |  天泽信息   |  31.4  |  -29.0   | 4.3  |   6.1   |  21.8   |
|   软件开发   | 002362 |  汉王科技   |  35.0  |  -38.8   | 5.7  |   6.0   |   2.1   |
|   软件开发   | 300098 |   高新兴    |  64.5  |  -19.9   | 5.1  |   4.5   |   6.9   |
|   软件开发   | 300229 |   拓尔思    |  82.6  |   98.3   | 3.0  |   4.4   |   3.2   |
|   软件开发   | 300598 |  诚迈科技   |  67.0  |  -36.4   | 3.4  |   3.6   |   0.4   |
|   软件开发   | 688109 |  品茗股份   |  17.3  |  -17.2   | 3.4  |   3.5   |   2.2   |
|   软件开发   | 300378 |  鼎捷软件   |  45.2  |  -66.7   | 3.9  |   3.5   |   2.9   |
|   软件开发   | 002405 |  四维图新   | 355.8  |  754.6   | 3.5  |   2.5   |   9.4   |
|   贸易行业   | 301099 |  雅创电子   |  66.4  |   50.9   | 5.2  |   7.8   |  10.4   |
|   贸易行业   | 600250 |  南纺股份   |  16.7  |  -11.3   | 3.1  |   5.9   |   4.1   |
|   贸易行业   | 600241 |   ST时万    |  25.4  |   26.1   | 3.4  |   4.9   |   3.0   |
|   贸易行业   | 603003 |  龙宇燃油   |  30.0  |   33.5   | 5.2  |   4.2   |   6.7   |
|     证券     | 000686 |  东北证券   | 167.3  |  -16.1   | 3.2  |   2.7   |   4.2   |
|  计算机设备  | 002512 |  达华智能   |  36.8  |  -23.9   | 3.9  |   6.3   |   4.9   |
|  计算机设备  | 002835 |  同为股份   |  22.1  |  1270.5  | 3.1  |   5.9   |   5.6   |
|  计算机设备  | 300884 |   狄耐克    |  26.8  |   55.7   | 3.5  |   4.8   |   5.1   |
|  计算机设备  | 300045 |  华力创通   |  48.9  |  713.4   | 3.1  |   3.9   |   1.9   |
|  计算机设备  | 002197 |  证通电子   |  56.9  |  125.0   | 3.7  |   3.5   |   5.8   |
|  计算机设备  | 300270 |  中威电子   |  18.8  | -2263.3  | 4.2  |   3.0   |   3.9   |
|  计算机设备  | 300479 |  神思电子   |  44.6  |  -237.9  | 4.0  |   2.7   |  31.3   |
|  计算机设备  | 600100 |  同方股份   | 148.4  |   -6.7   | 3.3  |   2.5   |   3.0   |
|  计算机设备  | 688288 |  鸿泉物联   |  24.0  |  -39.8   | 3.1  |   1.1   |   6.5   |
|   装修装饰   | 605268 |  王力安防   |  44.1  |  -161.4  | 4.3  |   5.3   |   7.7   |
|   装修装饰   | 603030 |  全筑股份   |  18.0  |  -33.9   | 3.3  |   3.3   |   4.7   |
|   装修建材   | 603898 |   好莱客    |  33.5  |   20.5   | 3.5  |   7.3   |   5.0   |
|   装修建材   | 600076 |  康欣新材   |  44.2  |  -30.0   | 3.5  |   4.8   |   5.8   |
|   装修建材   | 002088 |  鲁阳节能   | 108.8  |   22.4   | 3.9  |   3.9   |   6.0   |
|   装修建材   | 603709 |  中源家居   |  12.9  |  134.2   | 3.3  |   1.7   |   1.1   |
|   装修建材   | 002694 |  顾地科技   |  27.6  |  -38.1   | 3.1  |  -0.9   |   4.8   |
|   航运港口   | 600026 |  中远海能   | 527.2  |  526.6   | 5.7  |   8.6   |  18.1   |
|   航运港口   | 601872 |  招商轮船   | 501.9  |   9.6    | 5.1  |   3.9   |  13.4   |
|   航运港口   | 600428 |  中远海特   | 106.7  |   8.4    | 3.5  |   2.9   |   2.9   |
|   航空机场   | 600004 |  白云机场   | 335.1  |  -101.3  | 6.0  |  18.3   |  15.9   |
|   航空机场   | 002928 |  华夏航空   | 120.5  |   -6.6   | 5.2  |  13.0   |  11.2   |
|   航空机场   | 600115 |  中国东航   | 1010.0 |   -3.2   | 4.5  |  10.8   |  10.5   |
|   航空机场   | 601021 |  春秋航空   | 521.5  |  -29.8   | 3.9  |   9.4   |  13.9   |
|   航空机场   | 600029 |  南方航空   | 1244.0 |   -6.9   | 4.1  |   8.7   |   9.4   |
|   航空机场   | 000089 |  深圳机场   | 146.6  |  -12.3   | 4.8  |   8.7   |   7.5   |
|   航天航空   | 300581 |  晨曦航空   |  81.2  |  317.3   | 5.0  |  13.7   |  19.1   |
|   航天航空   | 688070 |  纵横股份   |  35.5  |  -388.0  | 4.6  |  13.3   |  16.0   |
|   航天航空   | 600765 |  中航重机   | 468.8  |   56.4   | 3.6  |   9.3   |  11.7   |
|   航天航空   | 300719 |  安达维尔   |  27.4  |  -54.7   | 5.8  |   8.5   |  10.3   |
|   航天航空   | 000768 |  中航西飞   | 865.8  |  140.0   | 4.9  |   7.9   |   9.7   |
|   航天航空   | 300900 |  广联航空   |  58.9  |   87.5   | 3.6  |   7.8   |   8.6   |
|   航天航空   | 300775 |  三角防务   | 241.9  |   42.7   | 3.5  |   7.0   |  16.8   |
|   航天航空   | 300696 |   爱乐达    | 133.1  |   50.4   | 4.1  |   5.3   |   9.6   |
|   航天航空   | 600862 |  中航高科   | 409.3  |   35.1   | 3.6  |   4.3   |   8.2   |
|   航天航空   | 300159 |   ST新研    |  28.3  |  -22.1   | 3.8  |   2.7   |   3.3   |
|   航天航空   | 002013 |  中航机电   | 491.0  |   46.2   | 4.0  |   2.4   |   3.8   |
|   能源金属   | 603799 |  华友钴业   | 1570.0 |   32.5   | 5.5  |   7.8   |   8.5   |
|   美容护理   | 002511 |  中顺洁柔   | 164.9  |   30.9   | 3.1  |   6.9   |   3.4   |
|   美容护理   | 603059 |   倍加洁    |  19.3  | -12769.1 | 3.5  |   5.6   |   6.0   |
|   美容护理   | 300856 |  科思股份   |  66.8  |   28.8   | 4.5  |  -3.1   |  -6.1   |
|   综合行业   | 600113 |  浙江东日   |  31.2  |   17.1   | 5.0  |   6.5   |   4.5   |
|   综合行业   | 600784 |  鲁银投资   |  49.6  |   21.2   | 3.8  |   4.3   |   5.8   |
|   综合行业   | 000833 |  粤桂股份   |  62.6  |   43.9   | 5.3  |   3.0   |   5.6   |
|   纺织服装   | 002291 |   星期六    | 182.8  |   52.7   | 4.2  |  17.1   |  15.9   |
|   纺织服装   | 600156 |  华升股份   |  19.9  |  -12.5   | 5.1  |  12.3   |   6.7   |
|   纺织服装   | 002485 |   *ST雪发   |  15.6  |  -167.5  | 3.6  |  10.0   |   6.3   |
|   纺织服装   | 002083 |  孚日股份   |  39.4  |   18.5   | 5.5  |   7.4   |  13.2   |
|   纺织服装   | 002780 |  三夫户外   |  20.7  |  215.6   | 3.3  |   6.9   |   4.6   |
|   纺织服装   | 002193 |  如意集团   |  15.8  |  136.5   | 3.8  |   6.9   |   6.1   |
|   纺织服装   | 600232 |  金鹰股份   |  22.0  |   42.6   | 4.2  |   5.0   |   3.2   |
|   纺织服装   | 600107 |   美尔雅    |  22.6  |  -182.0  | 3.1  |   3.1   |   1.3   |
|   纺织服装   | 603558 |  健盛集团   |  49.4  |   15.0   | 3.0  |   2.4   |   2.2   |
|   纺织服装   | 002674 |  兴业科技   |  36.6  |  235.4   | 3.8  |  -6.8   |  11.6   |
|   石油行业   | 002221 |  东华能源   | 154.7  |   36.2   | 6.0  |   8.7   |   7.2   |
|   石油行业   | 600938 |  中国海油   | 8656.0 |   6.3    | 3.1  |   5.6   |   6.3   |
|   石油行业   | 002778 |  中晟高科   |  16.8  |  378.3   | 3.1  |   4.8   |   2.1   |
|   石油行业   | 000096 |  广聚能源   |  52.5  |  139.9   | 4.1  |   1.4   |  -2.3   |
|   石油行业   | 600759 |   ST洲际    |  56.8  |   18.3   | 5.0  |   1.2   |  -0.4   |
|   电网设备   | 002300 |  太阳电缆   |  52.2  |   41.7   | 5.2  |   9.2   |  13.4   |
|   电网设备   | 300222 |  科大智能   |  66.6  |  -49.7   | 4.4  |   8.8   |  14.6   |
|   电网设备   | 301120 |  新特电气   |  48.9  |   79.7   | 4.0  |   8.8   |  12.4   |
|   电网设备   | 600468 |  百利电气   |  51.6  |   47.0   | 3.7  |   8.7   |   9.2   |
|   电网设备   | 002498 |  汉缆股份   | 145.7  |   27.0   | 5.3  |   8.2   |   8.7   |
|   电网设备   | 300466 |  赛摩智能   |  30.6  |  155.1   | 5.2  |   7.3   |  13.5   |
|   电网设备   | 688191 |  智洋创新   |  28.2  |   44.4   | 5.4  |   7.3   |   7.0   |
|   电网设备   | 605222 |  起帆电缆   |  94.2  |   15.7   | 4.5  |   6.6   |   7.4   |
|   电网设备   | 600312 |  平高电气   | 113.4  |   70.9   | 3.2  |   6.4   |   8.0   |
|   电网设备   | 300341 |  麦克奥迪   |  49.1  |   26.9   | 4.5  |   5.9   |   9.9   |
|   电网设备   | 600089 |  特变电工   | 1027.0 |   8.2    | 3.1  |   4.9   |   4.1   |
|   电网设备   | 300427 |  红相股份   |  56.7  |   55.8   | 5.8  |   4.8   |   6.1   |
|   电网设备   | 603829 |  洛凯股份   |  17.2  | 16416.4  | 3.1  |   4.8   |   7.3   |
|   电网设备   | 603070 |  万控智造   |  92.1  |  126.9   | 4.7  |   4.7   |   3.0   |
|   电网设备   | 688597 |  煜邦电力   |  30.5  |  132.9   | 3.7  |   3.4   |  16.1   |
|   电网设备   | 002622 |  融钰集团   |  27.2  |  -26.9   | 3.5  |   2.2   |   3.2   |
|   电网设备   | 300356 |   *ST光一   |  8.2   |   -6.4   | 4.2  |   2.0   |   2.5   |
|   电网设备   | 600290 |   ST华仪    |  16.0  |   -8.6   | 5.0  |   1.4   |  -0.5   |
|   电源设备   | 601727 |  上海电气   | 665.3  |  1315.8  | 4.2  |   4.2   |   2.6   |
|   电源设备   | 002630 |  华西能源   |  35.5  |   -5.7   | 3.4  |   1.0   |  -8.2   |
|     电池     | 300037 |   新宙邦    | 416.8  |   20.4   | 4.2  |  19.4   |  14.8   |
|     电池     | 600847 |  万里股份   |  26.9  |  -60.7   | 3.5  |   4.2   |   4.2   |
|     电机     | 603728 |  鸣志电器   | 101.3  |   64.7   | 3.3  |  16.5   |  46.1   |
|     电机     | 600580 |  卧龙电驱   | 202.8  |   25.6   | 4.5  |   6.4   |  12.6   |
|     电机     | 000922 |  佳电股份   |  53.5  |   17.7   | 3.1  |   5.3   |   5.9   |
|     电机     | 300626 |  华瑞股份   |  16.7  |   65.2   | 3.7  |   3.3   |   5.6   |
|     电机     | 300660 |  江苏雷利   |  84.6  |   30.5   | 3.8  |   3.0   |  14.7   |
|     电机     | 002196 |  方正电机   |  53.1  |  222.7   | 3.2  |   1.3   |   8.0   |
|  电子化学品  | 603078 |   江化微    |  73.0  |   55.3   | 5.7  |   8.2   |   6.7   |
|  电子化学品  | 300576 |  容大感光   |  59.9  |  144.9   | 4.0  |   7.6   |   6.5   |
|  电子化学品  | 300054 |  鼎龙股份   | 195.8  |   68.6   | 3.3  |   6.9   |   9.3   |
|  电子化学品  | 300346 |  南大光电   | 183.7  |   56.9   | 4.1  |   6.9   |   5.0   |
|  电子化学品  | 603931 |   格林达    |  40.8  |   25.9   | 3.8  |   6.0   |   3.9   |
|  电子化学品  | 300537 |  广信材料   |  23.6  |  -51.2   | 3.6  |   5.9   |   6.6   |
|   电子元件   | 300657 |  弘信电子   |  52.6  |  -36.6   | 3.3  |  14.2   |  20.6   |
|   电子元件   | 002436 |  兴森科技   | 170.8  |   21.2   | 5.2  |  10.3   |  12.3   |
|   电子元件   | 300964 |  本川智能   |  25.9  |   46.4   | 3.9  |   7.8   |  12.6   |
|   电子元件   | 002138 |  顺络电子   | 223.2  |   34.3   | 5.6  |   7.4   |   4.7   |
|   电子元件   | 002008 |  大族激光   | 354.4  |   26.7   | 5.2  |   6.8   |   6.8   |
|   电子元件   | 300460 |  惠伦晶体   |  35.9  |  166.9   | 3.7  |   6.5   |   8.1   |
|   电子元件   | 002938 |  鹏鼎控股   | 695.2  |   29.3   | 4.1  |   6.5   |   2.6   |
|   电子元件   | 300656 |  民德电子   |  53.7  |   97.2   | 3.8  |   6.5   |   4.3   |
|   电子元件   | 300227 |   光韵达    |  37.0  |   56.3   | 3.6  |   5.1   |   7.1   |
|   电子元件   | 002815 |  崇达技术   | 112.5  |   17.9   | 3.9  |   5.1   |   6.4   |
|   电子元件   | 603386 |  骏亚科技   |  37.5  |   30.2   | 4.0  |   5.0   |   4.3   |
|   电子元件   | 002922 |   伊戈尔    |  53.2  |   38.0   | 3.2  |   5.0   |   6.2   |
|   电子元件   | 300936 |  中英科技   |  21.8  |   74.8   | 3.9  |   4.7   |   5.0   |
|   电子元件   | 300991 |   创益通    |  21.1  |   98.8   | 3.2  |   4.6   |   6.9   |
|   电子元件   | 002199 |  东晶电子   |  16.6  |  -80.8   | 3.2  |   4.3   |   6.4   |
|   电子元件   | 002579 |  中京电子   |  49.4  |  208.7   | 4.4  |   4.2   |   1.2   |
|   电子元件   | 300814 |  中富电路   |  34.0  |   41.6   | 5.1  |   4.2   |   9.8   |
|   电子元件   | 605258 |  协和电子   |  21.7  |   57.7   | 4.4  |   4.1   |   4.9   |
|   电子元件   | 688093 |  世华科技   |  48.7  |   42.7   | 4.0  |   4.1   |   3.9   |
|   电子元件   | 300903 |  科翔股份   |  57.9  |   78.2   | 4.5  |   4.0   |   8.1   |
|   电子元件   | 000823 |  超声电子   |  56.8  |   18.9   | 4.2  |   3.7   |   6.5   |
|   电子元件   | 002134 |  天津普林   |  25.7  |  194.2   | 5.3  |   3.6   |   7.8   |
|   电子元件   | 300410 |  正业科技   |  32.5  |   98.2   | 3.3  |   3.5   |   4.9   |
|   电子元件   | 002137 |   实益达    |  29.6  |   42.6   | 3.0  |   3.0   |   3.9   |
|   电子元件   | 002214 |  大立科技   |  77.1  |  238.7   | 3.3  |   2.5   |   3.0   |
|   电子元件   | 002484 |  江海股份   | 199.9  |   42.5   | 4.0  |  -0.3   |   2.0   |
|   电子元件   | 600478 |   科力远    | 152.3  |  120.6   | 5.4  |  -0.3   |  18.8   |
|   电力行业   | 600969 |  郴电国际   |  38.1  |   32.2   | 5.1  |  14.8   |  13.5   |
|   电力行业   | 600719 |   ST热电    |  21.4  |   13.9   | 5.0  |   6.7   |   5.8   |
|   电力行业   | 605028 |  世茂能源   |  30.4  |   16.9   | 4.0  |   5.8   |   3.9   |
|   电力行业   | 600163 |  中闽能源   | 165.6  |   14.3   | 5.1  |   4.8   |   3.0   |
|   电力行业   | 002616 |  长青集团   |  36.6  |  208.8   | 4.2  |   4.7   |   5.8   |
|   电力行业   | 601016 |  节能风电   | 249.1  |   14.8   | 3.8  |   4.0   |   2.5   |
|   电力行业   | 600032 |  浙江新能   | 287.2  |   35.1   | 3.1  |   3.7   |   1.1   |
|   电力行业   | 600780 |  通宝能源   |  62.1  |   5.8    | 3.8  |   3.2   |   1.7   |
|   电力行业   | 000531 |   穗恒运Ａ   |  62.8  |  -30.9   | 3.4  |   2.7   |   0.5   |
|   电力行业   | 600905 |  三峡能源   | 1849.0 |   18.0   | 5.2  |   2.2   |   1.6   |
|   电力行业   | 600821 |  金开新能   | 102.9  |   33.6   | 3.2  |   2.1   |  -1.8   |
|   生物制品   | 688302 | 海创药业-U  |  47.1  |  -13.6   | 3.8  |  24.0   |  25.3   |
|   生物制品   | 000403 |  派林生物   | 156.9  |   37.1   | 3.9  |  16.8   |  12.6   |
|   生物制品   | 000661 |  长春高新   | 917.5  |   20.1   | 3.9  |   9.1   |   6.0   |
|   生物制品   | 688739 |  成大生物   | 216.6  |   35.9   | 3.3  |   4.3   |   2.8   |
|   珠宝首饰   | 002731 |  萃华珠宝   |  51.5  |   44.4   | 3.4  |   8.1   |  19.1   |
|   珠宝首饰   | 002867 |   周大生    | 163.5  |   14.1   | 3.2  |   5.5   |   1.8   |
|   玻璃玻纤   | 600586 |  金晶科技   | 113.6  |   19.6   | 4.1  |  14.7   |  10.6   |
|   玻璃玻纤   | 301188 |  力诺特玻   |  43.0  |   34.4   | 4.0  |   9.0   |   6.4   |
|   环保行业   | 603603 |   *ST博天   |  23.4  |   -6.7   | 3.5  |   9.6   |   3.9   |
|   环保行业   | 300056 |  中创环保   |  26.1  |  155.0   | 5.8  |   8.0   |   5.5   |
|   环保行业   | 002266 |  浙富控股   | 268.0  |   16.6   | 4.8  |   6.4   |   4.6   |
|   环保行业   | 300190 |   维尔利    |  37.4  |   30.3   | 3.7  |   5.0   |   5.0   |
|   环保行业   | 300152 |  科融环境   |  24.7  |  316.4   | 3.3  |   4.8   |   3.6   |
|   环保行业   | 603324 |  盛剑环境   |  51.8  |   91.6   | 4.4  |   4.2   |   0.9   |
|   环保行业   | 603359 |  东珠生态   |  54.8  |   16.7   | 4.7  |   3.2   |  12.3   |
|   环保行业   | 688659 |  元琛科技   |  15.7  |   81.2   | 3.1  |   3.0   |   1.6   |
|   物流行业   | 002682 |  龙洲股份   |  27.8  |  -36.9   | 3.8  |  12.2   |  11.0   |
|   物流行业   | 603713 |  密尔克卫   | 221.7  |   41.5   | 6.0  |  11.8   |  10.2   |
|   物流行业   | 603535 |  嘉诚国际   |  48.3  |   29.0   | 4.9  |   7.5   |   6.0   |
|   物流行业   | 603223 |  恒通股份   |  90.0  |  224.9   | 5.9  |   7.2   |   8.4   |
|   物流行业   | 603871 |  嘉友国际   |  75.8  |   17.5   | 6.0  |   7.0   |   6.7   |
|   物流行业   | 600794 |  保税科技   |  42.5  |   27.1   | 3.5  |   6.4   |   7.3   |
|   物流行业   | 002800 |  天顺股份   |  17.5  |   59.2   | 3.5  |   5.1   |   4.0   |
|   物流行业   | 603329 |  上海雅仕   |  25.7  |   11.2   | 3.3  |   2.1   |  -0.7   |
|   物流行业   | 300013 |  新宁物流   |  20.9  |   88.4   | 3.8  |  -1.1   |  -2.3   |
|     燃气     | 300332 |  天壕环境   | 102.4  |   19.3   | 3.2  |   8.3   |   8.0   |
|     燃气     | 000669 |   ST金鸿    |  11.4  |  -47.0   | 5.0  |   3.7   |   0.6   |
|   煤炭行业   | 601101 |  昊华能源   | 127.9  |   10.2   | 4.7  |  16.5   |  17.3   |
|   煤炭行业   | 600188 |  兖矿能源   | 1952.0 |   7.3    | 3.7  |   9.4   |  10.4   |
|   煤炭行业   | 600123 |  兰花科创   | 202.8  |   5.8    | 3.6  |   9.2   |  11.3   |
|   煤炭行业   | 000983 |  山西焦煤   | 552.2  |   5.6    | 3.8  |   7.4   |   6.3   |
|   煤炭行业   | 600997 |  开滦股份   | 123.1  |   5.2    | 4.2  |   7.2   |   6.9   |
|   煤炭行业   | 002128 |  电投能源   | 278.6  |   4.6    | 3.9  |   5.2   |   4.7   |
|     游戏     | 600715 |  文投控股   |  43.8  |  -13.7   | 3.1  |   6.8   |   6.8   |
|   消费电子   | 300032 |  金龙机电   |  49.9  |  101.7   | 3.5  |  14.4   |  15.0   |
|   消费电子   | 688260 |  昀冢科技   |  20.4  |   88.3   | 6.0  |   8.5   |   9.3   |
|   消费电子   | 002600 |  领益智造   | 361.3  |   30.0   | 5.8  |   7.8   |   6.7   |
|   消费电子   | 002369 |  卓翼科技   |  26.5  |  -13.2   | 4.8  |   7.5   |   8.2   |
|   消费电子   | 301182 |  凯旺科技   |  23.9  |   65.0   | 3.4  |   7.3   |   8.4   |
|   消费电子   | 300735 |  光弘科技   |  84.0  |   45.1   | 4.7  |   6.4   |   6.9   |
|   消费电子   | 002475 |  立讯精密   | 2416.0 |   33.5   | 3.5  |   6.1   |   2.7   |
|   消费电子   | 000021 |   深科技    | 185.9  |   19.2   | 4.0  |   5.9   |   6.3   |
|   消费电子   | 603626 |  科森科技   |  42.5  |  180.6   | 3.1  |   5.8   |   1.3   |
|   消费电子   | 603890 |  春秋电子   |  44.5  |   22.7   | 4.5  |   5.7   |   7.9   |
|   消费电子   | 300433 |  蓝思科技   | 557.5  |  -33.9   | 4.7  |   4.5   |   2.8   |
|   消费电子   | 002351 |   漫步者    |  78.2  |   35.5   | 3.8  |   4.3   |   3.3   |
|   消费电子   | 300136 |  信维通信   | 163.0  |   33.7   | 3.2  |   3.6   |   3.1   |
|   消费电子   | 601231 |  环旭电子   | 313.0  |   17.8   | 3.4  |   3.3   |   2.2   |
|   消费电子   | 300956 |  英力股份   |  24.6  |   47.5   | 3.0  |   2.7   |  -0.5   |
|   消费电子   | 002681 |  奋达科技   |  71.2  |   82.6   | 4.6  |   2.4   |  -3.5   |
|   消费电子   | 300131 |  英唐智控   |  57.5  |   49.9   | 5.3  |   2.1   |   6.8   |
|   消费电子   | 300787 |  海能实业   |  43.3  |   18.6   | 3.2  |   1.7   |   0.7   |
|   消费电子   | 002993 |  奥海科技   |  93.8  |   22.4   | 4.5  |   1.6   |   1.0   |
|  汽车零部件  | 300611 |  美力科技   |  23.5  |  325.1   | 4.9  |  18.0   |  24.4   |
|  汽车零部件  | 603239 |  浙江仙通   |  45.8  |   31.7   | 4.5  |  15.3   |  25.4   |
|  汽车零部件  | 301007 |   德迈仕    |  25.2  |   57.5   | 5.5  |   8.9   |  13.4   |
|  汽车零部件  | 002997 |  瑞鹄模具   |  34.8  |   58.0   | 5.5  |   7.7   |   0.2   |
|  汽车零部件  | 603390 |  通达电气   |  31.2  |  -65.4   | 4.5  |   7.1   |  13.3   |
|  汽车零部件  | 603926 |  铁流股份   |  25.6  |   22.7   | 3.2  |   7.1   |  14.1   |
|  汽车零部件  | 600960 |  渤海汽车   |  41.2  |  -50.9   | 5.3  |   6.9   |   9.9   |
|  汽车零部件  | 301119 |  正强股份   |  27.9  |   43.7   | 4.2  |   6.8   |  12.7   |
|  汽车零部件  | 600081 |  东风科技   |  64.7  |   33.8   | 4.6  |   6.2   |   6.8   |
|  汽车零部件  | 002921 |  联诚精密   |  20.0  |   52.1   | 3.3  |   5.9   |   6.6   |
|  汽车零部件  | 002406 |  远东传动   |  35.0  |   33.7   | 4.3  |   5.9   |  10.0   |
|  汽车零部件  | 605208 |   永茂泰    |  45.4  |   13.4   | 3.1  |   5.3   |  13.4   |
|  汽车零部件  | 603701 |  德宏股份   |  24.2  |  104.3   | 3.4  |   5.2   |   9.8   |
|  汽车零部件  | 301298 |  东利机械   |  40.9  |   82.9   | 4.8  |   5.2   |   6.7   |
|  汽车零部件  | 603089 |  正裕工业   |  19.8  |   47.6   | 3.1  |   4.6   |   7.4   |
|  汽车零部件  | 600742 |  一汽富维   |  68.1  |   22.6   | 3.5  |   4.6   |  10.4   |
|  汽车零部件  | 603586 |   金麒麟    |  28.3  |   75.5   | 4.6  |   4.2   |   8.5   |
|  汽车零部件  | 002488 |  金固股份   |  69.8  |   43.2   | 3.6  |   3.6   |   9.6   |
|  汽车零部件  | 600523 |  贵航股份   |  97.8  |   71.2   | 4.0  |   2.9   |   4.1   |
|  汽车零部件  | 300391 |  康跃科技   |  41.3  |   70.6   | 4.5  |   2.7   |   6.9   |
|  汽车零部件  | 300681 |   英搏尔    |  91.3  |  123.7   | 5.8  |   2.4   |  21.7   |
|  汽车零部件  | 002265 |  西仪股份   |  53.0  |  2268.6  | 4.0  |   2.1   |   2.0   |
|  汽车零部件  | 603730 |  岱美股份   | 136.1  |   23.8   | 3.3  |   0.3   |   7.9   |
|  汽车零部件  | 001319 |  铭科精技   |  45.6  |   47.5   | 5.4  |  -3.7   |  18.6   |
|   汽车服务   | 600386 |  北巴传媒   |  35.2  |  122.7   | 3.1  |   4.0   |   3.5   |
|   汽车服务   | 600297 |  广汇汽车   | 224.7  |   8.4    | 4.1  |   1.1   |   2.2   |
|   汽车整车   | 600686 |  金龙汽车   |  57.7  |  372.2   | 5.9  |   7.9   |  24.4   |
|   汽车整车   | 600166 |  福田汽车   | 205.1  |   37.9   | 5.4  |   5.4   |  13.0   |
|   汽车整车   | 000800 |  一汽解放   | 472.4  |   26.1   | 5.5  |   3.8   |   4.3   |
|   汽车整车   | 000951 |  中国重汽   | 164.4  |   33.1   | 5.3  |   3.6   |   9.8   |
|   汽车整车   | 600066 |  宇通客车   | 209.9  |  -45.4   | 5.2  |   3.0   |  16.2   |
|   水泥建材   | 000546 |  金圆股份   | 131.9  |  -229.4  | 3.4  |   4.3   |   7.1   |
|   橡胶制品   | 603650 |  彤程新材   | 189.9  |   65.9   | 3.8  |  10.3   |   6.6   |
|   橡胶制品   | 300547 |  川环科技   |  38.4  |   45.6   | 3.4  |   7.7   |   8.7   |
|   橡胶制品   | 601966 |  玲珑轮胎   | 396.7  |  -107.9  | 3.0  |   2.5   |   5.9   |
|   橡胶制品   | 300320 |  海达股份   |  90.4  |   56.1   | 3.5  |   0.9   |  13.5   |
|   有色金属   | 300034 |  钢研高纳   | 211.1  |   86.0   | 3.9  |  12.0   |  10.0   |
|   有色金属   | 300057 |  万顺新材   |  65.8  |   30.4   | 3.4  |   8.7   |   7.7   |
|   有色金属   | 002171 |  楚江新材   | 131.6  |   28.9   | 4.9  |   7.3   |   9.3   |
|   有色金属   | 000426 |  兴业矿业   | 130.1  |   53.6   | 3.8  |   7.3   |   4.9   |
|   有色金属   | 603978 |  深圳新星   |  37.1  |   30.8   | 3.3  |   6.0   |   3.5   |
|   有色金属   | 600362 |  江西铜业   | 641.3  |   10.9   | 3.4  |   4.2   |   1.1   |
|   有色金属   | 601600 |  中国铝业   | 848.2  |   13.5   | 3.1  |   4.0   |   1.9   |
|   有色金属   | 600768 |  宁波富邦   |  12.9  |  -185.4  | 3.4  |   4.0   |   4.3   |
|   有色金属   | 002532 |  天山铝业   | 315.4  |   7.1    | 3.5  |   3.2   |   1.2   |
|   有色金属   | 601212 |  白银有色   | 211.0  |  125.8   | 3.6  |   2.9   |   0.0   |
|   有色金属   | 002806 |  华锋股份   |  25.8  |   93.0   | 3.3  |   1.7   |   2.5   |
|   有色金属   | 002160 |  常铝股份   |  48.1  |   50.6   | 4.0  |  -4.0   |  -2.1   |
|   旅游酒店   | 000888 |   峨眉山Ａ   |  45.6  |  257.9   | 4.3  |  19.9   |  18.0   |
|   旅游酒店   | 000796 |   ST凯撒    |  43.6  |  -17.3   | 5.0  |  15.8   |  12.7   |
|   旅游酒店   | 600054 |  XD黄山旅   |  85.6  |  -25.6   | 5.5  |  13.7   |  11.3   |
|   旅游酒店   | 600258 |  首旅酒店   | 286.0  |  -30.8   | 5.2  |  13.0   |  11.0   |
|   旅游酒店   | 300756 |  金马游乐   |  22.9  |  197.0   | 5.2  |  12.9   |  14.0   |
|   旅游酒店   | 603099 |   长白山    |  24.4  |  -17.6   | 5.8  |  12.7   |  10.1   |
|   旅游酒店   | 002159 |  三特索道   |  21.0  |  -24.0   | 5.3  |  12.4   |  11.9   |
|   旅游酒店   | 605108 |   同庆楼    |  53.6  |   58.8   | 4.5  |  12.2   |  10.4   |
|   旅游酒店   | 601888 |  中国中免   | 4352.0 |   42.4   | 4.0  |  11.7   |  13.1   |
|   旅游酒店   | 600754 |  锦江酒店   | 656.0  |  -136.7  | 3.6  |  10.4   |  12.9   |
|   旅游酒店   | 600138 |   中青旅    |  91.2  |  -20.4   | 6.0  |  10.1   |  13.5   |
|   旅游酒店   | 002186 |   全聚德    |  27.4  |  -14.5   | 4.5  |  10.0   |   8.5   |
|   旅游酒店   | 002306 |  中科云网   |  27.7  | -1110.1  | 4.8  |   8.9   |   6.5   |
|   旅游酒店   | 600706 |  曲江文旅   |  32.2  |  -16.0   | 4.1  |   8.4   |  10.0   |
|   文化传媒   | 300528 |  幸福蓝海   |  27.3  |  -18.0   | 3.8  |  13.6   |  11.1   |
|   文化传媒   | 300251 |  光线传媒   | 269.9  |   90.5   | 3.6  |   7.3   |   5.3   |
|   文化传媒   | 600358 |  国旅联合   |  36.7  |  110.2   | 4.0  |   7.1   |   4.8   |
|   文化传媒   | 002858 |  力盛体育   |  18.7  |  -30.4   | 3.5  |   6.5   |   5.8   |
|   文化传媒   | 300071 |  华谊嘉信   |  30.1  |   32.9   | 4.8  |   4.8   |   4.2   |
|   文化传媒   | 002712 |  思美传媒   |  24.8  |  -45.8   | 3.1  |   4.2   |   2.4   |
|   文化传媒   | 000665 |  湖北广电   |  99.5  |  -24.4   | 3.4  |   3.3   |   4.0   |
|   文化传媒   | 300038 |   数知退    |  4.0   |   -5.0   | 3.0  |  -8.1   |  -10.5  |
|   工程机械   | 600761 |  安徽合力   |  86.5  |   11.2   | 3.9  |  12.4   |  12.7   |
|   工程机械   | 603298 |  杭叉集团   | 138.2  |   18.2   | 3.8  |  11.0   |   9.9   |
|   工程机械   | 300718 |  长盛轴承   |  46.5  |   38.5   | 5.9  |   8.5   |  10.5   |
|   工程机械   | 600817 |  宇通重工   |  55.5  |   16.3   | 3.9  |   1.9   |   5.7   |
|   工程建设   | 600491 |  龙元建设   | 106.6  |   15.6   | 5.6  |   4.0   |  -0.3   |
|   工程建设   | 000010 |  美丽生态   |  47.6  |  602.9   | 3.5  |   3.0   |   2.0   |
|   工程建设   | 300536 |  农尚环境   |  52.3  |  350.3   | 4.5  |   3.0   |   2.7   |
|   工程建设   | 300237 |  美晨生态   |  38.6  |   -8.8   | 3.9  |  -1.5   |   7.3   |
| 工程咨询服务 | 301136 |  招标股份   |  55.9  |  157.6   | 3.5  |   4.4   |  -2.8   |
|    小金属    | 600259 |  广晟有色   | 187.7  |   57.6   | 4.7  |  15.4   |  11.2   |
|    小金属    | 600456 |  宝钛股份   | 275.7  |   35.6   | 6.0  |  12.6   |  12.6   |
|    小金属    | 600366 |  宁波韵升   | 131.0  |   44.3   | 5.9  |  11.0   |  10.9   |
|    小金属    | 002167 |  东方锆业   |  59.5  |   24.7   | 4.5  |  10.4   |   7.4   |
|    小金属    | 002057 |  中钢天源   |  80.5  |   32.5   | 4.1  |  10.3   |   5.4   |
|    小金属    | 600980 |  北矿科技   |  29.0  |   28.2   | 3.6  |   8.4   |   5.9   |
|    小金属    | 300748 |  金力永磁   | 315.8  |   48.2   | 3.7  |   8.3   |   7.8   |
|    小金属    | 000960 |  锡业股份   | 296.4  |   6.1    | 3.2  |   8.2   |   2.3   |
|    小金属    | 300127 |  银河磁体   |  62.9  |   42.9   | 4.7  |   8.1   |   6.5   |
|    小金属    | 300224 |  正海磁材   | 129.8  |   38.8   | 5.6  |   8.1   |   8.7   |
|    小金属    | 000795 |   英洛华    |  90.6  |   39.7   | 4.3  |   7.5   |   6.7   |
|    小金属    | 002149 |  西部材料   |  65.9  |   78.3   | 3.1  |   7.1   |   8.9   |
|    小金属    | 002378 |  章源钨业   |  77.3  |   29.4   | 3.3  |   7.0   |   6.0   |
|    小金属    | 688077 |   大地熊    |  72.1  |   34.5   | 4.3  |   3.0   |  -4.1   |
|   家电行业   | 002052 |   *ST同洲   |  16.7  |  -19.8   | 5.2  |  12.6   |  14.9   |
|   家电行业   | 000921 |  海信家电   | 180.8  |   17.0   | 4.5  |   9.9   |   8.4   |
|   家电行业   | 002076 |   *ST雪莱   |  16.7  |  -19.3   | 3.3  |   9.6   |   0.9   |
|   家电行业   | 601956 |  东贝集团   |  34.0  |   26.2   | 4.1  |   8.3   |   8.5   |
|   家电行业   | 300160 |  秀强股份   |  53.4  |   22.3   | 3.1  |   6.7   |   5.6   |
|   家电行业   | 002759 |  天际股份   | 115.5  |   7.0    | 5.1  |   6.5   |   4.9   |
|   家电行业   | 002705 |  新宝股份   | 186.2  |   26.1   | 3.4  |   5.7   |   2.9   |
|   家电行业   | 603868 |  飞科电器   | 327.9  |   34.6   | 4.1  |   5.7   |  -1.9   |
|   家电行业   | 002676 |  顺威股份   |  31.0  |   45.3   | 3.4  |   5.4   |   5.4   |
|   家电行业   | 603578 |  三星新材   |  24.2  |   17.5   | 3.2  |   4.9   |   3.1   |
|   家电行业   | 300342 |  天银机电   |  41.0  |  854.9   | 3.1  |   2.3   |   4.0   |
|   家用轻工   | 002348 |  高乐股份   |  21.3  |  -10.7   | 5.1  |   2.7   |  10.3   |
|   多元金融   | 600816 |   ST安信    | 233.0  |  -12.2   | 3.6  |   3.6   |   1.4   |
|   塑料制品   | 603330 |  上海天洋   |  42.5  |  1041.6  | 4.7  |  21.3   |  20.6   |
|   塑料制品   | 300586 |  美联新材   |  94.7  |   26.0   | 5.2  |  18.5   |  24.4   |
|   塑料制品   | 002108 |  沧州明珠   |  94.4  |   40.4   | 3.7  |  15.0   |  10.1   |
|   塑料制品   | 002886 |  沃特股份   |  51.0  |  250.5   | 4.7  |  12.4   |   7.1   |
|   塑料制品   | 603150 |  万朗磁塑   |  26.3  |   18.6   | 4.6  |  12.1   |  10.2   |
|   塑料制品   | 688669 |  聚石化学   |  24.8  |   36.5   | 4.6  |   9.6   |   5.2   |
|   塑料制品   | 002361 |  神剑股份   |  41.6  |  174.0   | 5.2  |   9.0   |   8.4   |
|   塑料制品   | 300922 |  天秦装备   |  29.5  |   74.5   | 4.5  |   8.3   |   7.2   |
|   塑料制品   | 300995 |  奇德新材   |  18.7  |   64.4   | 4.3  |   8.3   |   9.4   |
|   塑料制品   | 000859 |  国风新材   |  58.7  |   14.7   | 4.5  |   8.1   |   9.7   |
|   塑料制品   | 300716 |  国立科技   |  15.0  |   22.6   | 4.1  |   6.5   |   5.0   |
|   塑料制品   | 300221 |  银禧科技   |  27.1  |  -496.1  | 5.0  |   5.8   |   7.4   |
|   塑料制品   | 300478 |  杭州高新   |  13.9  |  275.2   | 4.8  |   5.0   |   5.0   |
|   塑料制品   | 301131 |   聚赛龙    |  21.1  |   40.4   | 3.2  |   3.9   |   1.8   |
|   商业百货   | 002416 |   爱施德    | 117.5  |   14.7   | 4.2  |   8.8   |   8.1   |
|   商业百货   | 600861 |  北京城乡   |  67.7  |  -86.6   | 4.8  |   6.1   |   6.1   |
|   商业百货   | 600785 |  新华百货   |  28.7  |   16.8   | 3.2  |   4.6   |   3.9   |
|    半导体    | 688325 |  赛微微电   |  52.1  |  107.5   | 4.3  |  26.3   |  20.7   |
|    半导体    | 300706 |   阿石创    |  41.1  |  173.3   | 3.6  |  25.8   |  26.7   |
|    半导体    | 605588 |  冠石科技   |  25.8  |   29.1   | 3.5  |  14.0   |  16.5   |
|    半导体    | 603501 |  韦尔股份   | 1526.0 |   42.6   | 5.3  |  11.8   |   3.6   |
|    半导体    | 603986 |  兆易创新   | 934.3  |   34.0   | 5.0  |   9.2   |   5.0   |
|    半导体    | 600360 |  华微电子   |  75.0  |   73.0   | 5.5  |   8.8   |   8.9   |
|    半导体    | 300077 |  国民技术   | 107.6  |  109.3   | 4.3  |   8.5   |   8.9   |
|    半导体    | 605358 |   立昂微    | 439.4  |   46.1   | 3.1  |   8.4   |   5.9   |
|    半导体    | 300661 |  圣邦股份   | 648.6  |   62.3   | 3.1  |   8.4   |   6.1   |
|    半导体    | 300327 |  中颖电子   | 176.8  |   34.4   | 4.3  |   7.3   |   3.9   |
|    半导体    | 600584 |  长电科技   | 475.1  |   13.8   | 3.5  |   7.0   |   5.2   |
|    半导体    | 688045 |   必易微    |  47.2  |   40.5   | 3.0  |   6.8   |  13.9   |
|    半导体    | 688099 |  晶晨股份   | 402.2  |   37.2   | 3.9  |   6.7   |  -2.2   |
|    半导体    | 688385 |  复旦微电   | 532.3  |   57.1   | 3.8  |   6.4   |  27.0   |
|    半导体    | 688689 |  银河微电   |  41.2  |   51.4   | 4.8  |   6.4   |   7.0   |
|    半导体    | 688049 |  炬芯科技   |  48.2  |  114.8   | 5.8  |   6.1   |   7.8   |
|    半导体    | 688206 |  概伦电子   | 136.2  |  724.6   | 5.1  |   6.0   |   7.2   |
|    半导体    | 300456 |  赛微电子   | 130.6  |  138.3   | 3.8  |   6.0   |   4.8   |
|    半导体    | 300623 |  捷捷微电   | 176.7  |   44.0   | 4.8  |   5.9   |   6.7   |
|    半导体    | 300831 |  派瑞股份   |  44.5  |   91.8   | 3.8  |   5.8   |   5.0   |
|    半导体    | 688798 |  艾为电子   | 231.7  |  100.7   | 3.4  |   5.6   |   4.2   |
|    半导体    | 002156 |  通富微电   | 202.9  |   30.8   | 3.0  |   5.6   |   3.5   |
|    半导体    | 603160 |  汇顶科技   | 282.7  |  -139.9  | 4.6  |   5.5   |   6.0   |
|    半导体    | 688396 |   华润微    | 787.8  |   31.8   | 4.7  |   5.3   |   3.7   |
|    半导体    | 300604 |  长川科技   | 277.8  |   97.7   | 3.9  |   5.1   |   2.7   |
|    半导体    | 688110 |  东芯股份   | 169.4  |   38.5   | 4.2  |   5.0   |   5.7   |
|    半导体    | 688521 | 芯原股份-U  | 247.4  |  1883.9  | 3.1  |   4.2   |   3.2   |
|    半导体    | 688601 |   力芯微    |  97.9  |   37.3   | 5.1  |   4.1   |  11.9   |
|    半导体    | 688107 | 安路科技-U  | 275.5  |  389.3   | 5.2  |   3.9   |  13.8   |
|    半导体    | 301050 |  雷电微力   | 184.0  |   43.0   | 3.7  |   3.8   |   2.4   |
|    半导体    | 002409 |  雅克科技   | 266.5  |   44.8   | 3.7  |   3.7   |   0.6   |
|    半导体    | 688012 |  中微公司   | 746.5  |  159.2   | 4.4  |   3.5   |   0.6   |
|    半导体    | 688126 | 沪硅产业-U  | 634.4  | -1046.7  | 3.3  |   3.2   |   0.0   |
|    半导体    | 688048 |  长光华芯   | 154.6  |  139.9   | 3.1  |   2.5   |  18.3   |
|    半导体    | 688661 |  和林微纳   |  50.8  |   65.7   | 5.2  |   1.9   |   2.4   |
|    半导体    | 688711 |  宏微科技   | 108.9  |  222.8   | 4.2  |   1.5   |  12.6   |
|   医药商业   | 600090 |  退市济堂   |  4.2   |   -2.9   | 3.6  |  -3.3   |  -6.5   |
|   医疗服务   | 002219 |   *ST恒康   |  98.6  |  2064.8  | 4.9  |  15.7   |  58.2   |
|   医疗服务   | 300143 |  盈康生命   |  69.2  |   71.8   | 5.2  |  11.4   |   6.9   |
|   医疗服务   | 000509 |   *ST华塑   |  46.8  |  651.8   | 5.1  |  10.4   |  17.8   |
|   医疗服务   | 688222 |  成都先导   |  65.5  |  -230.9  | 4.9  |  10.0   |   8.4   |
|   医疗服务   | 002173 |  创新医疗   |  27.6  |  -48.5   | 3.2  |   5.2   |   5.4   |
|   医疗器械   | 300171 |   东富龙    | 217.7  |   25.7   | 5.5  |  10.7   |   5.8   |
|   医疗器械   | 300406 |  九强生物   | 106.9  |   27.2   | 3.5  |   5.5   |   8.9   |
|   医疗器械   | 688277 |  天智航-U   |  63.4  |  -55.1   | 4.2  |   4.8   |   5.8   |
|   化肥行业   | 300505 |   川金诺    |  65.3  |   27.3   | 5.8  |   9.8   |  10.7   |
|   化肥行业   | 600096 |   云天化    | 584.4  |   8.9    | 5.9  |   7.4   |   7.0   |
|   化肥行业   | 000792 |  盐湖股份   | 1710.0 |   12.2   | 5.0  |   7.3   |   5.2   |
|   化肥行业   | 600141 |  兴发集团   | 481.6  |   7.0    | 4.8  |   7.2   |   5.8   |
|   化肥行业   | 002539 |  云图控股   | 167.6  |   9.0    | 4.3  |   6.2   |   4.6   |
|   化肥行业   | 002895 |  川恒股份   | 170.3  |   40.9   | 4.0  |   2.3   |   4.0   |
|   化纤行业   | 002254 |  泰和新材   | 117.0  |   20.0   | 4.3  |   7.0   |  10.3   |
|   化纤行业   | 300876 |  蒙泰高新   |  22.2  |   36.6   | 3.6  |   6.6   |   3.5   |
|   化纤行业   | 000703 |  恒逸石化   | 410.6  |   14.0   | 4.2  |   5.6   |   2.9   |
|   化纤行业   | 000782 |  美达股份   |  25.3  |   31.8   | 4.8  |   4.4   |   3.2   |
|   化学原料   | 301149 |  隆华新材   |  71.0  |   51.4   | 3.2  |  28.1   |  24.1   |
|   化学原料   | 002748 |  世龙实业   |  36.6  |   16.8   | 3.8  |  17.1   |  17.8   |
|   化学原料   | 301256 |  华融化学   |  53.7  |  213.0   | 4.0  |  12.7   |   7.0   |
|   化学原料   | 002386 |  天原股份   |  87.0  |   12.7   | 4.2  |  10.2   |   5.5   |
|   化学原料   | 000422 |  湖北宜化   | 192.8  |   7.5    | 3.1  |   6.8   |   4.8   |
|   化学原料   | 301118 |  恒光股份   |  48.4  |   17.2   | 3.2  |   5.4   |   3.6   |
|   化学原料   | 000818 |  航锦科技   | 237.7  |   65.8   | 4.0  |   2.8   |   2.3   |
|   化学制药   | 688189 |  南新制药   |  29.3  |   62.1   | 3.3  |   6.3   |   2.6   |
|   化学制药   | 002365 |  永安药业   |  37.3  |   18.4   | 3.7  |   5.3   |   2.1   |
|   化学制药   | 603351 |  威尔药业   |  32.3  |   29.3   | 4.9  |   4.3   |   1.7   |
|   化学制药   | 000739 |  普洛药业   | 243.6  |   40.0   | 3.2  |   2.9   |  -10.3  |
|   化学制药   | 600385 |  退市金泰   |  1.7   |   19.0   | 5.7  |   2.8   |  -8.2   |
|   化学制药   | 300705 |  九典制药   |  71.3  |   31.8   | 3.3  |   1.9   |  13.1   |
|   化学制品   | 688116 |  天奈科技   | 419.8  |  105.0   | 4.6  |  18.3   |  13.7   |
|   化学制品   | 002669 |  康达新材   |  37.0  |  -89.0   | 5.5  |  12.5   |  11.7   |
|   化学制品   | 603026 |  石大胜华   | 314.5  |   17.5   | 3.8  |   9.8   |   6.4   |
|   化学制品   | 301092 |  争光股份   |  44.0  |   55.5   | 4.9  |   8.8   |   8.0   |
|   化学制品   | 002226 |  江南化工   | 151.3  |   24.0   | 5.9  |   8.8   |   7.3   |
|   化学制品   | 301036 |  双乐股份   |  23.0  |   21.6   | 4.0  |   8.6   |   8.3   |
|   化学制品   | 000565 |   渝三峡Ａ   |  29.1  |   14.4   | 4.0  |   8.6   |   8.1   |
|   化学制品   | 300437 |   清水源    |  64.4  |   21.1   | 3.1  |   8.6   |   6.3   |
|   化学制品   | 002709 |  天赐材料   | 1269.0 |   21.2   | 6.0  |   8.3   |  11.8   |
|   化学制品   | 300169 |  天晟新材   |  18.9  |  -27.1   | 5.6  |   8.2   |   8.2   |
|   化学制品   | 300405 |  科隆股份   |  17.7  |  -210.1  | 5.2  |   7.9   |   8.1   |
|   化学制品   | 605166 |   聚合顺    |  41.4  |   16.5   | 5.1  |   7.1   |   5.4   |
|   化学制品   | 002360 |  同德化工   |  30.5  |   36.8   | 3.8  |   6.9   |   5.8   |
|   化学制品   | 300699 |  光威复材   | 307.3  |   37.0   | 3.8  |   6.7   |   6.6   |
|   化学制品   | 300798 |  锦鸡股份   |  32.2  |   96.4   | 5.0  |   6.3   |   4.8   |
|   化学制品   | 300522 |  世名科技   |  33.3  |   21.8   | 3.1  |   5.6   |   2.9   |
|   化学制品   | 300163 |  先锋新材   |  16.5  |  -369.9  | 3.9  |   5.5   |   5.5   |
|   化学制品   | 300641 |  正丹股份   |  28.4  |   22.6   | 3.0  |   4.9   |   4.1   |
|   化学制品   | 300107 |  建新股份   |  30.5  |   70.0   | 4.5  |   3.8   |   2.4   |
|   化学制品   | 300848 |  美瑞新材   |  39.9  |   44.1   | 3.7  |   3.7   |   5.4   |
|   包装材料   | 002565 |  顺灏股份   |  55.2  |  -477.7  | 4.6  |  14.0   |  11.3   |
|   包装材料   | 300501 |  海顺新材   |  30.3  |   29.7   | 3.5  |   6.5   |   7.0   |
|   包装材料   | 603687 |   大胜达    |  40.1  |   41.0   | 4.2  |   5.2   |   4.1   |
|   包装材料   | 603022 |   新通联    |  18.2  |   56.8   | 3.1  |   2.9   |   1.0   |
|   农药兽药   | 000525 |  ST红太阳   |  78.7  |   6.4    | 3.6  |   8.1   |  14.2   |
|   农药兽药   | 300261 |  雅本化学   | 143.5  |   51.4   | 3.5  |   6.3   |   0.9   |
|   农药兽药   | 002749 |  国光股份   |  45.6  |   27.9   | 3.1  |   6.0   |   9.5   |
|   农药兽药   | 000553 |   安道麦A   | 290.5  |   17.0   | 4.8  |   2.5   |   1.6   |
|   农牧饲渔   | 603668 |  天马科技   |  87.1  |   56.6   | 4.5  |   4.9   |   1.2   |
|  光学光电子  | 002876 |   三利谱    |  75.7  |   28.0   | 4.9  |  13.4   |   3.4   |
|  光学光电子  | 300790 |  宇瞳光学   |  66.8  |   39.0   | 4.2  |   8.2   |   8.5   |
|  光学光电子  | 000100 |   TCL科技   | 672.1  |   12.4   | 5.5  |   8.1   |   7.2   |
|  光学光电子  | 002992 |  宝明科技   |  26.7  |  -26.7   | 3.3  |   7.7   |   7.4   |
|  光学光电子  | 002808 |  恒久科技   |  20.7  |  -134.0  | 4.5  |   7.5   |  13.6   |
|  光学光电子  | 300389 |   艾比森    |  38.8  |   49.8   | 4.4  |   7.4   |  10.0   |
|  光学光电子  | 300939 |   秋田微    |  39.9  |   38.4   | 5.6  |   7.3   |  12.9   |
|  光学光电子  | 688079 |   美迪凯    |  45.4  |   76.3   | 5.0  |   7.1   |   6.2   |
|  光学光电子  | 002106 |  莱宝高科   |  60.1  |   19.2   | 4.7  |   6.9   |   6.9   |
|  光学光电子  | 300632 |  光莆股份   |  33.9  |   23.6   | 3.5  |   6.8   |   8.4   |
|  光学光电子  | 600703 |  三安光电   | 1112.0 |   64.8   | 4.2  |   6.8   |   7.1   |
|  光学光电子  | 603679 |  华体科技   |  16.4  |  -58.9   | 4.9  |   6.7   |   7.6   |
|  光学光电子  | 300708 |  聚灿光电   |  72.2  |   72.9   | 4.5  |   6.2   |   7.5   |
|  光学光电子  | 300650 |  太龙股份   |  26.1  |   27.6   | 4.8  |   6.0   |   4.5   |
|  光学光电子  | 300323 |  华灿光电   |  97.0  |  340.1   | 5.1  |   5.8   |   8.0   |
|  光学光电子  | 300088 |  长信科技   | 189.3  |   26.1   | 5.2  |   5.6   |  10.0   |
|  光学光电子  | 002273 |  水晶光电   | 167.4  |   36.7   | 5.2  |   5.6   |   5.2   |
|  光学光电子  | 002449 |  国星光电   |  51.4  |   61.0   | 5.9  |   5.6   |   6.0   |
|  光学光电子  | 600707 |  彩虹股份   | 174.4  |   -5.9   | 3.2  |   5.2   |   3.2   |
|  光学光电子  | 300241 |  瑞丰光电   |  39.5  |  -272.0  | 3.2  |   4.9   |   7.3   |
|  光学光电子  | 002456 |   欧菲光    | 201.3  |  -27.0   | 4.4  |   4.8   |   3.7   |
|  光学光电子  | 300691 |  联合光电   |  41.0  |  -76.5   | 3.9  |   4.7   |   6.7   |
|  光学光电子  | 300162 |  雷曼光电   |  25.6  |   79.8   | 3.2  |   4.6   |   5.3   |
|  光学光电子  | 002387 |   维信诺    |  92.2  |   -4.0   | 3.7  |   4.4   |   2.6   |
|  光学光电子  | 300582 |   英飞特    |  46.0  |   60.6   | 3.2  |   3.5   |   4.5   |
|  光学光电子  | 605218 |  伟时电子   |  27.1  |  109.1   | 4.1  |   3.3   |   5.7   |
|  光学光电子  | 600651 |  飞乐音响   | 102.3  |  -42.3   | 5.4  |   2.8   |   6.5   |
|  光学光电子  | 688150 |  莱特光电   |  93.6  |   72.6   | 3.4  |   1.7   |  -16.0  |
|  光学光电子  | 002587 |  奥拓电子   |  33.7  |  -116.8  | 3.4  |   0.2   |  16.7   |
|  光学光电子  | 688127 |  蓝特光学   |  88.3  |  102.5   | 3.9  |  -2.1   |   0.1   |
|   光伏设备   | 301168 |  通灵股份   |  55.6  |   91.7   | 4.8  |  21.3   |  25.7   |
|   光伏设备   | 601012 |  隆基绿能   | 5123.0 |   48.1   | 4.7  |   9.4   |  11.2   |
|   光伏设备   | 002459 |  晶澳科技   | 1921.0 |   64.0   | 3.5  |   7.6   |  16.9   |
|   光伏设备   | 002617 |  露笑科技   | 184.4  |  -146.8  | 5.1  |   6.1   |   3.4   |
|   光伏设备   | 300316 |  晶盛机电   | 885.1  |   50.0   | 4.9  |   2.2   |   5.6   |
|   光伏设备   | 688223 |  XD晶科能   | 1568.0 |   97.7   | 5.4  |   1.4   |   6.2   |
|   仪器仪表   | 300720 |  海川智能   |  25.7  |   79.8   | 4.9  |  13.6   |  20.8   |
|   仪器仪表   | 688628 |   优利德    |  35.6  |   16.8   | 6.0  |  13.0   |  19.2   |
|   仪器仪表   | 002877 |  智能自控   |  22.6  |   55.4   | 3.7  |   9.5   |  11.9   |
|   仪器仪表   | 300275 |   梅安森    |  26.1  |   81.3   | 3.1  |   9.0   |   2.9   |
|   仪器仪表   | 300112 |  万讯自控   |  30.1  |   93.1   | 4.0  |   8.8   |  12.6   |
|   仪器仪表   | 300114 |  中航电测   |  71.0  |   70.1   | 4.7  |   7.4   |   7.8   |
|   仪器仪表   | 300553 |  集智股份   |  20.4  |  147.6   | 3.1  |   7.3   |   7.6   |
|   仪器仪表   | 300354 |  东华测试   |  44.7  |  234.8   | 3.3  |   7.1   |   4.4   |
|   仪器仪表   | 002338 |  奥普光电   |  43.9  |   64.0   | 3.5  |   5.8   |   5.9   |
|   仪器仪表   | 002767 |  先锋电子   |  16.3  |  -552.4  | 3.3  |   4.3   |   5.6   |
|   仪器仪表   | 605056 |  咸亨国际   |  57.4  |   81.5   | 4.1  |   3.2   |   3.0   |
|   仪器仪表   | 300567 |  精测电子   | 121.3  |  106.7   | 3.2  |   1.4   |   4.6   |
|   仪器仪表   | 300007 |  汉威科技   |  61.7  |   29.9   | 5.0  |   0.6   |   8.7   |
|   交运设备   | 600967 |  内蒙一机   | 156.8  |   19.0   | 3.5  |   4.9   |   5.4   |
|   交运设备   | 301048 |  金鹰重工   |  61.8  |   21.4   | 5.1  |   4.4   |   2.6   |
|   交运设备   | 688015 |  交控科技   |  46.6  |   53.1   | 4.8  |   4.0   |   2.0   |
|   交运设备   | 605001 |  威奥股份   |  26.0  |  -12.0   | 3.4  |   3.6   |   3.9   |
|  互联网服务  | 300738 |  奥飞数据   |  79.3  |   46.9   | 5.0  |   8.3   |   7.8   |
|  互联网服务  | 300044 |  赛为智能   |  27.2  |  156.7   | 4.1  |   8.0   |  10.3   |
|  互联网服务  | 605398 |  新炬网络   |  20.9  |   51.0   | 3.5  |   6.0   |   4.8   |
|  互联网服务  | 300245 |  天玑科技   |  26.5  |  -110.4  | 3.8  |   5.5   |   5.6   |
|  互联网服务  | 688316 | 青云科技-U  |  18.0  |   -6.2   | 5.4  |   5.5   |   3.2   |
|  互联网服务  | 300271 |  华宇软件   |  62.7  |  -22.3   | 4.3  |   4.7   |   4.4   |
|  互联网服务  | 300250 |  初灵信息   |  32.4  |  241.5   | 3.5  |   3.3   |   2.9   |
|  互联网服务  | 300150 |  世纪瑞尔   |  23.9  |  -40.7   | 3.0  |   2.8   |   3.3   |
|  互联网服务  | 300290 |  荣科科技   |  29.0  |  -31.1   | 3.4  |   2.5   |   0.0   |
|  互联网服务  | 600718 |  东软集团   | 143.4  |  -119.0  | 3.5  |   1.9   |   7.2   |
|  互联网服务  | 600536 |  中国软件   | 265.4  |  -64.7   | 3.3  |   1.0   |  -5.9   |
|     中药     | 600771 |   广誉远    | 176.2  |  567.9   | 4.0  |   4.0   |  13.3   |
|   专用设备   | 002073 |  软控股份   |  72.1  |  168.8   | 3.6  |  14.9   |  22.1   |
|   专用设备   | 603800 |  道森股份   |  53.4  |  -63.9   | 5.4  |  14.4   |   7.5   |
|   专用设备   | 002979 |  雷赛智能   |  68.1  |   30.9   | 4.5  |  13.5   |  16.1   |
|   专用设备   | 300802 |  矩子科技   |  52.8  |   58.4   | 5.1  |  13.1   |  18.9   |
|   专用设备   | 002184 |  海得控制   |  43.5  |   78.8   | 4.8  |  11.8   |  14.7   |
|   专用设备   | 002611 |  东方精工   |  64.2  |   43.2   | 4.8  |  11.1   |  11.8   |
|   专用设备   | 603011 |  合锻智能   |  35.1  |   34.4   | 3.6  |   8.9   |  10.1   |
|   专用设备   | 300412 |  迦南科技   |  34.7  |   47.9   | 5.8  |   8.6   |  -2.4   |
|   专用设备   | 688698 |  伟创电气   |  38.1  |   31.8   | 5.7  |   7.9   |   7.6   |
|   专用设备   | 688529 |  豪森股份   |  41.8  |   38.4   | 5.2  |   7.4   |  10.5   |
|   专用设备   | 300472 |  新元科技   |  30.1  |   18.0   | 3.8  |   7.3   |   8.2   |
|   专用设备   | 300461 |  田中精机   |  21.2  |  -48.3   | 4.4  |   7.2   |  11.7   |
|   专用设备   | 000584 |  哈工智能   |  50.0  |  -40.1   | 4.5  |   6.8   |   9.1   |
|   专用设备   | 688377 |   迪威尔    |  62.2  |   51.1   | 3.3  |   6.7   |   6.0   |
|   专用设备   | 301138 |  华研精机   |  38.9  |   72.4   | 3.5  |   6.7   |   8.1   |
|   专用设备   | 603488 |  展鹏科技   |  22.4  |  1268.8  | 3.9  |   6.5   |   6.7   |
|   专用设备   | 002691 |  冀凯股份   |  19.6  |  548.8   | 4.0  |   6.5   |   8.1   |
|   专用设备   | 688328 |   深科达    |  20.9  |   93.9   | 4.1  |   6.2   |   7.6   |
|   专用设备   | 300276 |  三丰智能   |  61.0  |  159.6   | 4.1  |   6.1   |  11.8   |
|   专用设备   | 002975 |  博杰股份   |  54.4  |   29.6   | 3.1  |   6.0   |   4.8   |
|   专用设备   | 600302 |  标准股份   |  17.5  |  -51.2   | 3.3  |   5.9   |   4.1   |
|   专用设备   | 002698 |  博实股份   | 125.3  |   20.4   | 3.5  |   5.6   |   7.7   |
|   专用设备   | 603690 |  至纯科技   | 126.8  |  144.8   | 3.9  |   5.4   |   3.9   |
|   专用设备   | 603960 |  克来机电   |  61.2  |  5351.9  | 4.0  |   5.3   |  25.6   |
|   专用设备   | 603203 |  快克股份   |  63.8  |   26.3   | 4.2  |   5.2   |   8.3   |
|   专用设备   | 300004 |  南风股份   |  31.1  |   47.2   | 3.7  |   5.0   |   6.4   |
|   专用设备   | 300281 |  金明精机   |  24.2  |   61.9   | 4.0  |   4.9   |   7.7   |
|   专用设备   | 300836 |  佰奥智能   |  16.6  |   97.3   | 5.4  |   4.9   |  14.3   |
|   专用设备   | 600843 |  上工申贝   |  39.8  |   23.7   | 3.1  |   4.9   |   6.5   |
|   专用设备   | 002816 |   和科达    |  17.6  |  -40.4   | 4.2  |   4.9   |   1.7   |
|   专用设备   | 300382 |   斯莱克    |  98.6  |   56.5   | 4.4  |   4.7   |   5.7   |
|   专用设备   | 601106 |  中国一重   | 218.8  |  141.4   | 4.6  |   4.2   |   4.6   |
|   专用设备   | 603300 |  华铁应急   |  96.5  |   22.5   | 3.8  |   4.2   |   2.1   |
|   专用设备   | 688092 |  爱科科技   |  16.1  |   43.4   | 4.2  |   4.2   |   5.1   |
|   专用设备   | 688113 |  联测科技   |  31.3  |   34.0   | 4.1  |   4.2   |   4.4   |
|   专用设备   | 301200 |  大族数控   | 236.0  |   32.3   | 3.8  |   4.1   |   3.4   |
|   专用设备   | 301083 |  百胜智能   |  26.1  |   68.6   | 4.2  |   3.8   |  13.7   |
|   专用设备   | 300521 |   爱司凯    |  16.9  |  -173.3  | 4.5  |   3.8   |   5.0   |
|   专用设备   | 603321 |  梅轮电梯   |  20.4  |  188.5   | 3.1  |   3.8   |   4.9   |
|   专用设备   | 600343 |  航天动力   |  70.1  |  -157.6  | 3.1  |   3.6   |   3.3   |
|   专用设备   | 688082 |  盛美上海   | 423.2  |  2453.8  | 4.5  |   3.6   |  11.1   |
|   专用设备   | 300099 |  精准信息   |  48.9  |   44.5   | 3.7  |   3.5   |   4.3   |
|   专用设备   | 603855 |  华荣股份   |  84.2  |   35.0   | 4.0  |   3.3   |   2.5   |
|   专用设备   | 601399 |  国机重装   | 240.9  |   77.1   | 3.1  |   3.1   |   1.5   |
|   专用设备   | 300048 |  合康新能   |  79.2  |  207.2   | 3.6  |   3.0   |   7.3   |
|   专用设备   | 601798 |  蓝科高新   |  25.0  |  -22.3   | 3.5  |   2.6   |   0.6   |
|   专用设备   | 300173 |  福能东方   |  39.4  |  157.9   | 3.1  |   2.3   |   4.5   |
|   专用设备   | 600262 |  北方股份   |  34.8  |   30.2   | 3.3  |   1.5   |   1.6   |
|   专用设备   | 688290 |  景业智能   |  41.5  |  459.8   | 3.4  |   0.7   |  13.3   |
|   专业服务   | 300215 |   电科院    |  53.2  |   91.2   | 3.5  |   5.4   |   6.4   |
|   专业服务   | 300572 |  安车检测   |  35.4  |   58.4   | 3.3  |   4.7   |   5.5   |
|      —       | 836720 |  吉冈精密   |  14.3  |   25.6   | 4.2  |  16.0   |  17.6   |
|      —       | 832885 |  星辰科技   |  13.6  |   43.6   | 4.7  |  11.7   |  13.2   |
|      —       | 871981 |  晶赛科技   |  15.8  |   26.7   | 5.0  |   9.6   |  14.7   |
|      —       | 835179 |  凯德石英   |  16.6  |   47.4   | 3.0  |   8.3   |   6.0   |
|      —       | 832566 |   梓橦宫    |  11.4  |   10.0   | 5.2  |   8.2   |   5.2   |
|      —       | 832735 |  德源药业   |  11.8  |   14.0   | 5.2  |   8.2   |   7.1   |
|      —       | 835640 |   富士达    |  30.0  |   21.9   | 4.5  |   7.9   |   7.1   |
|      —       | 831278 |  泰德股份   |  6.0   |   27.9   | 4.7  |   6.8   |   3.9   |
|      —       | 831305 |  海希通讯   |  11.9  |   33.7   | 5.1  |   6.8   |   5.6   |
|      —       | 834765 |   美之高    |  4.4   |   21.8   | 4.1  |   6.8   |   6.6   |
|      —       | 838171 |  邦德股份   |  8.1   |   18.5   | 5.2  |   6.7   |   2.2   |
|      —       | 831961 |  创远仪器   |  18.7  |  202.1   | 5.3  |   6.6   |   7.5   |
|      —       | 873169 |  七丰精工   |  5.4   |   15.0   | 4.5  |   6.3   |   7.5   |
|      —       | 833523 |  德瑞锂电   |  13.0  |   47.4   | 4.5  |   6.2   |   5.2   |
|      —       | 832171 |  志晟信息   |  6.4   |  -21.0   | 5.3  |   6.2   |   7.8   |
|      —       | 832145 |  恒合股份   |  4.8   |  -77.8   | 3.6  |   6.2   |   5.0   |
|      —       | 836239 |  长虹能源   |  59.6  |   26.4   | 5.5  |   6.2   |   4.4   |
|      —       | 839729 |  永顺生物   |  22.7  |   32.7   | 5.6  |   6.2   |   5.1   |
|      —       | 430090 |  同辉信息   |  8.1   |  -40.8   | 4.7  |   5.8   |   5.0   |
|      —       | 838030 |  德众汽车   |  8.0   |   17.9   | 3.2  |   5.7   |   9.0   |
|      —       | 835670 |   数字人    |  9.1   |  -42.2   | 4.4  |   5.5   |   1.3   |
|      —       | 832089 |  禾昌聚合   |  10.5  |   11.2   | 4.5  |   5.4   |   5.4   |
|      —       | 870204 |  沪江材料   |  6.3   |   26.1   | 5.0  |   5.0   |   4.8   |
|      —       | 834021 |  流金岁月   |  11.8  |   21.5   | 3.9  |   5.0   |   5.6   |
|      —       | 870299 |  灿能电力   |  4.8   |   45.4   | 3.3  |   4.9   |   4.1   |
|      —       | 839946 |  华阳变速   |  5.2   |   44.6   | 3.7  |   4.9   |   4.9   |
|      —       | 837242 |  建邦科技   |  5.4   |   22.7   | 3.7  |   4.8   |   4.2   |
|      —       | 836260 |  中寰股份   |  6.9   |  370.1   | 3.4  |   4.7   |   5.2   |
|      —       | 839680 |  广道高新   |  7.1   |  -17.7   | 3.6  |   4.6   |   4.5   |
|      —       | 833580 |  科创新材   |  5.0   |   18.9   | 3.9  |   4.5   |   4.7   |
|      —       | 430198 |  微创光电   |  7.0   |   -5.4   | 3.3  |   4.4   |   3.9   |
|      —       | 832225 |  利通科技   |  5.6   |   7.7    | 4.3  |   4.3   |   3.7   |
|      —       | 831768 |   拾比佰    |  6.9   |   25.2   | 3.5  |   4.3   |   3.6   |
|      —       | 838924 |  广脉科技   |  5.8   |  191.2   | 3.1  |   4.0   |   3.6   |
|      —       | 871553 |  凯腾精工   |  5.6   |   32.1   | 3.2  |   4.0   |   4.9   |
|      —       | 833509 |  同惠电子   |  15.2  |   49.6   | 4.5  |   4.0   |   0.2   |
|      —       | 871396 |  常辅股份   |  4.8   |   41.0   | 3.0  |   4.0   |   3.0   |
|      —       | 836892 |  广咨国际   |  10.3  |   62.9   | 4.2  |   3.8   |   2.0   |
|      —       | 832278 |  鹿得医疗   |  9.8   |   29.5   | 3.5  |   3.4   |   3.9   |
|      —       | 833427 |  华维设计   |  6.8   |   18.7   | 3.1  |   3.3   |   1.7   |
|      —       | 831010 |  凯添燃气   |  9.6   |   19.1   | 3.3  |   3.3   |   3.8   |
|      —       | 835508 |  殷图网联   |  3.9   |  128.4   | 3.2  |   3.2   |   0.4   |
|      —       | 430418 |  苏轴股份   |  8.8   |   15.7   | 4.1  |   3.2   |   1.8   |
|      —       | 830832 |  齐鲁华信   |  7.7   |   16.5   | 3.4  |   3.2   |   1.8   |
|      —       | 835305 |  云创数据   |  16.1  |  -191.9  | 3.2  |   3.0   |   2.3   |
|      —       | 836433 |  大唐药业   |  10.2  |   46.0   | 3.2  |   2.9   |   0.5   |
|      —       | 833943 |  优机股份   |  5.8   |   14.2   | 4.5  |  -57.2  |  -57.2  |
+--------------+--------+-------------+--------+----------+------+---------+---------+
