[行业>三日涨幅]
+------------+--------+----------+--------+---------+------+---------+---------+
|    行业    |  代码  |   名称   |  市值  |   pe    | 涨幅 | 3日涨幅 | 6日涨幅 |
+------------+--------+----------+--------+---------+------+---------+---------+
|  食品饮料  | 002557 | 洽洽食品 | 278.2  |  33.5   | -3.2 |   1.6   |   0.3   |
|  食品饮料  | 600191 | *ST华资  |  24.8  |  -18.1  | -3.6 |   0.8   |  -4.5   |
|  食品饮料  | 001318 | 阳光乳业 |  56.5  |  57.6   | -3.6 |   0.2   |   5.0   |
|  食品饮料  | 002840 | 华统股份 |  87.6  |  -24.9  | -3.3 |  -1.4   |  -0.6   |
|  风电设备  | 688349 |  C三一   | 487.7  |  20.4   | -5.3 |  -2.3   |  39.1   |
|  风电设备  | 300850 |  新强联  | 326.4  |  83.5   | -5.8 |  -4.1   |  -1.0   |
|  铁路公路  | 600620 | 天宸股份 |  67.4  |  -69.5  | -3.9 |   7.7   |   7.2   |
|  钢铁行业  | 600010 | 包钢股份 | 1144.0 |  86.4   | -5.3 |   2.5   |  19.5   |
|  酿酒行业  | 000799 |  酒鬼酒  | 581.9  |  27.9   | -3.2 |  -2.5   |  -0.4   |
|  酿酒行业  | 600197 |  伊力特  | 137.3  |  31.7   | -3.2 |  -2.8   |  -2.4   |
|  通用设备  | 002046 | 国机精工 |  76.9  |  36.4   | -3.3 |   8.8   |   7.0   |
|  通用设备  | 301268 |  铭利达  | 149.8  |  66.2   | -3.4 |   2.2   |  13.4   |
|  通用设备  | 300263 | 隆华科技 |  90.4  |  34.4   | -3.0 |   1.8   |  14.6   |
|  通用设备  | 603090 | 宏盛股份 |  28.4  |  257.4  | -3.7 |  -0.5   |   9.2   |
|  通用设备  | 300179 |  四方达  |  78.8  |  47.8   | -3.5 |  -2.1   |   1.1   |
|  通用设备  | 002598 | 山东章鼓 |  31.9  |  39.5   | -3.0 |  -2.8   |   0.6   |
|  通用设备  | 603088 | 宁波精达 |  32.9  |  28.8   | -3.0 |  -3.3   |  -5.0   |
|  通用设备  | 300953 | 震裕科技 | 134.7  |  60.0   | -5.9 |  -6.4   |  -4.8   |
|  通用设备  | 000880 | 潍柴重机 |  36.6  |  47.4   | -3.2 |  -7.3   |  -3.5   |
|  通用设备  | 000816 | 智慧农业 |  63.9  |  234.5  | -3.2 |  -9.2   |  -11.9  |
|  软件开发  | 300799 | 左江科技 |  80.3  |  -76.9  | -5.4 |  19.9   |  26.3   |
|  软件开发  | 300451 | 创业慧康 | 115.8  |  31.4   | -4.2 |   2.9   |   1.6   |
|   贵金属   | 600766 | *ST园城  |  19.0  | -3333.4 | -3.4 |  -3.5   |   1.8   |
| 计算机设备 | 300367 |  网力退  |  3.3   |  -0.9   | -3.5 |   3.7   |  -6.7   |
| 计算机设备 | 688208 | 道通科技 | 157.3  |  62.1   | -3.4 |  -2.9   |  -0.5   |
| 计算机设备 | 300202 |  聚龙退  |  3.1   |  -7.0   | -3.4 |  -16.2  |  -12.3  |
|  装修装饰  | 002047 | 宝鹰股份 |  60.8  |  -33.5  | -4.3 |  11.4   |  18.3   |
|  装修装饰  | 601886 | 江河集团 |  97.3  |  26.6   | -4.0 |   8.6   |  15.9   |
|  装修装饰  | 000055 | 方大集团 |  48.1  |  27.4   | -3.9 |   2.3   |   6.2   |
|  装修装饰  | 603038 | 华立股份 |  18.0  | -302.7  | -3.2 |   2.0   |   2.0   |
|  装修建材  | 002652 | 扬子新材 |  14.9  |  -54.9  | -4.6 |  10.2   |  14.1   |
|  纺织服装  | 300979 | 华利集团 | 843.4  |  32.5   | -3.3 |  -1.4   |  -4.9   |
|  纺织服装  | 603908 |  牧高笛  |  63.2  |  42.9   | -4.4 |  -1.5   |  -7.5   |
|  电网设备  | 603530 | 神马电力 |  91.7  | 2822.7  | -4.4 |  15.7   |  54.1   |
|  电网设备  | 002350 | 北京科锐 |  42.0  |  -13.8  | -3.0 |   5.0   |   8.9   |
|  电网设备  | 002452 | 长高电新 |  43.4  |  38.1   | -3.6 |   1.3   |   5.4   |
|  电网设备  | 300208 | 青岛中程 | 101.1  |  -43.4  | -3.1 |   1.1   |   7.7   |
|  电网设备  | 688330 |  宏力达  |  86.7  |  19.2   | -3.7 |  -5.7   |  -9.9   |
|  电网设备  | 002927 | 泰永长征 |  27.7  |  51.7   | -4.7 |  -13.5  |  -4.5   |
|  电源设备  | 002364 | 中恒电气 |  45.2  |  199.0  | -4.2 |   7.6   |   8.7   |
|    电池    | 688148 | 芳源股份 | 106.2  | -1169.6 | -3.0 |   5.9   |   2.1   |
| 电子化学品 | 688268 | 华特气体 |  86.3  |  55.1   | -3.5 |   3.7   |   2.9   |
|  电子元件  | 002388 | 新亚制程 |  29.8  |  125.6  | -4.1 |   8.0   |   3.0   |
|  电力行业  | 000993 | 闽东电力 |  62.9  |  43.9   | -3.0 |  -1.1   |  -2.6   |
|  电力行业  | 000037 | 深南电A  |  51.8  |  -33.3  | -4.7 |  -18.2  |   1.3   |
|  生物制品  | 300142 | 沃森生物 | 740.1  |  479.1  | -4.3 |  -2.0   |  -4.1   |
|  玻璃玻纤  | 600876 | 洛阳玻璃 | 169.3  |  37.8   | -3.0 |  12.6   |  13.4   |
|  玻璃玻纤  | 002163 | 海南发展 | 120.2  |  -70.6  | -4.2 |   5.8   |   7.2   |
|  环保行业  | 300203 | 聚光科技 | 108.6  |  -46.0  | -4.4 |  -4.8   |  -0.7   |
|  物流行业  | 001228 |  永泰运  |  51.4  |  25.5   | -4.2 |  -0.7   |  15.0   |
|  煤炭行业  | 600121 | 郑州煤电 |  76.8  |  38.1   | -4.0 |  -12.7  |  -10.5  |
|    游戏    | 300533 | 冰川网络 |  39.1  |   4.5   | -3.9 |  -4.8   |  -8.4   |
|  消费电子  | 300602 |  飞荣达  |  86.9  | -121.4  | -4.2 |  13.3   |   8.8   |
|  消费电子  | 300679 | 电连技术 | 205.9  |  58.5   | -4.2 |  12.4   |  12.4   |
|  消费电子  | 002782 |  可立克  |  91.3  |  111.0  | -3.8 |  -1.4   |  11.5   |
| 汽车零部件 | 300707 | 威唐工业 |  29.7  |  45.7   | -5.5 |  20.0   |  24.7   |
| 汽车零部件 | 002126 | 银轮股份 | 100.8  |  35.9   | -4.9 |   9.4   |  13.1   |
| 汽车零部件 | 300928 | 华安鑫创 |  48.2  |  220.1  | -4.8 |   8.1   |  30.5   |
| 汽车零部件 | 603305 | 旭升股份 | 205.3  |  42.8   | -4.1 |   7.7   |  11.9   |
| 汽车零部件 | 688533 | 上声电子 | 121.0  |  241.5  | -3.0 |   7.0   |  19.8   |
| 汽车零部件 | 002363 | 隆基机械 |  31.7  |  51.7   | -5.2 |   4.7   |   7.9   |
| 汽车零部件 | 300432 | 富临精工 | 276.3  |  32.7   | -3.3 |  -0.3   |  12.0   |
| 汽车零部件 | 603786 |  科博达  | 271.1  |  73.9   | -3.0 |  -0.9   |   3.8   |
| 汽车零部件 | 300580 |  贝斯特  |  45.5  |  30.1   | -3.4 |  -1.1   |   7.8   |
| 汽车零部件 | 603358 | 华达科技 |  88.6  |  27.9   | -4.5 |  -1.9   |   3.7   |
| 汽车零部件 | 603348 | 文灿股份 | 156.8  |  49.4   | -3.0 |  -2.8   |   4.5   |
| 汽车零部件 | 002906 | 华阳集团 | 232.8  |  84.2   | -4.5 |  -3.1   |  -2.1   |
| 汽车零部件 | 688667 | 菱电电控 |  79.4  |  50.0   | -3.7 |  -3.7   |   1.8   |
| 汽车零部件 | 603197 | 保隆科技 | 111.8  |  62.7   | -4.0 |  -4.0   |   4.2   |
| 汽车零部件 | 300912 | 凯龙高科 |  21.6  |  61.5   | -4.3 |  -4.1   |   7.4   |
| 汽车零部件 | 300643 | 万通智控 |  37.4  |  28.2   | -3.0 |  -5.4   |  -7.5   |
| 汽车零部件 | 300745 | 欣锐科技 |  67.3  |  238.5  | -3.2 |  -7.9   |   1.0   |
| 汽车零部件 | 300969 | 恒帅股份 |  74.9  |  58.9   | -5.2 |  -12.1  |   0.8   |
|  汽车服务  | 000025 |  特力Ａ   | 108.8  |  80.5   | -3.9 |  -11.7  |  -19.4  |
|  橡胶制品  | 002753 | 永东股份 |  38.8  |  91.9   | -4.4 |  -0.3   |  24.1   |
|  橡胶制品  | 300767 | 震安科技 | 137.0  |  105.2  | -4.1 |  -7.5   |  -8.8   |
|  有色金属  | 301266 | 宇邦新材 |  61.4  |  76.2   | -4.7 |  16.6   |  35.9   |
|  有色金属  | 300337 | 银邦股份 | 103.2  |  63.6   | -5.8 |   3.5   |  11.3   |
|  文化传媒  | 300027 | 华谊兄弟 |  81.0  |  -15.4  | -4.0 |  15.9   |  14.1   |
|  文化传媒  | 000673 |  当代退  |  1.7   |  -1.7   | -4.3 |  -8.3   |  -18.5  |
| 房地产开发 | 000537 | 广宇发展 | 252.4  |  46.6   | -3.2 |   0.4   |   7.0   |
| 房地产开发 | 000736 | 中交地产 | 108.6  |  -65.4  | -3.5 |  -5.1   |  -3.9   |
| 房地产开发 | 002244 | 滨江集团 | 230.2  |  25.3   | -3.1 |  -5.1   |  -5.7   |
|   小金属   | 300811 | 铂科新材 | 100.0  |  77.4   | -4.0 |  -0.6   |   1.9   |
|  家电行业  | 002860 |  星帅尔  |  45.1  |  29.9   | -5.6 |   0.6   |  17.1   |
|  家电行业  | 688169 | 石头科技 | 420.2  |  30.6   | -4.1 |  -0.9   |  -4.8   |
|  家用轻工  | 002571 | 德力股份 |  30.6  |  297.0  | -4.2 |  12.4   |  11.2   |
|  家用轻工  | 001323 | 慕思股份 | 182.4  |  36.7   | -5.4 |  -18.7  |  17.1   |
|  塑料制品  | 605488 | 福莱新材 |  29.6  |  37.5   | -5.2 |  10.3   |  12.7   |
|  塑料制品  | 600135 | 乐凯胶片 |  44.2  |  125.0  | -3.3 |   2.3   |   4.0   |
|  塑料制品  | 688087 | 英科再生 |  78.9  |  40.2   | -3.2 |  -2.3   |  -12.9  |
|  商业百货  | 000679 | 大连友谊 |  15.9  |  -41.1  | -3.5 |  -5.9   |   8.0   |
|   半导体   | 001270 | 铖昌科技 | 124.1  |  293.2  | -3.1 |   7.9   |  37.1   |
|   半导体   | 688233 | 神工股份 |  87.8  |  44.0   | -3.2 |  -0.9   |  -2.7   |
|  医疗服务  | 603127 | 昭衍新药 | 425.7  |  84.9   | -3.4 |   6.3   |  -1.1   |
|  医疗器械  | 301122 | 采纳股份 |  73.0  |  46.4   | -4.0 |   1.4   |   1.5   |
|  医疗器械  | 688656 |  浩欧博  |  25.8  |  47.5   | -3.5 |  -0.9   |   4.3   |
|  医疗器械  | 688068 | 热景生物 |  69.9  |   2.9   | -4.4 |  -4.9   |  -8.6   |
|  化肥行业  | 600078 | *ST澄星  |  71.9  |  26.6   | -4.6 |  -1.1   |  -2.1   |
|  化纤行业  | 601113 | 华鼎股份 |  51.4  |  -16.9  | -3.0 |  -2.2   |   3.2   |
|  化学原料  | 002125 | 湘潭电化 | 110.0  |  19.5   | -3.8 |   0.1   |   2.8   |
|  化学制药  | 688578 | 艾力斯-U |  98.0  | -108.1  | -4.4 |  -1.8   |  -1.9   |
|  化学制品  | 688157 | 松井股份 |  86.7  |  108.3  | -3.4 |  15.4   |  22.1   |
|  化学制品  | 300041 | 回天新材 |  76.7  |  21.6   | -3.7 |  15.0   |  16.1   |
|  化学制品  | 603192 | 汇得科技 |  38.5  |  45.8   | -3.3 |  11.5   |   8.9   |
|  化学制品  | 002915 | 中欣氟材 |  62.6  |  37.2   | -3.3 |   7.6   |   3.7   |
|  化学制品  | 002666 | 德联集团 |  44.1  |  29.9   | -3.6 |  -3.9   |  -3.3   |
|  化学制品  | 002971 | 和远气体 |  38.2  |  36.9   | -3.4 |  -4.1   |  -6.0   |
|  农药兽药  | 688526 | 科前生物 | 119.5  |  32.9   | -3.6 |  -4.9   |  -5.3   |
|  农牧饲渔  | 002124 | 天邦食品 | 129.5  |  -4.8   | -3.4 |   0.6   |  -1.8   |
|  农牧饲渔  | 600811 | 东方集团 | 109.4  |  233.9  | -3.2 |   0.0   |   2.4   |
|  公用事业  | 003039 | 顺控发展 | 145.1  |  73.2   | -3.3 |   6.0   |   2.3   |
| 光学光电子 | 300301 | *ST长方  |  13.0  |  -9.3   | -3.5 |  -2.9   |  -8.3   |
|  光伏设备  | 600732 | 爱旭股份 | 711.1  |  78.2   | -3.5 |   7.3   |   6.8   |
|  光伏设备  | 688348 | 昱能科技 | 355.2  |  289.1  | -3.9 |  -3.5   |  15.0   |
|  光伏设备  | 603806 |  福斯特  | 951.4  |  70.2   | -5.1 |  -3.5   |  -6.4   |
|    保险    | 601628 | 中国人寿 | 8598.0 |  14.2   | -3.3 |  -3.0   |   5.3   |
|  交运设备  | 000017 | 深中华A  |  27.9  | -773.0  | -5.6 |  -16.1  |   4.3   |
| 互联网服务 | 300682 | 朗新科技 | 272.4  |  132.5  | -3.4 |  -2.2   |  -4.2   |
| 互联网服务 | 300846 | 首都在线 |  65.7  | -102.5  | -3.2 |  -2.6   |  -4.6   |
| 互联网服务 | 300269 |  ST联建  |  18.6  |  -39.1  | -5.7 |  -5.7   |  -8.5   |
| 互联网服务 | 603918 | XD金桥信 |  34.5  | -126.1  | -4.9 |  -6.0   |  -3.7   |
|    中药    | 600129 | 太极集团 | 123.1  |  154.5  | -3.1 |  -1.5   |  -6.9   |
|    中药    | 600566 | 济川药业 | 246.1  |  10.6   | -4.2 |  -2.8   |  -2.1   |
|    中药    | 603963 | 大理药业 |  35.8  | -279.1  | -4.6 |  -4.0   |  -1.8   |
|  专用设备  | 300415 |  伊之密  |  95.0  |  21.5   | -3.1 |  -1.6   |  11.9   |
|  专用设备  | 688518 | 联赢激光 | 107.3  |  179.8  | -3.0 |  -1.7   |   1.0   |
|  专用设备  | 002526 | 山东矿机 |  44.0  |  28.3   | -3.9 |  -2.0   |  15.4   |
|  专用设备  | 688789 | 宏华数科 | 130.5  |  44.7   | -5.1 |  -6.3   |  -9.7   |
|  专用设备  | 688559 |  海目星  | 150.5  |  338.7  | -5.6 |  -8.0   |  -5.3   |
|  专业服务  | 301289 |  C国缆   |  28.0  |  41.8   | -4.6 |   0.8   |  39.2   |
+------------+--------+----------+--------+---------+------+---------+---------+
