[行业>市值]
+----------+--------+----------+--------+-------+-------+---------+---------+
|   行业   |  代码  |   名称   |  市值  |  pe   | 涨幅  | 3日涨幅 | 6日涨幅 |
+----------+--------+----------+--------+-------+-------+---------+---------+
| 汽车整车 | 002594 |  比亚迪  | 9654.0 | 298.5 | -6.0  |  -5.5   |  -2.8   |
| 汽车整车 | 601633 | 长城汽车 | 3523.0 | 53.9  | -9.9  |  -4.8   |  -0.8   |
| 汽车整车 | 600104 | 上汽集团 | 2094.0 |  9.5  | -4.4  |  -1.5   |   0.7   |
| 汽车整车 | 000625 | 长安汽车 | 1818.0 | 10.0  | -10.0 |   7.7   |  19.3   |
| 汽车整车 | 601238 | 广汽集团 | 1651.0 | 13.7  | -10.0 |  -9.6   |  -4.7   |
| 汽车整车 | 601127 | 小康股份 | 1074.0 | -32.0 | -10.0 |  -7.2   |  11.5   |
| 汽车整车 | 000800 | 一汽解放 | 441.7  | 24.4  | -6.5  |  -0.1   |   1.1   |
| 汽车整车 | 600733 | 北汽蓝谷 | 396.1  | -10.3 | -10.0 |  -7.6   |  -2.0   |
| 汽车整车 | 600418 | 江淮汽车 | 346.6  | -29.9 |  0.1  |  16.3   |  20.6   |
| 汽车整车 | 601777 | 力帆科技 | 249.8  | 122.8 | -5.8  |  -3.0   |   6.7   |
| 汽车整车 | 301039 | 中集车辆 | 226.2  | 45.4  | -7.7  |  -2.5   |   5.8   |
| 汽车整车 | 600066 | 宇通客车 | 193.7  | -41.9 | -7.7  |  -2.9   |   8.3   |
| 汽车整车 | 600166 | 福田汽车 | 189.4  | 35.0  | -7.7  |  -2.7   |   4.3   |
| 汽车整车 | 000980 |  ST众泰  | 181.5  | -28.9 | -1.9  |  -1.9   |  -3.2   |
| 汽车整车 | 600006 | 东风汽车 | 158.0  | 33.3  | -10.0 |   0.6   |   3.7   |
| 汽车整车 | 000951 | 中国重汽 | 150.9  | 30.4  | -8.2  |  -4.0   |  -0.2   |
| 汽车整车 | 000550 | 江铃汽车 | 140.9  | 18.2  | -8.1  |  -3.6   |   6.1   |
| 汽车整车 | 000957 | 中通客车 | 126.4  | -89.6 |  0.0  |   0.0   |   0.0   |
| 汽车整车 | 000572 | 海马汽车 | 105.9  | -43.5 | -9.9  |   2.9   |   2.5   |
| 汽车整车 | 000868 | 安凯客车 |  53.8  | -33.6 | -9.9  |   8.9   |  45.1   |
| 汽车整车 | 600686 | 金龙汽车 |  52.0  | 335.2 | -9.9  |   2.4   |  12.1   |
| 汽车整车 | 600213 | 亚星客车 |  30.1  | -17.2 | -8.4  |  10.8   |  28.2   |
| 汽车整车 | 600303 |  ST曙光  |  23.8  | -18.2 | -5.1  |   0.9   |   6.3   |
+----------+--------+----------+--------+-------+-------+---------+---------+
 




 [行业>单日涨幅]
+----------+--------+----------+--------+-------+-------+---------+---------+
|   行业   |  代码  |   名称   |  市值  |  pe   | 涨幅  | 3日涨幅 | 6日涨幅 |
+----------+--------+----------+--------+-------+-------+---------+---------+
| 汽车整车 | 600418 | 江淮汽车 | 346.6  | -29.9 |  0.1  |  16.3   |  20.6   |
| 汽车整车 | 000957 | 中通客车 | 126.4  | -89.6 |  0.0  |   0.0   |   0.0   |
| 汽车整车 | 000980 |  ST众泰  | 181.5  | -28.9 | -1.9  |  -1.9   |  -3.2   |
| 汽车整车 | 600104 | 上汽集团 | 2094.0 |  9.5  | -4.4  |  -1.5   |   0.7   |
| 汽车整车 | 600303 |  ST曙光  |  23.8  | -18.2 | -5.1  |   0.9   |   6.3   |
| 汽车整车 | 601777 | 力帆科技 | 249.8  | 122.8 | -5.8  |  -3.0   |   6.7   |
| 汽车整车 | 002594 |  比亚迪  | 9654.0 | 298.5 | -6.0  |  -5.5   |  -2.8   |
| 汽车整车 | 000800 | 一汽解放 | 441.7  | 24.4  | -6.5  |  -0.1   |   1.1   |
| 汽车整车 | 301039 | 中集车辆 | 226.2  | 45.4  | -7.7  |  -2.5   |   5.8   |
| 汽车整车 | 600166 | 福田汽车 | 189.4  | 35.0  | -7.7  |  -2.7   |   4.3   |
| 汽车整车 | 600066 | 宇通客车 | 193.7  | -41.9 | -7.7  |  -2.9   |   8.3   |
| 汽车整车 | 000550 | 江铃汽车 | 140.9  | 18.2  | -8.1  |  -3.6   |   6.1   |
| 汽车整车 | 000951 | 中国重汽 | 150.9  | 30.4  | -8.2  |  -4.0   |  -0.2   |
| 汽车整车 | 600213 | 亚星客车 |  30.1  | -17.2 | -8.4  |  10.8   |  28.2   |
| 汽车整车 | 601633 | 长城汽车 | 3523.0 | 53.9  | -9.9  |  -4.8   |  -0.8   |
| 汽车整车 | 000572 | 海马汽车 | 105.9  | -43.5 | -9.9  |   2.9   |   2.5   |
| 汽车整车 | 000868 | 安凯客车 |  53.8  | -33.6 | -9.9  |   8.9   |  45.1   |
| 汽车整车 | 600686 | 金龙汽车 |  52.0  | 335.2 | -9.9  |   2.4   |  12.1   |
| 汽车整车 | 000625 | 长安汽车 | 1818.0 | 10.0  | -10.0 |   7.7   |  19.3   |
| 汽车整车 | 601238 | 广汽集团 | 1651.0 | 13.7  | -10.0 |  -9.6   |  -4.7   |
| 汽车整车 | 601127 | 小康股份 | 1074.0 | -32.0 | -10.0 |  -7.2   |  11.5   |
| 汽车整车 | 600006 | 东风汽车 | 158.0  | 33.3  | -10.0 |   0.6   |   3.7   |
| 汽车整车 | 600733 | 北汽蓝谷 | 396.1  | -10.3 | -10.0 |  -7.6   |  -2.0   |
+----------+--------+----------+--------+-------+-------+---------+---------+
