[行业>市值]
+----------+--------+----------+-------+--------+------+---------+---------+
|   行业   |  代码  |   名称   | 市值  |   pe   | 涨幅 | 3日涨幅 | 6日涨幅 |
+----------+--------+----------+-------+--------+------+---------+---------+
| 包装材料 | 002191 | 劲嘉股份 | 138.1 |  11.3  | -3.9 |  -0.8   |  -1.7   |
| 包装材料 | 002701 |  奥瑞金  | 127.6 |  15.5  | -1.8 |   0.5   |  -0.7   |
| 包装材料 | 600210 | 紫江企业 | 91.0  |  18.7  | -1.5 |   1.9   |  -8.1   |
| 包装材料 | 601968 | 宝钢包装 | 88.0  |  34.3  | -0.4 |  -0.4   |  -4.4   |
| 包装材料 | 601515 | 东风股份 | 80.2  |  16.5  | -3.1 |  -2.9   |  -5.6   |
| 包装材料 | 002735 | 王子新材 | 54.8  |  33.6  | -3.6 |  -1.0   |  -0.2   |
| 包装材料 | 002303 |  美盈森  | 49.0  |  29.8  | -2.4 |  -1.8   |  -3.6   |
| 包装材料 | 002565 | 顺灏股份 | 48.2  | -417.2 | -0.7 |  -0.2   |  -4.4   |
| 包装材料 | 002752 | 昇兴股份 | 46.9  |  24.9  | -2.4 |  -0.8   |   2.1   |
| 包装材料 | 301062 | 上海艾录 | 46.9  |  36.9  | -3.9 |  -0.9   |  -4.6   |
| 包装材料 | 000812 | 陕西金叶 | 43.7  | 168.2  | 0.5  |   2.7   |   0.9   |
| 包装材料 | 600836 | 上海易连 | 43.4  | 497.6  | -3.4 |  -3.3   |  -9.7   |
| 包装材料 | 000659 | 珠海中富 | 43.3  | -55.7  | -2.6 |  -3.7   |  -0.9   |
| 包装材料 | 603687 |  大胜达  | 41.9  |  42.9  | -2.1 |   0.2   |  -1.9   |
| 包装材料 | 002228 | 合兴包装 | 41.7  |  19.9  | -2.6 |  -1.2   |  -2.0   |
| 包装材料 | 002014 | 永新股份 | 40.7  |  15.6  | 0.5  |   1.2   |  -0.3   |
| 包装材料 | 002969 | 嘉美包装 | 36.8  | 156.7  | -3.0 |  -2.5   |  -5.5   |
| 包装材料 | 002951 | 金时科技 | 33.5  | 875.3  | -8.0 |  -6.8   |  -9.2   |
| 包装材料 | 300501 | 海顺新材 | 28.1  |  27.6  | -0.9 |   0.8   |  -4.0   |
| 包装材料 | 002799 | 环球印务 | 26.7  |  24.4  | -2.2 |   0.9   |  -3.9   |
| 包装材料 | 002599 | 盛通股份 | 25.1  | -25.2  | -3.1 |  -0.6   |  -6.0   |
| 包装材料 | 002846 | 英联股份 | 19.6  | -92.3  | -6.2 |  -1.3   |  -2.7   |
| 包装材料 | 002787 | 华源控股 | 18.0  | 140.5  | -2.9 |  -2.2   |  -1.9   |
| 包装材料 | 603022 |  新通联  | 17.9  |  55.9  | -1.1 |   1.5   |   0.7   |
| 包装材料 | 003003 | 天元股份 | 15.0  | 1289.3 | -4.9 |  -4.2   |  -4.5   |
+----------+--------+----------+-------+--------+------+---------+---------+
 




 [行业>单日涨幅]
+----------+--------+----------+-------+--------+------+---------+---------+
|   行业   |  代码  |   名称   | 市值  |   pe   | 涨幅 | 3日涨幅 | 6日涨幅 |
+----------+--------+----------+-------+--------+------+---------+---------+
| 包装材料 | 000812 | 陕西金叶 | 43.7  | 168.2  | 0.5  |   2.7   |   0.9   |
| 包装材料 | 002014 | 永新股份 | 40.7  |  15.6  | 0.5  |   1.2   |  -0.3   |
| 包装材料 | 601968 | 宝钢包装 | 88.0  |  34.3  | -0.4 |  -0.4   |  -4.4   |
| 包装材料 | 002565 | 顺灏股份 | 48.2  | -417.2 | -0.7 |  -0.2   |  -4.4   |
| 包装材料 | 300501 | 海顺新材 | 28.1  |  27.6  | -0.9 |   0.8   |  -4.0   |
| 包装材料 | 603022 |  新通联  | 17.9  |  55.9  | -1.1 |   1.5   |   0.7   |
| 包装材料 | 600210 | 紫江企业 | 91.0  |  18.7  | -1.5 |   1.9   |  -8.1   |
| 包装材料 | 002701 |  奥瑞金  | 127.6 |  15.5  | -1.8 |   0.5   |  -0.7   |
| 包装材料 | 603687 |  大胜达  | 41.9  |  42.9  | -2.1 |   0.2   |  -1.9   |
| 包装材料 | 002799 | 环球印务 | 26.7  |  24.4  | -2.2 |   0.9   |  -3.9   |
| 包装材料 | 002303 |  美盈森  | 49.0  |  29.8  | -2.4 |  -1.8   |  -3.6   |
| 包装材料 | 002752 | 昇兴股份 | 46.9  |  24.9  | -2.4 |  -0.8   |   2.1   |
| 包装材料 | 000659 | 珠海中富 | 43.3  | -55.7  | -2.6 |  -3.7   |  -0.9   |
| 包装材料 | 002228 | 合兴包装 | 41.7  |  19.9  | -2.6 |  -1.2   |  -2.0   |
| 包装材料 | 002787 | 华源控股 | 18.0  | 140.5  | -2.9 |  -2.2   |  -1.9   |
| 包装材料 | 002969 | 嘉美包装 | 36.8  | 156.7  | -3.0 |  -2.5   |  -5.5   |
| 包装材料 | 601515 | 东风股份 | 80.2  |  16.5  | -3.1 |  -2.9   |  -5.6   |
| 包装材料 | 002599 | 盛通股份 | 25.1  | -25.2  | -3.1 |  -0.6   |  -6.0   |
| 包装材料 | 600836 | 上海易连 | 43.4  | 497.6  | -3.4 |  -3.3   |  -9.7   |
| 包装材料 | 002735 | 王子新材 | 54.8  |  33.6  | -3.6 |  -1.0   |  -0.2   |
| 包装材料 | 002191 | 劲嘉股份 | 138.1 |  11.3  | -3.9 |  -0.8   |  -1.7   |
| 包装材料 | 301062 | 上海艾录 | 46.9  |  36.9  | -3.9 |  -0.9   |  -4.6   |
| 包装材料 | 003003 | 天元股份 | 15.0  | 1289.3 | -4.9 |  -4.2   |  -4.5   |
| 包装材料 | 002846 | 英联股份 | 19.6  | -92.3  | -6.2 |  -1.3   |  -2.7   |
| 包装材料 | 002951 | 金时科技 | 33.5  | 875.3  | -8.0 |  -6.8   |  -9.2   |
+----------+--------+----------+-------+--------+------+---------+---------+
