[行业>市值]
+----------+--------+----------+-------+--------+------+---------+---------+
|   行业   |  代码  |   名称   | 市值  |   pe   | 涨幅 | 3日涨幅 | 6日涨幅 |
+----------+--------+----------+-------+--------+------+---------+---------+
| 家用轻工 | 603899 | 晨光股份 | 445.9 |  40.4  | -0.8 |  -2.6   |  -8.1   |
| 家用轻工 | 001323 | 慕思股份 | 171.6 |  34.6  | -0.1 |  -1.0   |  -8.2   |
| 家用轻工 | 605099 | 共创草坪 | 97.6  |  28.6  | -1.8 |  -0.9   |  -8.2   |
| 家用轻工 | 603398 | 沐邦高科 | 95.7  | -262.5 | -4.2 |   2.8   |  -1.6   |
| 家用轻工 | 002489 | 浙江永强 | 75.1  |  13.7  | -4.7 |  -2.5   |  -5.0   |
| 家用轻工 | 002678 | 珠江钢琴 | 73.9  |  34.8  | -2.2 |  -2.0   |  -4.7   |
| 家用轻工 | 301101 | 明月镜片 | 73.6  |  83.2  | 0.3  |  12.1   |  14.7   |
| 家用轻工 | 603848 |  好太太  | 62.6  |  34.5  | -3.7 |  -7.9   |  -1.0   |
| 家用轻工 | 002605 | 姚记科技 | 57.6  |  15.7  | -5.3 |  -5.0   |  -7.5   |
| 家用轻工 | 002301 | 齐心集团 | 45.0  |  20.5  | -7.8 |  -2.4   |  -3.3   |
| 家用轻工 | 605299 | 舒华体育 | 40.7  |  76.7  | -4.3 |  -5.1   |  -11.1  |
| 家用轻工 | 300729 | 乐歌股份 | 35.8  |  49.6  | -1.6 |  -1.0   |  -7.7   |
| 家用轻工 | 600439 |  瑞贝卡  | 30.6  |  59.8  | -3.2 |  -1.8   |  -2.5   |
| 家用轻工 | 300651 | 金陵体育 | 30.0  | 293.3  | -3.4 |  -2.5   |  -6.8   |
| 家用轻工 | 002615 |  哈尔斯  | 27.7  |  22.5  | 2.9  |  12.1   |  11.7   |
| 家用轻工 | 002575 | 群兴玩具 | 27.2  | 391.9  | -1.4 |  -4.4   |  -8.2   |
| 家用轻工 | 002571 | 德力股份 | 25.4  | 246.5  | -4.6 |  -3.1   |  -9.2   |
| 家用轻工 | 301004 | 嘉益股份 | 25.0  |  18.9  | 3.2  |  12.1   |   5.7   |
| 家用轻工 | 002103 | 广博股份 | 21.9  | -36.6  | -4.7 |  -4.7   |  -6.4   |
| 家用轻工 | 002348 | 高乐股份 | 20.7  | -10.4  | -6.0 |  -10.6  |  -30.7  |
| 家用轻工 | 300703 | 创源股份 | 18.3  | 113.4  | 0.8  |   0.3   |   6.3   |
| 家用轻工 | 300640 | 德艺文创 | 16.4  |  49.6  | 1.2  |   2.1   |   0.2   |
| 家用轻工 | 300329 | 海伦钢琴 | 16.3  |  64.7  | -3.4 |  -2.3   |  -7.9   |
| 家用轻工 | 002899 |  英派斯  | 14.1  | 264.5  | -3.0 |  -1.1   |  -3.2   |
| 家用轻工 | 002862 | 实丰文化 | 13.0  | 168.5  | -2.8 |  -1.3   |  -3.4   |
+----------+--------+----------+-------+--------+------+---------+---------+
 




 [行业>单日涨幅]
+----------+--------+----------+-------+--------+------+---------+---------+
|   行业   |  代码  |   名称   | 市值  |   pe   | 涨幅 | 3日涨幅 | 6日涨幅 |
+----------+--------+----------+-------+--------+------+---------+---------+
| 家用轻工 | 301004 | 嘉益股份 | 25.0  |  18.9  | 3.2  |  12.1   |   5.7   |
| 家用轻工 | 002615 |  哈尔斯  | 27.7  |  22.5  | 2.9  |  12.1   |  11.7   |
| 家用轻工 | 300640 | 德艺文创 | 16.4  |  49.6  | 1.2  |   2.1   |   0.2   |
| 家用轻工 | 300703 | 创源股份 | 18.3  | 113.4  | 0.8  |   0.3   |   6.3   |
| 家用轻工 | 301101 | 明月镜片 | 73.6  |  83.2  | 0.3  |  12.1   |  14.7   |
| 家用轻工 | 001323 | 慕思股份 | 171.6 |  34.6  | -0.1 |  -1.0   |  -8.2   |
| 家用轻工 | 603899 | 晨光股份 | 445.9 |  40.4  | -0.8 |  -2.6   |  -8.1   |
| 家用轻工 | 002575 | 群兴玩具 | 27.2  | 391.9  | -1.4 |  -4.4   |  -8.2   |
| 家用轻工 | 300729 | 乐歌股份 | 35.8  |  49.6  | -1.6 |  -1.0   |  -7.7   |
| 家用轻工 | 605099 | 共创草坪 | 97.6  |  28.6  | -1.8 |  -0.9   |  -8.2   |
| 家用轻工 | 002678 | 珠江钢琴 | 73.9  |  34.8  | -2.2 |  -2.0   |  -4.7   |
| 家用轻工 | 002862 | 实丰文化 | 13.0  | 168.5  | -2.8 |  -1.3   |  -3.4   |
| 家用轻工 | 002899 |  英派斯  | 14.1  | 264.5  | -3.0 |  -1.1   |  -3.2   |
| 家用轻工 | 600439 |  瑞贝卡  | 30.6  |  59.8  | -3.2 |  -1.8   |  -2.5   |
| 家用轻工 | 300651 | 金陵体育 | 30.0  | 293.3  | -3.4 |  -2.5   |  -6.8   |
| 家用轻工 | 300329 | 海伦钢琴 | 16.3  |  64.7  | -3.4 |  -2.3   |  -7.9   |
| 家用轻工 | 603848 |  好太太  | 62.6  |  34.5  | -3.7 |  -7.9   |  -1.0   |
| 家用轻工 | 603398 | 沐邦高科 | 95.7  | -262.5 | -4.2 |   2.8   |  -1.6   |
| 家用轻工 | 605299 | 舒华体育 | 40.7  |  76.7  | -4.3 |  -5.1   |  -11.1  |
| 家用轻工 | 002571 | 德力股份 | 25.4  | 246.5  | -4.6 |  -3.1   |  -9.2   |
| 家用轻工 | 002103 | 广博股份 | 21.9  | -36.6  | -4.7 |  -4.7   |  -6.4   |
| 家用轻工 | 002489 | 浙江永强 | 75.1  |  13.7  | -4.7 |  -2.5   |  -5.0   |
| 家用轻工 | 002605 | 姚记科技 | 57.6  |  15.7  | -5.3 |  -5.0   |  -7.5   |
| 家用轻工 | 002348 | 高乐股份 | 20.7  | -10.4  | -6.0 |  -10.6  |  -30.7  |
| 家用轻工 | 002301 | 齐心集团 | 45.0  |  20.5  | -7.8 |  -2.4   |  -3.3   |
+----------+--------+----------+-------+--------+------+---------+---------+
