[行业>三日涨幅]
+--------------+--------+------------+--------+---------+------+---------+---------+
|     行业     |  代码  |    名称    |  市值  |   pe    | 涨幅 | 3日涨幅 | 6日涨幅 |
+--------------+--------+------------+--------+---------+------+---------+---------+
|   食品饮料   | 600191 |  *ST华资   |  25.4  |  -18.5  | 5.0  |  14.7   |   8.7   |
|   食品饮料   | 300791 |  仙乐健康  |  46.5  |  79.4   | 5.0  |   7.7   |   5.1   |
|   食品饮料   | 603517 |  XD绝味食  | 300.1  |  84.2   | 3.4  |   6.8   |   3.1   |
|   食品饮料   | 002557 |  洽洽食品  | 294.1  |  35.4   | 3.8  |   6.3   |   3.9   |
|   食品饮料   | 002216 |  三全食品  | 176.0  |  16.9   | 3.6  |   6.2   |   3.8   |
|   食品饮料   | 603027 |  千禾味业  | 149.4  |  67.6   | 3.1  |   6.0   |   2.1   |
|   食品饮料   | 002582 |   好想你   |  34.7  |  101.3  | 5.1  |   5.6   |   4.8   |
|   食品饮料   | 002702 |  海欣食品  |  28.8  |  37.2   | 4.2  |   5.5   |   1.2   |
|   食品饮料   | 603697 |  有友食品  |  38.4  |  44.8   | 4.0  |   4.9   |   2.6   |
|   食品饮料   | 605567 |  春雪食品  |  31.2  |  66.2   | 3.3  |   4.8   |   4.1   |
|   食品饮料   | 000895 |  双汇发展  | 1027.0 |  17.6   | 3.2  |   4.7   |   8.5   |
|   食品饮料   | 603777 |   来伊份   |  45.1  |  12.2   | 3.6  |   4.5   |   2.4   |
|   食品饮料   | 000529 |  广弘控股  |  40.9  |  20.5   | 5.1  |   4.0   |   2.6   |
|   食品饮料   | 002330 |   得利斯   |  49.6  |  40.5   | 4.2  |   3.9   |   5.7   |
|   食品饮料   | 605089 |   味知香   |  60.5  |  42.4   | 3.4  |   3.5   |  -0.6   |
|   食品饮料   | 300401 |  花园生物  |  82.8  |  13.7   | 3.4  |   2.2   |  -3.7   |
|   食品饮料   | 002719 |   麦趣尔   |  15.6  |  101.3  | 3.7  |   2.0   |  -1.0   |
|   食品饮料   | 605499 |  东鹏饮料  | 580.0  |  42.1   | 3.4  |   1.9   |  -1.3   |
|   食品饮料   | 603317 |  天味食品  | 170.1  |  42.3   | 3.4  |   0.9   |   0.2   |
|   食品饮料   | 000972 |  *ST中基   |  21.1  | -105.6  | 4.6  |   0.7   |  16.7   |
|   风电设备   | 300185 |  通裕重工  | 111.1  |  53.3   | 4.0  |   2.5   |   2.5   |
|   风电设备   | 300443 |  金雷股份  |  92.2  |  50.0   | 4.3  |   1.3   |  -1.0   |
|   风电设备   | 002531 |  天顺风能  | 260.1  |  199.9  | 4.0  |   0.9   |   2.8   |
|   风电设备   | 300772 |  运达股份  | 109.6  |  24.5   | 4.4  |   0.1   |   2.5   |
|   风电设备   | 002487 |  大金重工  | 174.6  |  70.0   | 5.5  |  -1.3   |  -1.5   |
|   风电设备   | 603063 |  禾望电气  | 129.9  |  48.5   | 3.9  |  -1.7   |  -0.7   |
|  非金属材料  | 600172 |  黄河旋风  | 130.1  |  113.2  | 5.7  |   6.5   |  10.3   |
|  非金属材料  | 603612 |  索通发展  | 133.6  |  21.1   | 5.5  |   1.0   |  14.6   |
|   铁路公路   | 603069 |  海汽集团  | 119.1  | -182.6  | 3.7  |  20.9   |  60.9   |
|   铁路公路   | 000828 |  东莞控股  | 108.8  |  16.0   | 3.1  |   8.7   |   6.0   |
|   铁路公路   | 600650 |  锦江在线  |  74.3  |   3.3   | 4.9  |   6.7   |   8.4   |
|   钢铁行业   | 002443 |  金洲管道  |  49.5  |  25.7   | 4.7  |   5.5   |   4.2   |
|   采掘行业   | 603505 |  金石资源  | 129.7  |  99.5   | 3.8  |  -1.8   |  10.0   |
|   酿酒行业   | 000860 |  顺鑫农业  | 183.2  |  43.9   | 3.2  |   7.5   |   3.4   |
|   造纸印刷   | 600966 |  博汇纸业  | 104.7  |  14.5   | 4.8  |   8.0   |   7.1   |
|   造纸印刷   | 600433 |  冠豪高新  |  67.3  |  44.0   | 3.7  |   5.2   |   3.1   |
|   造纸印刷   | 605377 |  华旺科技  |  54.7  |  12.2   | 5.0  |   4.2   |   3.8   |
|   造纸印刷   | 600235 |  民丰特纸  |  19.5  |  30.8   | 3.9  |   3.9   |   2.4   |
|   造纸印刷   | 002078 |  太阳纸业  | 327.3  |  12.1   | 4.1  |   3.9   |  -0.4   |
|   造纸印刷   | 002831 |  裕同科技  | 251.2  |  28.4   | 3.2  |   1.9   |   0.0   |
|   通用设备   | 688028 |   沃尔德   |  28.1  |  98.3   | 5.1  |   6.3   |   8.3   |
|   通用设备   | 603667 |  五洲新春  |  47.8  |  29.8   | 5.9  |   6.2   |   6.0   |
|   通用设备   | 300464 |  星徽股份  |  22.0  |  -20.5  | 4.7  |   5.8   |   2.5   |
|   通用设备   | 002026 |  山东威达  |  56.2  |  21.9   | 5.3  |   5.5   |  17.8   |
|   通用设备   | 300193 |  佳士科技  |  43.9  |  22.6   | 4.2  |   5.1   |   4.8   |
|   通用设备   | 000595 |  宝塔实业  |  63.8  | -121.0  | 3.1  |   4.7   |  -6.2   |
|   通用设备   | 300953 |  震裕科技  | 128.5  |  57.2   | 4.5  |   4.6   |  10.4   |
|   通用设备   | 002480 |  新筑股份  |  42.7  |  -13.4  | 3.7  |   3.9   |   6.5   |
|   通用设备   | 300554 |  三超新材  |  14.9  |  -66.0  | 3.2  |   3.7   |   9.2   |
|   通用设备   | 600481 |  双良节能  | 243.1  |  50.3   | 5.8  |   3.0   |  12.4   |
|   通用设备   | 300990 |  同飞股份  |  48.7  |  58.0   | 3.6  |   1.6   |  -0.4   |
|   通用设备   | 002046 |  国机精工  |  68.7  |  32.5   | 3.3  |   0.1   |   6.8   |
|   通用设备   | 688017 |  绿的谐波  | 136.4  |  93.4   | 3.7  |  -2.3   |  -0.6   |
|   通用设备   | 688059 |  华锐精密  |  54.6  |  34.4   | 3.1  |  -3.4   |  -7.1   |
|   通用设备   | 002943 |  宇晶股份  |  43.6  |  59.4   | 4.6  |  -6.0   |  -1.6   |
|   通信设备   | 002491 |  通鼎互联  |  60.7  |  24.8   | 3.2  |   4.0   |   3.0   |
|   通信设备   | 002902 |  铭普光磁  |  23.8  |  28.6   | 3.8  |   2.7   |   4.0   |
|   通信设备   | 688182 |  灿勤科技  |  61.0  |  82.5   | 3.8  |   1.7   |  -4.7   |
|   通信设备   | 600487 |  亨通光电  | 316.1  |  23.0   | 3.9  |   1.1   |   4.6   |
|   通信设备   | 300629 |   新劲刚   |  36.7  |  26.6   | 3.4  |   1.1   |   6.3   |
|   通信设备   | 002897 |  意华股份  |  79.0  |  44.0   | 3.5  |  -0.2   |  -7.5   |
|   通信设备   | 002935 |  天奥电子  |  60.1  | -124.2  | 3.8  |  -1.0   |  -0.3   |
|   通信设备   | 600522 |  中天科技  | 639.2  |  15.7   | 4.1  |  -1.2   |  -0.7   |
|   通信设备   | 600260 |  *ST凯乐   |  26.0  |  -7.2   | 4.8  |  -2.6   |  -3.7   |
|   通信服务   | 300571 |  平治信息  |  56.7  |  12.5   | 5.9  |   6.0   |   1.0   |
|   通信服务   | 300597 |  吉大通信  |  19.7  |  108.7  | 3.0  |   4.0   |   3.0   |
|   通信服务   | 300025 |  华星创业  |  18.8  | -277.9  | 3.8  |   3.8   |   1.9   |
|   通信服务   | 603602 |  纵横通信  |  20.7  |  -51.3  | 3.5  |   3.5   |   0.9   |
|   通信服务   | 002093 |  国脉科技  |  58.1  |  101.2  | 3.4  |   3.2   |   2.7   |
|   通信服务   | 002929 |  润建股份  |  76.6  |  18.7   | 4.5  |   1.5   |   3.2   |
|   通信服务   | 300921 |  南凌科技  |  25.5  |  47.5   | 3.3  |   0.9   |  -0.7   |
|   通信服务   | 300603 |  立昂技术  |  40.0  |  144.6  | 3.1  |   0.2   |  -0.3   |
|   软件开发   | 300559 |  佳发教育  |  47.3  |  78.1   | 4.4  |  11.9   |  19.7   |
|   软件开发   | 300624 |  万兴科技  |  41.4  | -291.0  | 5.7  |   5.9   |   3.3   |
|   软件开发   | 003007 |  直真科技  |  20.7  |  -18.4  | 5.8  |   5.1   |   0.5   |
|   软件开发   | 300249 |   依米康   |  43.8  |  517.4  | 4.5  |   4.5   |  -5.0   |
|   软件开发   | 688555 |  泽达易盛  |  12.5  |  -16.4  | 3.7  |   4.5   |   0.8   |
|   软件开发   | 300996 |  普联软件  |  35.5  |  -75.5  | 3.4  |   3.0   |   9.2   |
|   软件开发   | 300454 |   深信服   | 434.3  |  -21.0  | 4.0  |   2.8   |   2.0   |
|   软件开发   | 688060 |  云涌科技  |  29.2  |  120.2  | 3.1  |   2.7   |  -1.0   |
|   软件开发   | 300845 |  捷安高科  |  14.8  |  -38.0  | 3.5  |   1.7   |  -0.8   |
|   软件开发   | 688201 |  信安世纪  |  47.3  | -756.0  | 3.2  |   0.7   |  -2.2   |
|   软件开发   | 300075 |  数字政通  |  88.8  |  58.4   | 3.5  |   0.7   |   1.4   |
|   软件开发   | 688111 |  金山办公  | 954.6  |  95.2   | 3.4  |   0.4   |  -8.0   |
|   软件开发   | 300588 |  熙菱信息  |  20.9  |  -34.0  | 4.9  |   0.2   |  -2.4   |
|   软件开发   | 688118 |  普元信息  |  17.0  |  -20.6  | 3.5  |  -0.2   |  -5.3   |
|   贸易行业   | 002505 |  鹏都农牧  | 212.3  |  156.8  | 5.0  |   8.1   |   4.7   |
|    贵金属    | 600766 |  *ST园城   |  19.1  | -3341.2 | 5.1  |   7.7   |   1.6   |
|     证券     | 000712 |  锦龙股份  | 146.5  |  -17.5  | 5.8  |  14.8   |  14.1   |
|  计算机设备  | 300202 |   聚龙退   |  3.6   |  -8.1   | 4.8  |  26.9   |  -52.5  |
|  计算机设备  | 300551 |  古鳌科技  |  32.4  | -392.2  | 5.1  |   7.6   |   8.1   |
|  计算机设备  | 002512 |  达华智能  |  36.9  |  -24.0  | 3.5  |   7.0   |  15.0   |
|  计算机设备  | 300479 |  神思电子  |  33.6  | -179.1  | 3.4  |   4.7   |   0.4   |
|  计算机设备  | 002180 |   纳思达   | 695.3  |  39.4   | 4.5  |   3.9   |   1.3   |
|  计算机设备  | 002308 |  威创股份  |  34.4  |  58.2   | 3.3  |   2.4   |   3.0   |
|   装修装饰   | 002325 |  洪涛股份  |  36.1  |  -11.3  | 3.7  |   4.6   |   6.8   |
|   装修装饰   | 002247 |  聚力文化  |  21.4  | 2150.9  | 3.3  |   3.3   |  -0.4   |
|   装修装饰   | 605289 |  罗曼股份  |  22.2  |  220.8  | 3.7  |  -0.3   |   3.1   |
|   装修建材   | 603816 |  顾家家居  | 414.8  |  23.4   | 3.8  |  11.8   |   4.3   |
|   装修建材   | 603600 |  永艺股份  |  29.2  |  15.5   | 4.5  |   9.5   |  12.6   |
|   装修建材   | 002572 |   索菲亚   | 202.0  |  44.1   | 4.4  |   7.5   |   4.9   |
|   装修建材   | 603838 |  四通股份  |  20.6  | -288.1  | 4.2  |   2.2   |   0.8   |
|   船舶制造   | 601890 |  XD亚星锚  |  74.8  |  70.5   | 3.0  |   6.7   |   6.1   |
|   能源金属   | 603799 |  华友钴业  | 1357.0 |  28.1   | 4.4  |   0.5   |   3.3   |
|   美容护理   | 300957 |   贝泰妮   | 882.0  |  151.1  | 4.3  |   5.7   |   4.6   |
|   美容护理   | 603630 |  拉芳家化  |  32.9  | -321.2  | 3.8  |   5.0   |   0.8   |
|   美容护理   | 688363 |  华熙生物  | 689.5  |  86.3   | 3.5  |   1.7   |  -2.5   |
|   纺织服装   | 603518 |  锦泓集团  |  29.6  |  17.9   | 3.5  |   6.4   |   7.9   |
|   纺织服装   | 002494 |  华斯股份  |  15.7  | -100.7  | 3.2  |   3.5   |   2.2   |
|   纺织服装   | 603196 |  日播时尚  |  15.5  |  48.0   | 3.4  |   2.4   |   2.7   |
|   电网设备   | 603191 |  望变电气  |  63.6  |  43.4   | 4.9  |   5.3   |   1.4   |
|   电网设备   | 688676 |  金盘科技  |  91.2  |  54.4   | 5.1  |   4.8   |   5.7   |
|   电网设备   | 300286 |   安科瑞   |  51.8  |  41.0   | 3.7  |   4.2   |   1.5   |
|   电网设备   | 600973 |  宝胜股份  |  64.2  |  42.4   | 4.2  |   3.1   |  -0.4   |
|   电网设备   | 002112 |  三变科技  |  15.1  |  208.9  | 3.7  |   2.9   |   2.3   |
|   电网设备   | 688191 |  智洋创新  |  26.2  |  41.3   | 4.0  |   1.9   |   0.9   |
|   电网设备   | 603606 |  东方电缆  | 412.3  |  37.0   | 6.0  |   1.7   |   2.5   |
|   电网设备   | 688597 |  煜邦电力  |  25.1  |  109.3  | 3.4  |   1.5   |  -1.1   |
|   电网设备   | 688663 |   新风光   |  46.4  |  67.3   | 3.6  |   1.2   |  -0.1   |
|   电网设备   | 300069 |  金利华电  |  22.6  |  93.7   | 3.0  |   0.0   |  -1.2   |
|   电网设备   | 600885 |  宏发股份  | 402.2  |  36.0   | 5.0  |  -0.2   |   1.3   |
|   电源设备   | 002518 |   科士达   | 158.7  |  73.1   | 5.9  |  10.1   |  25.1   |
|   电源设备   | 300693 |  盛弘股份  |  54.0  |  58.7   | 3.4  |   2.7   |   7.9   |
|   电源设备   | 002534 |  西子洁能  | 106.7  |  66.4   | 3.4  |   0.6   |  -5.0   |
|   电源设备   | 300820 |  英杰电气  |  94.7  |  43.9   | 4.8  |  -0.6   |   2.8   |
|     电池     | 002245 |  蔚蓝锂芯  | 251.2  |  31.4   | 4.9  |   7.8   |   2.6   |
|     电池     | 688567 |  孚能科技  | 273.9  |  -28.1  | 3.9  |   0.8   |   0.9   |
|     电池     | 300568 |  星源材质  | 325.2  |  48.5   | 4.3  |   0.5   |   5.6   |
|     电池     | 600847 |  万里股份  |  25.8  |  -58.1  | 3.5  |  -0.2   |   6.4   |
|     电池     | 688006 |  杭可科技  | 288.1  |  76.9   | 4.8  |  -1.0   |   4.4   |
|     电池     | 688148 |  芳源股份  | 100.8  | -1109.8 | 3.1  |  -1.4   |   1.9   |
|     电池     | 688707 |  振华新材  | 275.5  |  20.1   | 4.2  |  -8.9   |   2.3   |
|     电机     | 002892 |   科力尔   |  36.7  |  57.6   | 4.1  |   2.4   |   0.5   |
|  电子化学品  | 300576 |  容大感光  |  55.9  |  135.2  | 3.6  |   3.9   |   6.2   |
|  电子化学品  | 300398 |  飞凯材料  | 117.1  |  21.1   | 3.3  |   3.3   |   5.9   |
|  电子化学品  | 300346 |  南大光电  | 175.0  |  54.2   | 3.5  |   3.2   |   3.6   |
|   电子元件   | 600478 |   科力远   | 112.4  |  89.0   | 3.4  |   4.2   |  10.6   |
|   电子元件   | 688025 |   杰普特   |  42.3  |  43.5   | 3.3  |   3.4   |   3.5   |
|   电子元件   | 603267 |  鸿远电子  | 305.0  |  29.5   | 3.5  |   2.4   |   2.6   |
|   电子元件   | 300220 |  金运激光  |  20.0  |  -69.0  | 5.6  |   2.2   |   2.2   |
|   电子元件   | 300726 |  宏达电子  | 233.3  |  33.2   | 3.3  |   1.9   |  -2.6   |
|   电子元件   | 688020 |  方邦股份  |  32.2  |  -64.0  | 3.9  |  -0.6   |  -2.8   |
|   电子元件   | 688778 |  厦钨新能  | 240.9  |  29.1   | 4.6  |  -1.3   |  -0.1   |
|   电子元件   | 603989 |  艾华集团  | 108.6  |  23.6   | 3.3  |  -1.7   |  -3.2   |
|   电子元件   | 600563 |  法拉电子  | 396.0  |  48.4   | 3.2  |  -1.8   |  -3.0   |
|   电子元件   | 002484 |  江海股份  | 185.2  |  39.4   | 3.2  |  -1.9   |  -0.2   |
|   电子元件   | 002579 |  中京电子  |  50.8  |  214.6  | 4.9  |  -2.3   |  17.2   |
|   电子元件   | 603920 |  世运电路  |  89.5  |  47.4   | 3.3  |  -2.5   |   1.5   |
|   电力行业   | 600868 |  梅雁吉祥  |  60.4  |  515.3  | 4.3  |  12.8   |   6.7   |
|   电力行业   | 600011 |  华能国际  | 1003.0 |  -26.2  | 4.6  |   4.8   |  -11.9  |
|   电力行业   | 600116 |  三峡水利  | 209.4  |  530.9  | 5.3  |   4.4   |   9.5   |
|   生物制品   | 002007 |  华兰生物  | 386.8  |  41.3   | 5.5  |  11.1   |   7.6   |
|   生物制品   | 000661 |  长春高新  | 775.8  |  17.0   | 3.5  |   8.3   |  10.3   |
|   生物制品   | 688046 |  药康生物  | 125.0  |  103.1  | 5.3  |   4.7   |  15.5   |
|   生物制品   | 300294 |  博雅生物  | 168.4  |  40.7   | 3.2  |   4.2   |   2.2   |
|   生物制品   | 688265 |  南模生物  |  50.0  |  89.8   | 5.1  |  -0.1   |   9.0   |
|   生物制品   | 300357 |  我武生物  | 239.9  |  65.4   | 3.3  |  -1.3   |  -0.2   |
|   珠宝首饰   | 600916 |  中国黄金  | 188.3  |  18.7   | 5.8  |   4.1   |   6.8   |
|   珠宝首饰   | 301177 |  迪阿股份  | 288.0  |  19.2   | 4.5  |   1.9   |  -0.9   |
|   环保行业   | 603603 |  *ST博天   |  22.6  |  -6.5   | 5.0  |  14.4   |  13.2   |
|   环保行业   | 688069 |   德林海   |  25.2  |  204.2  | 4.9  |   6.0   |   5.6   |
|   环保行业   | 002717 |  岭南股份  |  51.4  |  -21.5  | 4.8  |   5.5   |   2.4   |
|   环保行业   | 600388 |   ST龙净   | 139.3  |  19.6   | 3.4  |   5.4   |  15.8   |
|   环保行业   | 688156 |  路德环境  |  18.7  |  121.8  | 5.6  |   3.0   |   2.1   |
|   环保行业   | 300056 |  中创环保  |  24.6  |  146.0  | 4.2  |   2.2   |   7.6   |
|   物流行业   | 300350 |   华鹏飞   |  37.8  | 1159.7  | 3.1  |  10.2   |  15.9   |
|   物流行业   | 001317 |   三羊马   |  42.1  |  131.9  | 4.0  |   3.6   |   1.4   |
|   物流行业   | 603569 |  长久物流  |  50.0  | 3200.4  | 5.7  |   2.9   |  -8.4   |
|   物流行业   | 300873 |  海晨股份  |  56.5  |  15.6   | 3.5  |   2.2   |   1.2   |
|   物流行业   | 688211 |  中科微至  |  54.9  | -128.4  | 3.3  |   1.1   |  -1.8   |
|   物流行业   | 603066 |  音飞储存  |  30.2  |  34.7   | 3.5  |   0.5   |   1.1   |
|   物流行业   | 300013 |  新宁物流  |  21.4  |  90.7   | 3.2  |  -3.4   |  -1.0   |
|     燃气     | 603706 |  东方环宇  |  31.1  |  12.4   | 4.0  |   2.2   |   1.4   |
|     游戏     | 002445 |  中南文化  |  58.6  |  14.9   | 5.2  |  12.9   |  10.9   |
|     游戏     | 300043 |  星辉娱乐  |  37.2  |  -97.6  | 4.9  |   6.4   |   5.7   |
|     游戏     | 300113 |  顺网科技  |  75.6  |  60.3   | 3.9  |   4.9   |   1.4   |
|     游戏     | 300031 |  宝通科技  |  64.6  |  23.5   | 5.5  |   4.8   |   4.3   |
|     游戏     | 600633 |  XD浙数文  |  91.8  |  45.7   | 3.1  |   4.6   |   5.4   |
|     游戏     | 002555 |  三七互娱  | 507.0  |  16.7   | 4.4  |   4.5   |   3.9   |
|     游戏     | 002174 |  游族网络  |  86.8  |  27.1   | 3.0  |   4.2   |   1.8   |
|     游戏     | 002354 |  天娱数科  |  68.8  |  188.3  | 4.8  |   3.0   |   2.5   |
|     游戏     | 002517 |  恺英网络  | 122.9  |  12.4   | 4.8  |   2.7   |   3.8   |
|     游戏     | 300467 |  迅游科技  |  24.5  |  -32.1  | 3.7  |   1.9   |   1.5   |
|     游戏     | 300494 |  盛天网络  |  38.8  |  18.5   | 5.7  |   1.3   |  -1.9   |
|     游戏     | 300299 |  富春股份  |  42.1  |  86.2   | 3.6  |   0.2   |  -3.9   |
|     游戏     | 002425 |  凯撒文化  |  52.8  |  79.9   | 4.3  |  -0.4   |  -2.6   |
|   消费电子   | 688036 |  传音控股  | 812.1  |  25.5   | 5.3  |   3.4   |  -2.9   |
|   消费电子   | 300822 |  贝仕达克  |  25.4  |  35.8   | 3.5  |   2.5   |   0.1   |
|   消费电子   | 002937 |  兴瑞科技  |  50.0  |  36.7   | 5.3  |   2.0   |  -1.2   |
|   消费电子   | 603327 |  福蓉科技  |  70.8  |  18.5   | 3.7  |   1.6   |   5.1   |
|   消费电子   | 300602 |   飞荣达   |  61.4  |  -85.8  | 3.6  |   0.8   |   6.2   |
|   消费电子   | 002402 |   和而泰   | 164.4  |  57.5   | 3.4  |   0.3   |   2.8   |
|  汽车零部件  | 300643 |  万通智控  |  38.6  |  29.1   | 3.8  |   8.8   |  27.2   |
|  汽车零部件  | 603809 |  豪能股份  |  53.8  |  16.4   | 5.0  |   4.3   |   5.5   |
|  汽车零部件  | 603306 |  华懋科技  |  90.4  |  37.4   | 3.8  |   3.6   |   2.3   |
|  汽车零部件  | 002239 |   奥特佳   |  89.8  |  -34.7  | 4.9  |   3.4   |   6.5   |
|  汽车零部件  | 605333 |  沪光股份  |  90.8  |  321.9  | 3.8  |   3.0   |  10.8   |
|  汽车零部件  | 002921 |  联诚精密  |  19.2  |  50.0   | 3.8  |   1.9   |   1.4   |
|  汽车零部件  | 688071 |  华依科技  |  27.3  | -186.7  | 4.3  |   0.8   |  -0.1   |
|  汽车零部件  | 300742 |  越博动力  |  24.0  |  -36.3  | 4.1  |   0.5   |   3.3   |
|   汽车服务   | 600386 |  北巴传媒  |  35.8  |  124.7  | 5.0  |   2.1   |  11.0   |
|   汽车整车   | 601127 |  小康股份  | 957.1  |  -28.5  | 5.5  |   2.0   |   5.5   |
|   橡胶制品   | 600182 |  S*ST佳通  |  44.4  |  275.8  | 4.1  |  11.4   |  15.4   |
|   橡胶制品   | 300320 |  海达股份  |  82.0  |  50.9   | 3.4  |  10.0   |  18.1   |
|   有色金属   | 002806 |  华锋股份  |  26.5  |  95.3   | 4.6  |  14.1   |  10.4   |
|   有色金属   | 688257 |  新锐股份  |  37.8  |  25.6   | 3.5  |   3.7   |  -1.6   |
|   有色金属   | 603115 |  海星股份  |  54.2  |  21.2   | 3.4  |   1.6   |   0.7   |
|   旅游酒店   | 002059 |  云南旅游  |  72.8  | -196.8  | 4.7  |   6.4   |   2.7   |
|   旅游酒店   | 301073 |  君亭酒店  |  62.7  |  399.4  | 3.9  |   4.6   |  -0.6   |
|   旅游酒店   | 002306 |  中科云网  |  26.5  | -1063.0 | 3.6  |   4.0   |   4.3   |
|   旅游酒店   | 601007 |  金陵饭店  |  38.9  | -104.7  | 5.3  |   3.2   |  -1.7   |
|   旅游酒店   | 002159 |  三特索道  |  18.3  |  -21.0  | 3.3  |   3.2   |   1.5   |
|   旅游酒店   | 000610 |  西安旅游  |  21.4  |  -15.7  | 3.2  |   0.3   |   5.3   |
|   文化传媒   | 300071 |  华谊嘉信  |  29.3  |  32.1   | 5.0  |   7.4   |   6.7   |
|   文化传媒   | 603825 |  华扬联众  |  53.2  |  68.7   | 5.2  |   6.4   |  21.3   |
|   文化传媒   | 002292 |  奥飞娱乐  |  68.0  |  -55.5  | 5.0  |   5.0   |   0.0   |
|   文化传媒   | 000892 |  欢瑞世纪  |  29.3  |  59.4   | 4.9  |   4.9   |   1.0   |
|   文化传媒   | 300295 |  三六五网  |  18.3  |  86.6   | 3.5  |   4.8   |   4.1   |
|   文化传媒   | 300947 |  德必集团  |  25.4  |  24.8   | 4.7  |   4.7   |   3.5   |
|   文化传媒   | 300242 |  佳云科技  |  20.8  |  -30.1  | 5.5  |   4.5   |   2.8   |
|   文化传媒   | 300788 |  中信出版  |  40.1  |  24.5   | 4.5  |   4.5   |   4.9   |
|   文化传媒   | 300805 |  电声股份  |  34.3  | -155.2  | 3.2  |   4.2   |   3.7   |
|   文化传媒   | 300392 |  *ST腾信   |  11.4  |  -13.9  | 4.9  |   4.2   |  -5.1   |
|   文化传媒   | 300770 |  新媒股份  |  87.2  |  12.7   | 4.2  |   4.0   |   3.3   |
|   文化传媒   | 301025 |  读客文化  |  54.6  |  179.3  | 4.8  |   3.6   |   2.1   |
|   文化传媒   | 002343 |  慈文传媒  |  25.6  |  14.3   | 4.3  |   3.5   |   3.3   |
|   文化传媒   | 300426 |  唐德影视  |  29.8  |  -12.5  | 3.3  |   3.3   |   0.6   |
|   文化传媒   | 601921 |  浙版传媒  | 174.0  |  34.9   | 3.3  |   3.3   |   2.8   |
|   文化传媒   | 601811 |  新华文轩  | 114.0  |  16.9   | 3.8  |   3.2   |   2.1   |
|   文化传媒   | 603103 |  横店影视  |  71.7  |  23.8   | 3.8  |   3.1   |   1.1   |
|   文化传媒   | 002238 |  天威视讯  |  45.3  |  75.9   | 3.1  |   2.9   |   0.5   |
|   文化传媒   | 600576 |  祥源文化  |  33.0  |  267.3  | 3.3  |   2.7   |   0.2   |
|   文化传媒   | 600996 |  贵广网络  |  73.5  |  636.5  | 3.8  |   2.7   |  -1.4   |
|   文化传媒   | 002751 |  *ST易尚   |  10.3  |  -5.3   | 3.4  |   2.6   |  -6.2   |
|   文化传媒   | 002905 |  金逸影视  |  27.5  |  -16.5  | 4.0  |   2.4   |   0.7   |
|   文化传媒   | 300987 |  川网传媒  |  29.3  |  193.0  | 4.0  |   2.3   |  -2.2   |
|   文化传媒   | 603721 |  中广天择  |  16.1  | -379.0  | 4.0  |   2.2   |   1.7   |
|   文化传媒   | 300413 |  芒果超媒  | 672.1  |  33.1   | 3.0  |   2.1   |   3.0   |
|   文化传媒   | 002235 |  安妮股份  |  28.5  |  190.2  | 3.1  |   2.1   |   2.7   |
|   文化传媒   | 300781 |  因赛集团  |  19.3  |  39.0   | 4.6  |   0.7   |  -1.6   |
|   文化传媒   | 002858 |  力盛体育  |  17.6  |  -28.7  | 4.8  |   0.6   |   2.0   |
|   文化传媒   | 002400 |  省广集团  |  91.5  |  50.0   | 3.4  |   0.0   |   5.8   |
|   文化传媒   | 605577 |  龙版传媒  |  54.2  |   9.8   | 3.2  |   0.0   |  -7.7   |
|     教育     | 600880 |  博瑞传播  |  83.0  |  207.6  | 3.7  |  10.2   |  32.2   |
|     教育     | 600636 |  国新文化  |  36.7  |  440.7  | 5.8  |   4.3   |   5.4   |
|     教育     | 600455 |  博通股份  |  12.5  |  510.4  | 4.6  |   3.8   |   4.4   |
|     教育     | 300688 |  创业黑马  |  33.9  |  -43.5  | 4.7  |   3.7   |  10.0   |
|     教育     | 600730 |  XD中国高  |  36.2  |  834.0  | 3.4  |   3.0   |   4.2   |
|  房地产开发  | 000863 |  三湘印象  |  38.7  |  -35.0  | 4.2  |   5.2   |   2.2   |
|  房地产开发  | 000048 |  京基智农  |  98.3  |  -17.3  | 3.1  |   5.2   |   6.1   |
|  房地产开发  | 000558 |  莱茵体育  |  37.3  | -110.9  | 3.6  |   4.0   |   1.4   |
|   工程机械   | 300201 |  *ST海伦   |  22.1  |  16.9   | 4.4  |   5.0   |  -1.9   |
|   工程机械   | 603298 |  杭叉集团  | 119.3  |  15.7   | 5.1  |   4.2   |   1.4   |
|   工程机械   | 000680 |  山推股份  |  76.7  |   5.3   | 3.6  |   0.8   |   3.2   |
|   工程建设   | 600491 |  龙元建设  | 107.2  |  15.7   | 5.7  |  12.5   |   9.7   |
| 工程咨询服务 | 603860 |  中公高科  |  15.2  |  -91.2  | 4.0  |   5.3   |   2.4   |
| 工程咨询服务 | 300949 |  奥雅设计  |  22.8  |  -14.4  | 4.5  |   2.6   |  -1.0   |
|    小金属    | 603399 |  吉翔股份  | 130.6  | 1679.1  | 4.8  |   1.2   |   7.3   |
|    小金属    | 600615 |  *ST丰华   |  14.6  | -101.3  | 4.4  |   1.0   |   1.3   |
|    小金属    | 300811 |  铂科新材  |  94.5  |  73.2   | 4.9  |  -0.2   |   2.0   |
|   家电行业   | 002052 |  *ST同洲   |  15.0  |  -17.8  | 5.2  |  14.2   |  15.5   |
|   家电行业   | 300247 |  融捷健康  |  29.0  |  140.6  | 4.3  |   6.8   |   5.6   |
|   家电行业   | 002050 |  三花智控  | 785.7  |  43.4   | 4.3  |   5.7   |  14.8   |
|   家电行业   | 605555 |  德昌股份  |  65.4  |  27.2   | 4.5  |   5.6   |   3.4   |
|   家电行业   | 300911 |  亿田智能  |  65.9  |  37.0   | 5.1  |   5.2   |   3.1   |
|   家电行业   | 301187 |  欧圣电气  |  43.1  |  28.8   | 4.0  |   3.1   |   4.1   |
|   家电行业   | 600854 |  春兰股份  |  28.9  |  23.3   | 4.3  |   3.0   |  -0.2   |
|   家电行业   | 300160 |  秀强股份  |  49.9  |  20.9   | 4.5  |   0.6   |   3.5   |
|   家电行业   | 605117 |  德业股份  | 492.2  |  93.1   | 5.8  |   0.0   |   0.6   |
|   家电行业   | 688793 |   倍轻松   |  35.0  |  -88.4  | 4.6  |  -0.0   |  -5.5   |
|   家用轻工   | 002348 |  高乐股份  |  19.6  |  -9.8   | 4.5  |   4.5   |   3.0   |
|   家用轻工   | 605099 |  共创草坪  | 108.3  |  31.8   | 3.2  |   4.3   |   3.7   |
|   家用轻工   | 002301 |  齐心集团  |  44.9  |  20.4   | 3.2  |   3.6   |   1.5   |
|   家用轻工   | 300729 |  乐歌股份  |  38.1  |  52.8   | 3.4  |   3.3   |   3.3   |
|   家用轻工   | 002605 |  姚记科技  |  67.0  |  18.3   | 4.1  |   3.2   |   4.8   |
|   家用轻工   | 300640 |  德艺文创  |  16.2  |  49.0   | 3.1  |   2.7   |   0.7   |
|   家用轻工   | 002678 |  珠江钢琴  |  81.0  |  38.1   | 3.1  |   2.6   |   1.8   |
|   塑料制品   | 002324 |   普利特   | 143.1  |  146.4  | 3.2  |  16.0   |  21.9   |
|   塑料制品   | 603928 |  兴业股份  |  26.5  |  17.1   | 5.2  |   3.0   |   6.4   |
|   塑料制品   | 300487 |  蓝晓科技  | 192.1  |  59.7   | 3.6  |   2.6   |   3.6   |
|   塑料制品   | 603051 |  鹿山新材  |  52.0  |  39.7   | 3.3  |  -11.4  |  -5.4   |
|   商业百货   | 600122 |   ST宏图   |  22.5  |  -32.7  | 4.3  |   5.4   |   2.1   |
|   商业百货   | 600814 |  杭州解百  |  49.4  |  13.2   | 4.0  |   5.0   |   0.8   |
|   商业百货   | 002024 |   ST易购   | 219.7  |  -5.3   | 4.9  |   4.4   |  -0.8   |
|   商业百货   | 301078 |   孩子王   | 152.1  | -117.2  | 5.3  |   4.2   |   0.8   |
|   商业百货   | 600778 |  友好集团  |  20.2  |  43.6   | 5.0  |   3.2   |   1.9   |
|   商业百货   | 000058 |  深 赛 格  |  70.2  |  52.0   | 3.6  |   2.0   |  -3.1   |
|   商业百货   | 002336 |   人人乐   |  25.0  |  -8.3   | 3.1  |   1.2   |   0.2   |
|    半导体    | 300613 |   富瀚微   | 154.0  |  37.9   | 4.2  |   9.5   |   4.6   |
|    半导体    | 300458 |  全志科技  | 138.2  |  45.0   | 5.0  |   6.9   |   5.0   |
|    半导体    | 688052 |   纳芯微   | 338.5  |  100.4  | 4.2  |   6.0   |   3.1   |
|    半导体    | 300456 |  赛微电子  | 123.4  |  130.7  | 3.5  |   5.2   |  11.8   |
|    半导体    | 603005 |  晶方科技  | 143.6  |  39.0   | 4.2  |   4.9   |   1.5   |
|    半导体    | 688099 |  晶晨股份  | 441.0  |  40.8   | 4.1  |   4.2   |   1.0   |
|    半导体    | 300046 |  台基股份  |  43.8  |  107.3  | 5.0  |   3.6   |   2.4   |
|    半导体    | 688595 |  芯海科技  |  70.1  | 1734.7  | 4.2  |   3.2   |  -4.0   |
|    半导体    | 688508 |   芯朋微   |  85.7  |  63.7   | 3.0  |   2.5   |  -3.0   |
|    半导体    | 688049 |  炬芯科技  |  45.4  |  108.2  | 5.2  |   1.6   |   0.6   |
|    半导体    | 688230 |  芯导科技  |  57.1  |  47.8   | 3.4  |   1.4   |  -0.3   |
|    半导体    | 688589 |   力合微   |  42.9  |  79.5   | 5.1  |   1.1   |   0.8   |
|    半导体    | 688209 |   英集芯   | 107.7  |  46.3   | 4.3  |   0.8   |  -3.9   |
|    半导体    | 605111 |   新洁能   | 216.8  |  48.2   | 3.7  |   0.0   |  -1.7   |
|    半导体    | 688123 |  XD聚辰股  | 133.6  |  58.4   | 3.9  |  -0.9   |  -0.4   |
|    半导体    | 688002 |  XD睿创微  | 181.5  |  317.8  | 3.1  |  -2.0   |  -4.9   |
|    半导体    | 688037 |   芯源微   | 119.9  |  92.5   | 4.2  |  -2.7   |  -4.0   |
|    半导体    | 688711 |  宏微科技  |  87.6  |  179.2  | 4.8  |  -4.1   |  -3.9   |
|   医药商业   | 301263 |   泰恩康   |  58.0  |  26.9   | 3.5  |   4.1   |   3.7   |
|   医疗服务   | 000516 |  国际医学  | 216.9  |  -12.7  | 3.0  |   4.0   |   0.6   |
|   医疗服务   | 301096 |  百诚医药  |  79.2  |  101.4  | 4.0  |   3.6   |   3.9   |
|   医疗服务   | 600763 |  通策医疗  | 471.3  |  70.8   | 3.5  |   3.2   |  -1.2   |
|   医疗服务   | 002044 |  美年健康  | 207.8  |  -12.1  | 3.3  |   2.9   |   4.7   |
|   医疗服务   | 301111 |  粤万年青  |  39.9  |  76.1   | 3.3  |   1.8   |  -2.7   |
|   医疗服务   | 301033 |  迈普医学  |  24.3  |  84.6   | 5.0  |   1.1   |   1.7   |
|   医疗器械   | 300633 |  开立医疗  | 126.4  |  61.8   | 5.6  |  13.1   |  12.1   |
|   医疗器械   | 300238 |  冠昊生物  |  39.8  |  45.7   | 3.7  |  11.7   |  13.5   |
|   医疗器械   | 600587 |  新华医疗  |  87.6  |  17.2   | 3.5  |   5.9   |  10.9   |
|   医疗器械   | 300273 |  *ST和佳   |  16.0  |  -13.6  | 5.8  |   5.8   |  -3.4   |
|   医疗器械   | 603301 |  振德医疗  |  88.7  |  19.8   | 3.5  |   5.7   |   3.2   |
|   医疗器械   | 300049 |  福瑞股份  |  34.2  |  99.1   | 4.6  |   4.4   |   2.8   |
|   医疗器械   | 688580 |  伟思医疗  |  39.1  |  57.5   | 5.8  |   4.1   |  -0.3   |
|   医疗器械   | 300595 |  欧普康视  | 413.1  |  69.7   | 4.1  |   3.2   |   6.6   |
|   医疗器械   | 603987 |   康德莱   |  78.3  |  27.6   | 5.0  |   3.0   |   2.3   |
|   医疗器械   | 688050 |  爱博医疗  | 207.7  |  88.5   | 5.5  |   2.9   |  -1.1   |
|   医疗器械   | 688314 |  康拓医疗  |  27.9  |  38.7   | 4.1  |   2.6   |  -0.1   |
|   医疗器械   | 300653 |  正海生物  |  91.8  |  41.7   | 3.4  |   2.4   |  19.9   |
|   医疗器械   | 300326 |   凯利泰   |  56.6  |  18.8   | 3.0  |   1.9   |   2.9   |
|   医疗器械   | 002223 |  鱼跃医疗  | 253.2  |  13.6   | 3.0  |   1.3   |   3.0   |
|   医疗器械   | 688301 |  奕瑞科技  | 305.4  |  75.7   | 3.3  |   1.0   |   2.0   |
|   医疗器械   | 688626 |  翔宇医疗  |  53.1  |  140.0  | 4.1  |   0.5   |  -1.8   |
|   化学制药   | 600385 |  退市金泰  |  1.8   |  20.9   | 3.4  |  19.4   |  -63.1  |
|   化学制药   | 600521 |  华海药业  | 317.7  |  57.7   | 3.4  |   8.3   |  15.4   |
|   化学制药   | 603707 |  健友股份  | 378.2  |  28.6   | 3.2  |   8.2   |   5.8   |
|   化学制药   | 688221 | 前沿生物-U |  55.3  |  -23.3  | 3.6  |   6.2   |   4.5   |
|   化学制药   | 000931 |  中 关 村  |  50.2  | -192.8  | 4.7  |   5.2   |   5.5   |
|   化学制药   | 002102 |   ST冠福   |  91.9  |  19.9   | 5.1  |   4.5   |   3.6   |
|   化学制药   | 300630 |  普利制药  | 124.2  |  19.2   | 4.0  |   3.1   |   2.5   |
|   化学制药   | 603538 |   美诺华   |  65.8  |  14.3   | 3.7  |   3.1   |   2.3   |
|   化学制药   | 688166 |  XD博瑞医  |  94.6  |  38.9   | 4.6  |   2.2   |   1.9   |
|   化学制药   | 300705 |  九典制药  |  61.3  |  27.4   | 3.4  |   1.9   |  -1.3   |
|   化学制药   | 300725 |  药石科技  | 184.1  |  65.0   | 3.2  |   1.6   |   0.9   |
|   化学制药   | 300573 |  兴齐眼药  | 136.7  |  46.1   | 3.5  |   0.8   |   5.2   |
|   化学制药   | 300584 |  海辰药业  |  37.5  |  74.3   | 3.3  |  -0.6   |   0.9   |
|   化学制药   | 000915 |  华特达因  | 106.0  |  17.0   | 3.3  |  -3.5   |   3.0   |
|   化学制药   | 688578 |  艾力斯-U  |  96.8  | -106.7  | 4.1  |  -4.5   |  -13.3  |
|   化学制药   | 000756 |  新华制药  | 171.5  |  39.5   | 3.1  |  -4.8   |  -11.4  |
|   化学制药   | 300233 |  金城医药  | 127.1  |  28.2   | 4.6  |  -6.5   |   2.2   |
|   化学制品   | 605020 |  永和股份  |  71.8  |  24.7   | 3.9  |  14.6   |  20.1   |
|   化学制品   | 603026 |  石大胜华  | 291.2  |  16.2   | 3.1  |  12.9   |  21.0   |
|   化学制品   | 002709 |  天赐材料  | 1029.0 |  17.2   | 3.9  |   7.2   |  20.8   |
|   化学制品   | 688625 |  呈和科技  |  63.2  |  34.2   | 3.3  |   1.5   |   2.4   |
|   化学制品   | 688116 |  天奈科技  | 339.2  |  84.8   | 3.5  |  -1.0   |  -0.4   |
|   化学制品   | 688639 |  华恒生物  | 139.8  |  63.3   | 3.5  |  -3.0   |  22.6   |
|   化学制品   | 688196 |  卓越新能  |  91.6  |  22.9   | 3.2  |  -4.5   |   5.0   |
|   包装材料   | 000812 |  陕西金叶  |  49.1  |  188.9  | 5.3  |   8.9   |  13.1   |
|   包装材料   | 002701 |   奥瑞金   | 136.6  |  16.6   | 4.1  |   7.1   |   6.8   |
|   包装材料   | 603022 |   新通联   |  18.4  |  57.6   | 4.8  |   4.3   |   4.3   |
|   包装材料   | 002799 |  环球印务  |  29.7  |  27.1   | 5.1  |   3.2   |   8.7   |
|   农药兽药   | 300871 |  回盛生物  |  39.5  |  488.2  | 5.8  |  15.6   |  11.7   |
|   农药兽药   | 688526 |  科前生物  | 118.5  |  32.6   | 3.2  |  11.3   |  16.2   |
|   农药兽药   | 300796 |   贝斯美   |  28.9  |  23.4   | 3.2  |   2.9   |   5.2   |
|   农药兽药   | 002250 |  联化科技  | 150.9  |  50.9   | 3.7  |   0.3   |   2.7   |
|   农牧饲渔   | 002157 |  正邦科技  | 200.1  |  -2.1   | 4.3  |  14.4   |   3.4   |
|   农牧饲渔   | 300761 |  立华股份  | 166.9  |  -23.5  | 4.9  |  13.5   |  12.8   |
|   农牧饲渔   | 603363 |  傲农生物  | 158.4  |  -11.3  | 5.4  |  13.1   |  26.0   |
|   农牧饲渔   | 603609 |  禾丰股份  |  82.0  |  -16.0  | 4.2  |   8.3   |   5.5   |
|   农牧饲渔   | 300498 |  温氏股份  | 1305.0 |  -8.7   | 3.9  |   7.7   |  12.5   |
|   农牧饲渔   | 000876 |  新 希 望  | 707.7  |  -6.2   | 4.2  |   7.2   |   9.9   |
|   农牧饲渔   | 002234 |  民和股份  |  60.3  |  -8.2   | 4.4  |   6.8   |   9.6   |
|   农牧饲渔   | 002458 |  益生股份  |  93.1  |  -8.1   | 3.6  |   6.5   |   9.1   |
|   农牧饲渔   | 300094 |  国联水产  |  49.9  |  131.8  | 4.8  |   5.8   |   6.2   |
|   农牧饲渔   | 000735 |  罗 牛 山  |  78.0  |  -66.6  | 3.2  |   4.2   |   3.8   |
|   农牧饲渔   | 600965 |  福成股份  |  58.4  |  27.3   | 3.8  |   3.9   |   5.9   |
|   农牧饲渔   | 600265 |  *ST景谷   |  16.9  | -156.7  | 3.9  |   3.7   |  -9.7   |
|   农牧饲渔   | 605296 |  神农集团  | 134.8  |  -22.5  | 3.5  |   3.6   |   4.6   |
|   农牧饲渔   | 600257 |  大湖股份  |  27.1  |  -51.4  | 3.7  |   2.5   |   0.5   |
|   农牧饲渔   | 002299 |  圣农发展  | 236.0  |  -90.3  | 3.4  |   2.2   |   7.2   |
|   农牧饲渔   | 600540 |  新赛股份  |  32.3  |  -46.6  | 3.5  |   1.5   |   3.2   |
|   公用事业   | 600283 |  钱江水利  |  69.4  |  53.5   | 3.4  |  14.2   |  19.4   |
|  光学光电子  | 300708 |  聚灿光电  |  67.6  |  68.3   | 4.5  |   6.7   |   8.2   |
|  光学光电子  | 300545 |  联得装备  |  30.6  |  75.5   | 5.8  |   6.4   |   4.6   |
|  光学光电子  | 600703 |  三安光电  | 992.2  |  57.8   | 5.0  |   6.1   |   3.5   |
|  光学光电子  | 300303 |  聚飞光电  |  60.7  |  29.0   | 3.4  |   5.4   |   3.0   |
|  光学光电子  | 002955 |  鸿合科技  |  48.4  |  29.2   | 3.3  |   4.2   |   2.2   |
|  光学光电子  | 300331 |  苏大维格  |  44.1  |  -47.5  | 5.2  |   3.9   |   2.2   |
|  光学光电子  | 300582 |   英飞特   |  44.3  |  58.4   | 3.0  |   3.3   |   7.9   |
|  光学光电子  | 600363 |  联创光电  |  99.0  |  39.4   | 4.8  |   3.1   |   2.9   |
|  光学光电子  | 603297 |  永新光学  | 111.6  |  51.6   | 4.5  |   3.0   |   5.0   |
|  光学光电子  | 688011 |  新光光电  |  24.6  |  -69.4  | 4.3  |   2.5   |  -3.5   |
|  光学光电子  | 000020 |  深华发Ａ   |  26.4  |  111.6  | 3.6  |   2.4   |   2.0   |
|  光学光电子  | 300319 |  麦捷科技  |  76.8  |  43.9   | 3.2  |   2.2   |   1.6   |
|  光学光电子  | 300701 |  森霸传感  |  25.5  |  71.7   | 4.0  |   1.7   |   0.3   |
|  光学光电子  | 688195 |  腾景科技  |  29.7  |  71.7   | 4.4  |   1.6   |  -1.6   |
|  光学光电子  | 603703 |  盛洋科技  |  55.1  |  264.9  | 4.4  |  -15.4  |  -19.0  |
|   光伏设备   | 688348 |  昱能科技  | 307.0  |  249.9  | 4.9  |   7.8   |  32.3   |
|   光伏设备   | 300118 |  东方日升  | 263.4  |  30.9   | 5.5  |   5.7   |   6.8   |
|   光伏设备   | 600537 |  亿晶光电  |  54.5  | -117.0  | 3.8  |   3.1   |   4.8   |
|   光伏设备   | 002610 |  爱康科技  | 158.1  | -172.2  | 3.5  |   2.3   |   0.0   |
|   光伏设备   | 688680 |  海优新材  | 177.8  |  57.6   | 5.8  |   1.6   |  -4.7   |
|   光伏设备   | 603105 |  芯能科技  |  53.9  |  125.5  | 4.0  |   1.3   |   0.7   |
|   光伏设备   | 002309 |   ST中利   |  40.4  |  -15.9  | 5.0  |   1.3   |   6.2   |
|   光伏设备   | 603628 |  清源股份  |  33.1  |  139.3  | 3.1  |   0.5   |  -3.4   |
|   光伏设备   | 300274 |  阳光电源  | 1338.0 |  81.4   | 3.9  |   0.2   |  -3.0   |
|   光伏设备   | 002129 |  中环股份  | 1500.0 |  28.6   | 3.6  |   0.1   |   3.2   |
|   光伏设备   | 603806 |   福斯特   | 992.7  |  73.2   | 4.3  |   0.1   |  -6.9   |
|   光伏设备   | 301168 |  通灵股份  |  40.4  |  66.7   | 3.2  |  -2.7   |  -3.5   |
|   光伏设备   | 603396 |  金辰股份  |  89.0  |  79.7   | 4.7  |  -3.4   |   0.9   |
|   光伏设备   | 300842 |  帝科股份  |  48.5  |  66.1   | 4.7  |  -3.4   |   1.0   |
|   光伏设备   | 603185 |  上机数控  | 489.8  |  18.7   | 4.5  |  -3.9   |   2.9   |
|   光伏设备   | 688556 |  高测股份  | 164.1  |  42.4   | 3.4  |  -5.2   |   3.1   |
|   光伏设备   | 300763 |  锦浪科技  | 549.0  |  83.5   | 4.2  |  -9.1   |  -11.7  |
|   仪器仪表   | 603700 |  宁水集团  |  31.1  |  130.4  | 5.6  |   4.4   |   4.4   |
|   仪器仪表   | 300007 |  汉威科技  |  54.9  |  26.6   | 4.5  |   3.9   |   4.5   |
|   仪器仪表   | 300306 |  远方信息  |  29.2  |  59.6   | 4.2  |   3.3   |  -1.0   |
|   仪器仪表   | 688665 |  四方光电  |  92.2  |  53.6   | 5.1  |   2.6   |  -0.6   |
|   仪器仪表   | 002175 |  东方网络  |  41.8  |  119.9  | 3.5  |   2.5   |   5.8   |
|   交运设备   | 300994 |  久祺股份  |  63.6  |  37.4   | 4.2  |   6.4   |  13.6   |
|   交运设备   | 600495 |  晋西车轴  |  52.7  |  -39.2  | 5.8  |   4.8   |  -0.5   |
|  互联网服务  | 300248 |   新开普   |  49.2  |  -68.2  | 3.6  |   7.9   |   7.3   |
|  互联网服务  | 300846 |  首都在线  |  64.3  | -100.3  | 3.8  |   6.2   |   3.0   |
|  互联网服务  | 300785 |   值得买   |  37.3  |  -42.9  | 5.5  |   5.9   |  -2.5   |
|  互联网服务  | 301110 |  青木股份  |  29.3  |  45.7   | 4.0  |   4.4   |  -2.9   |
|  互联网服务  | 688316 | 青云科技-U |  17.9  |  -6.2   | 3.9  |   4.2   |  -0.3   |
|  互联网服务  | 300079 |  数码视讯  |  75.3  |  575.9  | 3.9  |   4.2   |   3.7   |
|  互联网服务  | 301085 |  亚康股份  |  25.9  |  37.8   | 3.3  |   4.0   |   1.5   |
|  互联网服务  | 300300 |  海峡创新  |  27.3  |  -16.1  | 3.6  |   3.6   |   2.3   |
|  互联网服务  | 300508 |  维宏股份  |  23.9  |  140.0  | 3.2  |   2.8   |   6.2   |
|  互联网服务  | 301001 |  凯淳股份  |  21.9  |  -59.0  | 3.8  |   0.9   |  -7.9   |
|  互联网服务  | 003010 |   若羽臣   |  20.1  |  142.2  | 3.6  |  -1.6   |  -9.5   |
|     中药     | 002390 |  信邦制药  | 125.7  |  42.8   | 5.6  |   4.7   |  12.3   |
|     中药     | 000423 |  东阿阿胶  | 227.5  |  49.6   | 3.7  |   4.7   |   6.6   |
|     中药     | 002750 |  龙津药业  |  50.1  | 1505.0  | 4.2  |   4.4   |  -0.5   |
|     中药     | 600211 |  西藏药业  |  98.3  |  14.1   | 3.4  |   4.1   |   4.2   |
|     中药     | 002603 |  以岭药业  | 382.1  |  19.7   | 4.2  |   3.9   |   0.8   |
|     中药     | 600085 |   同仁堂   | 703.6  |  44.0   | 3.5  |   3.1   |   9.8   |
|     中药     | 600771 |   广誉远   | 150.9  |  486.4  | 3.8  |   3.1   |   0.6   |
|     中药     | 300026 |  红日药业  | 178.7  |  18.8   | 4.9  |   2.4   |   2.6   |
|     中药     | 002728 |  特一药业  |  32.5  |  17.8   | 4.1  |   2.3   |   2.6   |
|     中药     | 300534 |  陇神戎发  |  30.0  | 1228.5  | 5.3  |   1.4   |   1.1   |
|     中药     | 603139 |  康惠制药  |  22.2  |  63.1   | 5.1  |  -0.7   |  11.1   |
|   专用设备   | 603416 |  信捷电气  |  48.0  |  16.1   | 4.4  |   7.5   |   8.4   |
|   专用设备   | 300879 |  大叶股份  |  43.0  |  17.7   | 4.8  |   6.5   |  15.0   |
|   专用设备   | 603583 |  捷昌驱动  | 133.3  |  44.0   | 4.2  |   5.5   |   1.7   |
|   专用设备   | 605288 |  凯迪股份  |  29.8  |  90.7   | 5.6  |   5.3   |  14.9   |
|   专用设备   | 603025 |  大豪科技  | 211.9  |  66.6   | 3.6  |   4.6   |   3.3   |
|   专用设备   | 301200 |  大族数控  | 238.5  |  32.6   | 4.8  |   4.3   |  11.0   |
|   专用设备   | 300472 |  新元科技  |  26.7  |  16.0   | 3.1  |   4.3   |   6.6   |
|   专用设备   | 688022 |  瀚川智能  |  62.8  |  988.9  | 5.3  |   4.0   |  15.0   |
|   专用设备   | 002786 |  银宝山新  |  31.8  |  -11.2  | 4.2  |   3.7   |   3.7   |
|   专用设备   | 002975 |  博杰股份  |  49.5  |  26.9   | 3.9  |   3.6   |   1.4   |
|   专用设备   | 688559 |   海目星   | 158.0  |  355.4  | 3.5  |   2.6   |  18.7   |
|   专用设备   | 300813 |  泰林生物  |  34.2  |  61.4   | 4.3  |   2.3   |  -0.2   |
|   专用设备   | 688518 |  联赢激光  |  97.3  |  163.1  | 3.5  |   2.0   |   1.1   |
|   专用设备   | 301011 |  华立科技  |  26.0  |  413.0  | 5.8  |   2.0   |  -2.0   |
|   专用设备   | 688700 |  东威科技  | 106.5  |  67.5   | 4.9  |   1.7   |   6.7   |
|   专用设备   | 603356 |  华菱精工  |  17.1  |  -79.7  | 4.3  |   1.6   |  -1.6   |
|   专用设备   | 688596 |  正帆科技  |  50.6  |  112.4  | 3.9  |   1.5   |   1.4   |
|   专用设备   | 688328 |   深科达   |  19.9  |  89.3   | 4.4  |   1.4   |  -16.5  |
|   专用设备   | 688698 |  伟创电气  |  34.1  |  28.4   | 4.2  |   1.1   |  -1.1   |
|   专用设备   | 688310 |  迈得医疗  |  18.2  |  189.6  | 3.4  |   0.7   |  -4.5   |
|   专用设备   | 002006 |  精功科技  | 126.3  |  125.1  | 5.0  |   0.7   |  11.3   |
|   专用设备   | 002529 |  海源复材  |  49.2  |  803.6  | 3.4  |   0.6   |  -7.2   |
|   专用设备   | 300484 |  蓝海华腾  |  26.1  |  49.3   | 3.2  |   0.3   |   4.5   |
|   专用设备   | 688090 |  瑞松科技  |  19.0  |  63.6   | 4.1  |   0.1   |  -3.1   |
|   专用设备   | 688097 |  博众精工  | 129.2  |  313.3  | 4.3  |  -0.2   |   1.2   |
|   专用设备   | 300776 |  帝尔激光  | 254.6  |  68.5   | 3.6  |  -2.5   |  -0.6   |
|   专用设备   | 300724 |  捷佳伟创  | 328.1  |  30.0   | 4.4  |  -3.6   |   8.9   |
|   专用设备   | 603800 |  道森股份  |  51.0  |  -61.0  | 4.4  |  -15.4  |  -12.3  |
|   专业服务   | 688133 |  泰坦科技  | 114.4  |  147.2  | 3.5  |   4.2   |  -3.9   |
|   专业服务   | 301080 |  百普赛斯  | 132.1  |  61.7   | 4.5  |   4.2   |  10.2   |
|   专业服务   | 300887 |  谱尼测试  | 108.0  |  490.1  | 3.6  |   1.3   |   0.3   |
|      —       | 830946 |  森萱医药  |  45.8  |  22.9   | 3.3  |   2.5   |  -5.9   |
|      —       | 835670 |   数字人   |  9.2   |  -42.4  | 3.7  |   0.9   |  -3.9   |
+--------------+--------+------------+--------+---------+------+---------+---------+
