[行业>市值]
+----------+--------+----------+--------+--------+------+---------+---------+
|   行业   |  代码  |   名称   |  市值  |   pe   | 涨幅 | 3日涨幅 | 6日涨幅 |
+----------+--------+----------+--------+--------+------+---------+---------+
| 医疗器械 | 300760 | 迈瑞医疗 | 3695.0 |  43.9  | -2.5 |   0.6   |   0.8   |
| 医疗器械 | 603392 | 万泰生物 | 1136.0 |  21.4  | -2.6 |   1.4   |   1.3   |
| 医疗器械 | 300529 | 健帆生物 | 373.2  |  27.8  | -3.2 |  -1.3   |   5.3   |
| 医疗器械 | 300595 | 欧普康视 | 371.9  |  62.8  | -4.0 |  -4.4   |  -5.1   |
| 医疗器械 | 300832 |  新产业  | 322.3  |  26.1  | -3.9 |  -6.8   |   0.9   |
| 医疗器械 | 300003 | 乐普医疗 | 310.8  |  14.2  | -3.3 |  -1.3   |  -2.7   |
| 医疗器械 | 002432 | 九安医疗 | 307.2  |  0.5   | 3.7  |   7.1   |   9.1   |
| 医疗器械 | 688301 | 奕瑞科技 | 303.1  |  75.1  | 1.2  |   1.9   |   7.1   |
| 医疗器械 | 688105 |  诺唯赞  | 301.8  |  17.5  | -1.6 |  -4.7   |   4.7   |
| 医疗器械 | 300676 | 华大基因 | 271.1  |  20.5  | -1.9 |  -2.6   |  -0.3   |
| 医疗器械 | 603658 | 安图生物 | 251.4  |  26.2  | -2.8 |  -0.4   |   0.9   |
| 医疗器械 | 002223 | 鱼跃医疗 | 241.2  |  13.0  | -1.9 |  -2.1   |   0.7   |
| 医疗器械 | 002030 | 达安基因 | 240.0  |  3.6   | -2.3 |  -2.8   |  -2.7   |
| 医疗器械 | 688139 | 海尔生物 | 233.7  |  51.5  | -4.9 |  -3.8   |   2.3   |
| 医疗器械 | 688298 | 东方生物 | 212.6  |  2.6   | -0.5 |  -0.1   |   3.8   |
| 医疗器械 | 300171 |  东富龙  | 202.4  |  23.9  | -4.8 |  -7.2   |  -6.2   |
| 医疗器械 | 688050 | 爱博医疗 | 200.8  |  85.5  | -4.3 |  -4.0   |  -5.0   |
| 医疗器械 | 688289 | 圣湘生物 | 187.1  |  7.2   | -2.9 |  -4.2   |  -1.9   |
| 医疗器械 | 688161 | 威高骨科 | 185.0  |  47.2  | 0.0  |  -2.5   |   4.2   |
| 医疗器械 | 300482 | 万孚生物 | 176.9  |  4.9   | -2.2 |   0.6   |   2.8   |
| 医疗器械 | 688198 | 佰仁医疗 | 166.1  | 305.1  | -3.0 |  -5.1   |  -0.0   |
| 医疗器械 | 688029 | 南微医学 | 156.4  |  90.1  | -1.1 |   0.5   |  16.2   |
| 医疗器械 | 300677 | 英科医疗 | 156.2  |  46.8  | -1.5 |   0.1   |   3.4   |
| 医疗器械 | 600529 | 山东药玻 | 155.3  |  25.4  | -4.4 |   3.3   |   0.3   |
| 医疗器械 | 688366 | 昊海生科 | 151.7  |  62.2  | -4.9 |  -6.7   |  -1.5   |
| 医疗器械 | 002901 | 大博医疗 | 145.5  |  32.6  | -3.0 |  -2.6   |   1.8   |
| 医疗器械 | 600055 | 万东医疗 | 141.3  | 143.4  | -3.6 |  -1.6   |  -1.0   |
| 医疗器械 | 688617 | 惠泰医疗 | 137.4  |  51.4  | -2.4 |  -5.9   |  -1.2   |
| 医疗器械 | 688016 | 心脉医疗 | 135.2  |  27.4  | -4.4 |  -4.3   |   2.3   |
| 医疗器械 | 301060 | 兰卫医学 | 133.7  |  18.9  | -3.0 |  -1.3   |  -4.6   |
| 医疗器械 | 605369 | 拱东医疗 | 123.5  |  32.5  | -1.7 |  -3.1   |  -1.2   |
| 医疗器械 | 688575 |  亚辉龙  | 116.4  |  5.7   | -2.5 |  -8.1   |  -2.9   |
| 医疗器械 | 300463 | 迈克生物 | 113.9  |  14.1  | -4.0 |  -4.9   |  -2.7   |
| 医疗器械 | 300685 | 艾德生物 | 113.7  |  53.0  | -3.5 |  -3.2   |   1.8   |
| 医疗器械 | 300633 | 开立医疗 | 110.5  |  54.1  | -2.0 |  -3.2   |  -0.6   |
| 医疗器械 | 688075 | 安旭生物 | 109.6  |  1.0   | 0.2  |   7.2   |  13.4   |
| 医疗器械 | 300869 | 康泰医学 | 106.0  |  36.1  | -2.9 |  -3.2   |   0.3   |
| 医疗器械 | 300298 | 三诺生物 | 106.0  |  40.6  | -4.5 |  -10.2  |  -4.9   |
| 医疗器械 | 002932 | 明德生物 | 101.3  |  1.8   | 0.7  |   2.5   |   3.2   |
| 医疗器械 | 300358 | 楚天科技 |  97.5  |  19.0  | -3.0 |  -7.0   |   2.7   |
| 医疗器械 | 300406 | 九强生物 |  94.9  |  24.2  | -3.2 |  -4.5   |  -2.6   |
| 医疗器械 | 300639 | 凯普生物 |  89.9  |  4.5   | 0.7  |   2.5   |  -0.7   |
| 医疗器械 | 002382 | 蓝帆医疗 |  88.3  | -42.1  | -2.6 |  -2.0   |  -1.1   |
| 医疗器械 | 603301 | 振德医疗 |  82.3  |  18.4  | -5.7 |   2.7   |   2.5   |
| 医疗器械 | 600587 | 新华医疗 |  78.1  |  15.3  | -1.9 |  -1.7   |  -1.8   |
| 医疗器械 | 002950 | 奥美医疗 |  76.6  |  12.1  | -2.7 |  -2.3   |   1.1   |
| 医疗器械 | 688317 | 之江生物 |  75.8  |  6.9   | 0.3  |  -4.6   |  -0.8   |
| 医疗器械 | 300653 | 正海生物 |  75.5  |  34.3  | -1.2 |  -0.2   |   3.7   |
| 医疗器械 | 688068 | 热景生物 |  75.2  |  3.1   | -1.6 |  -2.5   |   1.5   |
| 医疗器械 | 603987 |  康德莱  |  74.7  |  26.3  | -2.5 |  -2.3   |   3.4   |
| 医疗器械 | 301087 | 可孚医疗 |  74.0  |  36.9  | -2.7 |  -3.9   |  -0.1   |
| 医疗器械 | 688677 | 海泰新光 |  73.7  |  51.5  | -1.2 |  -0.3   |   5.0   |
| 医疗器械 | 300981 | 中红医疗 |  72.2  |  29.3  | -3.1 |  -7.5   |  -4.7   |
| 医疗器械 | 688399 | 硕世生物 |  70.7  |  2.8   | -1.2 |  -3.4   |  -1.4   |
| 医疗器械 | 688236 | 春立医疗 |  70.0  |  23.6  | -2.5 |  -4.7   |   3.9   |
| 医疗器械 | 688767 | 博拓生物 |  69.8  |  3.5   | -1.9 |  -4.8   |   3.9   |
| 医疗器械 | 688606 | 奥泰生物 |  69.1  |  1.6   | -1.0 |  -2.6   |   2.0   |
| 医疗器械 | 603387 | 基蛋生物 |  69.0  |  7.9   | -4.0 |   0.3   |   3.7   |
| 医疗器械 | 688389 | 普门科技 |  65.4  |  24.4  | -2.8 |  -6.1   |   2.2   |
| 医疗器械 | 301122 | 采纳股份 |  65.1  |  41.4  | -3.9 |   3.3   |   6.6   |
| 医疗器械 | 688212 | 澳华内镜 |  63.7  | 467.7  | 1.5  |  -0.2   |  12.5   |
| 医疗器械 | 688277 | 天智航-U |  56.4  | -49.0  | -4.8 |  -9.6   |   4.3   |
| 医疗器械 | 300206 | 理邦仪器 |  54.3  |  27.4  | -4.4 |  -2.6   |   0.8   |
| 医疗器械 | 300326 |  凯利泰  |  53.6  |  17.8  | -2.5 |  -1.8   |   1.5   |
| 医疗器械 | 688626 | 翔宇医疗 |  52.5  | 138.6  | -2.8 |  -6.2   |   7.0   |
| 医疗器械 | 688468 | 科美诊断 |  49.7  |  31.8  | -1.7 |  -3.4   |   8.0   |
| 医疗器械 | 300318 | 博晖创新 |  49.3  | -93.1  | -2.9 |  -3.5   |  -4.3   |
| 医疗器械 | 603122 | 合富中国 |  49.0  |  80.8  | -4.7 |  -6.3   |  -7.9   |
| 医疗器械 | 000710 | 贝瑞基因 |  46.1  | -96.5  | -2.8 |  -2.0   |   0.2   |
| 医疗器械 | 301093 | 华兰股份 |  44.2  |  35.5  | -1.9 |  -4.1   |   0.0   |
| 医疗器械 | 002022 | *ST 科华 |  44.0  |  49.3  | -3.9 |  -2.8   |  -0.3   |
| 医疗器械 | 300439 | 美康生物 |  43.8  |  15.8  | -3.0 |  -4.3   |  -1.9   |
| 医疗器械 | 688085 | 三友医疗 |  42.2  |  31.8  | -2.6 |  -4.5   |   5.0   |
| 医疗器械 | 300396 | 迪瑞医疗 |  40.7  |  16.7  | -2.2 |  -5.1   |  -0.5   |
| 医疗器械 | 603309 | 维力医疗 |  40.4  |  26.1  | -2.5 |  -3.6   |  -2.6   |
| 医疗器械 | 688613 | 奥精医疗 |  39.4  |  74.9  | -4.2 |  -8.6   |   7.8   |
| 医疗器械 | 688580 | 伟思医疗 |  38.1  |  56.0  | -5.0 |  -4.4   |  13.3   |
| 医疗器械 | 300453 | 三鑫医疗 |  36.5  |  19.2  | -3.2 |  -3.3   |  -1.6   |
| 医疗器械 | 002551 | 尚荣医疗 |  36.4  |  87.1  | -2.0 |  -0.9   |  -1.8   |
| 医疗器械 | 603976 | 正川股份 |  34.6  |  33.4  | -3.1 |  -2.6   |  -1.9   |
| 医疗器械 | 300238 | 冠昊生物 |  34.4  |  39.5  | -1.8 |  -1.5   |  -0.1   |
| 医疗器械 | 300642 | 透景生命 |  34.2  | 162.4  | -3.6 |  -4.1   |  -1.1   |
| 医疗器械 | 300289 |  利德曼  |  33.0  |  68.2  | -1.9 |  -2.4   |  -0.7   |
| 医疗器械 | 300049 | 福瑞股份 |  32.5  |  93.9  | -2.6 |  -2.9   |  -5.4   |
| 医疗器械 | 301097 | 天益医疗 |  30.4  |  84.3  | -2.6 |  -2.1   |   2.8   |
| 医疗器械 | 688358 | 祥生医疗 |  28.5  |  28.6  | -3.2 |  -5.3   |   4.4   |
| 医疗器械 | 300314 | 戴维医疗 |  28.3  |  73.8  | -2.6 |  -3.2   |  -0.6   |
| 医疗器械 | 688338 | 赛科希德 |  27.1  |  37.2  | -3.2 |  -6.4   |   3.7   |
| 医疗器械 | 688314 | 康拓医疗 |  27.1  |  37.6  | -3.0 |  -4.4   |   7.5   |
| 医疗器械 | 300246 |  宝莱特  |  25.3  |  45.4  | -2.9 |  -3.9   |  -1.8   |
| 医疗器械 | 688108 | 赛诺医疗 |  24.6  | -20.9  | -6.5 |  -6.1   |   2.7   |
| 医疗器械 | 688656 | XD浩欧博 |  24.4  |  45.1  | -2.4 |  -7.3   |   3.1   |
| 医疗器械 | 688217 | 睿昂基因 |  23.0  | -246.4 | -3.1 |  -5.4   |   5.9   |
| 医疗器械 | 688393 |  安必平  |  21.6  |  27.5  | -1.3 |  -1.9   |   4.0   |
| 医疗器械 | 300030 | 阳普医疗 |  20.9  | -13.9  | -3.0 |  -3.6   |  -2.9   |
| 医疗器械 | 002817 | 黄山胶囊 |  20.2  |  36.2  | -4.0 |   2.7   |   5.8   |
| 医疗器械 | 300562 | 乐心医疗 |  19.6  | 380.6  | -3.6 |  -4.4   |  -1.3   |
| 医疗器械 | 688607 | 康众医疗 |  17.7  | -61.4  | -2.8 |  -5.5   |  10.5   |
| 医疗器械 | 300753 | 爱朋医疗 |  16.9  | -38.5  | -2.3 |  -4.4   |  -1.8   |
| 医疗器械 | 603880 | 南卫股份 |  16.1  |  59.9  | -2.6 |  -2.8   |  -0.4   |
| 医疗器械 | 300273 | *ST和佳  |  15.7  | -13.3  | -5.3 |  -2.0   |  -5.3   |
| 医疗器械 | 688013 | 天臣医疗 |  15.3  |  52.7  | -2.4 |  -6.5   |   2.6   |
| 医疗器械 | 688067 | 爱威科技 |  14.8  |  63.3  | -3.5 |  -8.2   |   3.6   |
+----------+--------+----------+--------+--------+------+---------+---------+
 




 [行业>单日涨幅]
+----------+--------+----------+--------+--------+------+---------+---------+
|   行业   |  代码  |   名称   |  市值  |   pe   | 涨幅 | 3日涨幅 | 6日涨幅 |
+----------+--------+----------+--------+--------+------+---------+---------+
| 医疗器械 | 002432 | 九安医疗 | 307.2  |  0.5   | 3.7  |   7.1   |   9.1   |
| 医疗器械 | 688212 | 澳华内镜 |  63.7  | 467.7  | 1.5  |  -0.2   |  12.5   |
| 医疗器械 | 688301 | 奕瑞科技 | 303.1  |  75.1  | 1.2  |   1.9   |   7.1   |
| 医疗器械 | 300639 | 凯普生物 |  89.9  |  4.5   | 0.7  |   2.5   |  -0.7   |
| 医疗器械 | 002932 | 明德生物 | 101.3  |  1.8   | 0.7  |   2.5   |   3.2   |
| 医疗器械 | 688317 | 之江生物 |  75.8  |  6.9   | 0.3  |  -4.6   |  -0.8   |
| 医疗器械 | 688075 | 安旭生物 | 109.6  |  1.0   | 0.2  |   7.2   |  13.4   |
| 医疗器械 | 688161 | 威高骨科 | 185.0  |  47.2  | 0.0  |  -2.5   |   4.2   |
| 医疗器械 | 688298 | 东方生物 | 212.6  |  2.6   | -0.5 |  -0.1   |   3.8   |
| 医疗器械 | 688606 | 奥泰生物 |  69.1  |  1.6   | -1.0 |  -2.6   |   2.0   |
| 医疗器械 | 688029 | 南微医学 | 156.4  |  90.1  | -1.1 |   0.5   |  16.2   |
| 医疗器械 | 688399 | 硕世生物 |  70.7  |  2.8   | -1.2 |  -3.4   |  -1.4   |
| 医疗器械 | 688677 | 海泰新光 |  73.7  |  51.5  | -1.2 |  -0.3   |   5.0   |
| 医疗器械 | 300653 | 正海生物 |  75.5  |  34.3  | -1.2 |  -0.2   |   3.7   |
| 医疗器械 | 688393 |  安必平  |  21.6  |  27.5  | -1.3 |  -1.9   |   4.0   |
| 医疗器械 | 300677 | 英科医疗 | 156.2  |  46.8  | -1.5 |   0.1   |   3.4   |
| 医疗器械 | 688068 | 热景生物 |  75.2  |  3.1   | -1.6 |  -2.5   |   1.5   |
| 医疗器械 | 688105 |  诺唯赞  | 301.8  |  17.5  | -1.6 |  -4.7   |   4.7   |
| 医疗器械 | 605369 | 拱东医疗 | 123.5  |  32.5  | -1.7 |  -3.1   |  -1.2   |
| 医疗器械 | 688468 | 科美诊断 |  49.7  |  31.8  | -1.7 |  -3.4   |   8.0   |
| 医疗器械 | 300238 | 冠昊生物 |  34.4  |  39.5  | -1.8 |  -1.5   |  -0.1   |
| 医疗器械 | 688767 | 博拓生物 |  69.8  |  3.5   | -1.9 |  -4.8   |   3.9   |
| 医疗器械 | 600587 | 新华医疗 |  78.1  |  15.3  | -1.9 |  -1.7   |  -1.8   |
| 医疗器械 | 301093 | 华兰股份 |  44.2  |  35.5  | -1.9 |  -4.1   |   0.0   |
| 医疗器械 | 002223 | 鱼跃医疗 | 241.2  |  13.0  | -1.9 |  -2.1   |   0.7   |
| 医疗器械 | 300676 | 华大基因 | 271.1  |  20.5  | -1.9 |  -2.6   |  -0.3   |
| 医疗器械 | 300289 |  利德曼  |  33.0  |  68.2  | -1.9 |  -2.4   |  -0.7   |
| 医疗器械 | 300633 | 开立医疗 | 110.5  |  54.1  | -2.0 |  -3.2   |  -0.6   |
| 医疗器械 | 002551 | 尚荣医疗 |  36.4  |  87.1  | -2.0 |  -0.9   |  -1.8   |
| 医疗器械 | 300482 | 万孚生物 | 176.9  |  4.9   | -2.2 |   0.6   |   2.8   |
| 医疗器械 | 300396 | 迪瑞医疗 |  40.7  |  16.7  | -2.2 |  -5.1   |  -0.5   |
| 医疗器械 | 300753 | 爱朋医疗 |  16.9  | -38.5  | -2.3 |  -4.4   |  -1.8   |
| 医疗器械 | 002030 | 达安基因 | 240.0  |  3.6   | -2.3 |  -2.8   |  -2.7   |
| 医疗器械 | 688013 | 天臣医疗 |  15.3  |  52.7  | -2.4 |  -6.5   |   2.6   |
| 医疗器械 | 688656 | XD浩欧博 |  24.4  |  45.1  | -2.4 |  -7.3   |   3.1   |
| 医疗器械 | 688617 | 惠泰医疗 | 137.4  |  51.4  | -2.4 |  -5.9   |  -1.2   |
| 医疗器械 | 688575 |  亚辉龙  | 116.4  |  5.7   | -2.5 |  -8.1   |  -2.9   |
| 医疗器械 | 603987 |  康德莱  |  74.7  |  26.3  | -2.5 |  -2.3   |   3.4   |
| 医疗器械 | 300326 |  凯利泰  |  53.6  |  17.8  | -2.5 |  -1.8   |   1.5   |
| 医疗器械 | 688236 | 春立医疗 |  70.0  |  23.6  | -2.5 |  -4.7   |   3.9   |
| 医疗器械 | 300760 | 迈瑞医疗 | 3695.0 |  43.9  | -2.5 |   0.6   |   0.8   |
| 医疗器械 | 603309 | 维力医疗 |  40.4  |  26.1  | -2.5 |  -3.6   |  -2.6   |
| 医疗器械 | 002382 | 蓝帆医疗 |  88.3  | -42.1  | -2.6 |  -2.0   |  -1.1   |
| 医疗器械 | 688085 | 三友医疗 |  42.2  |  31.8  | -2.6 |  -4.5   |   5.0   |
| 医疗器械 | 603392 | 万泰生物 | 1136.0 |  21.4  | -2.6 |   1.4   |   1.3   |
| 医疗器械 | 300314 | 戴维医疗 |  28.3  |  73.8  | -2.6 |  -3.2   |  -0.6   |
| 医疗器械 | 300049 | 福瑞股份 |  32.5  |  93.9  | -2.6 |  -2.9   |  -5.4   |
| 医疗器械 | 301097 | 天益医疗 |  30.4  |  84.3  | -2.6 |  -2.1   |   2.8   |
| 医疗器械 | 603880 | 南卫股份 |  16.1  |  59.9  | -2.6 |  -2.8   |  -0.4   |
| 医疗器械 | 301087 | 可孚医疗 |  74.0  |  36.9  | -2.7 |  -3.9   |  -0.1   |
| 医疗器械 | 002950 | 奥美医疗 |  76.6  |  12.1  | -2.7 |  -2.3   |   1.1   |
| 医疗器械 | 688389 | 普门科技 |  65.4  |  24.4  | -2.8 |  -6.1   |   2.2   |
| 医疗器械 | 603658 | 安图生物 | 251.4  |  26.2  | -2.8 |  -0.4   |   0.9   |
| 医疗器械 | 688607 | 康众医疗 |  17.7  | -61.4  | -2.8 |  -5.5   |  10.5   |
| 医疗器械 | 688626 | 翔宇医疗 |  52.5  | 138.6  | -2.8 |  -6.2   |   7.0   |
| 医疗器械 | 000710 | 贝瑞基因 |  46.1  | -96.5  | -2.8 |  -2.0   |   0.2   |
| 医疗器械 | 688289 | 圣湘生物 | 187.1  |  7.2   | -2.9 |  -4.2   |  -1.9   |
| 医疗器械 | 300869 | 康泰医学 | 106.0  |  36.1  | -2.9 |  -3.2   |   0.3   |
| 医疗器械 | 300246 |  宝莱特  |  25.3  |  45.4  | -2.9 |  -3.9   |  -1.8   |
| 医疗器械 | 300318 | 博晖创新 |  49.3  | -93.1  | -2.9 |  -3.5   |  -4.3   |
| 医疗器械 | 688198 | 佰仁医疗 | 166.1  | 305.1  | -3.0 |  -5.1   |  -0.0   |
| 医疗器械 | 688314 | 康拓医疗 |  27.1  |  37.6  | -3.0 |  -4.4   |   7.5   |
| 医疗器械 | 002901 | 大博医疗 | 145.5  |  32.6  | -3.0 |  -2.6   |   1.8   |
| 医疗器械 | 300030 | 阳普医疗 |  20.9  | -13.9  | -3.0 |  -3.6   |  -2.9   |
| 医疗器械 | 300358 | 楚天科技 |  97.5  |  19.0  | -3.0 |  -7.0   |   2.7   |
| 医疗器械 | 301060 | 兰卫医学 | 133.7  |  18.9  | -3.0 |  -1.3   |  -4.6   |
| 医疗器械 | 300439 | 美康生物 |  43.8  |  15.8  | -3.0 |  -4.3   |  -1.9   |
| 医疗器械 | 300981 | 中红医疗 |  72.2  |  29.3  | -3.1 |  -7.5   |  -4.7   |
| 医疗器械 | 688217 | 睿昂基因 |  23.0  | -246.4 | -3.1 |  -5.4   |   5.9   |
| 医疗器械 | 603976 | 正川股份 |  34.6  |  33.4  | -3.1 |  -2.6   |  -1.9   |
| 医疗器械 | 300529 | 健帆生物 | 373.2  |  27.8  | -3.2 |  -1.3   |   5.3   |
| 医疗器械 | 688358 | 祥生医疗 |  28.5  |  28.6  | -3.2 |  -5.3   |   4.4   |
| 医疗器械 | 688338 | 赛科希德 |  27.1  |  37.2  | -3.2 |  -6.4   |   3.7   |
| 医疗器械 | 300406 | 九强生物 |  94.9  |  24.2  | -3.2 |  -4.5   |  -2.6   |
| 医疗器械 | 300453 | 三鑫医疗 |  36.5  |  19.2  | -3.2 |  -3.3   |  -1.6   |
| 医疗器械 | 300003 | 乐普医疗 | 310.8  |  14.2  | -3.3 |  -1.3   |  -2.7   |
| 医疗器械 | 688067 | 爱威科技 |  14.8  |  63.3  | -3.5 |  -8.2   |   3.6   |
| 医疗器械 | 300685 | 艾德生物 | 113.7  |  53.0  | -3.5 |  -3.2   |   1.8   |
| 医疗器械 | 300562 | 乐心医疗 |  19.6  | 380.6  | -3.6 |  -4.4   |  -1.3   |
| 医疗器械 | 300642 | 透景生命 |  34.2  | 162.4  | -3.6 |  -4.1   |  -1.1   |
| 医疗器械 | 600055 | 万东医疗 | 141.3  | 143.4  | -3.6 |  -1.6   |  -1.0   |
| 医疗器械 | 300832 |  新产业  | 322.3  |  26.1  | -3.9 |  -6.8   |   0.9   |
| 医疗器械 | 301122 | 采纳股份 |  65.1  |  41.4  | -3.9 |   3.3   |   6.6   |
| 医疗器械 | 002022 | *ST 科华 |  44.0  |  49.3  | -3.9 |  -2.8   |  -0.3   |
| 医疗器械 | 002817 | 黄山胶囊 |  20.2  |  36.2  | -4.0 |   2.7   |   5.8   |
| 医疗器械 | 300463 | 迈克生物 | 113.9  |  14.1  | -4.0 |  -4.9   |  -2.7   |
| 医疗器械 | 300595 | 欧普康视 | 371.9  |  62.8  | -4.0 |  -4.4   |  -5.1   |
| 医疗器械 | 603387 | 基蛋生物 |  69.0  |  7.9   | -4.0 |   0.3   |   3.7   |
| 医疗器械 | 688613 | 奥精医疗 |  39.4  |  74.9  | -4.2 |  -8.6   |   7.8   |
| 医疗器械 | 688050 | 爱博医疗 | 200.8  |  85.5  | -4.3 |  -4.0   |  -5.0   |
| 医疗器械 | 688016 | 心脉医疗 | 135.2  |  27.4  | -4.4 |  -4.3   |   2.3   |
| 医疗器械 | 300206 | 理邦仪器 |  54.3  |  27.4  | -4.4 |  -2.6   |   0.8   |
| 医疗器械 | 600529 | 山东药玻 | 155.3  |  25.4  | -4.4 |   3.3   |   0.3   |
| 医疗器械 | 300298 | 三诺生物 | 106.0  |  40.6  | -4.5 |  -10.2  |  -4.9   |
| 医疗器械 | 603122 | 合富中国 |  49.0  |  80.8  | -4.7 |  -6.3   |  -7.9   |
| 医疗器械 | 300171 |  东富龙  | 202.4  |  23.9  | -4.8 |  -7.2   |  -6.2   |
| 医疗器械 | 688277 | 天智航-U |  56.4  | -49.0  | -4.8 |  -9.6   |   4.3   |
| 医疗器械 | 688139 | 海尔生物 | 233.7  |  51.5  | -4.9 |  -3.8   |   2.3   |
| 医疗器械 | 688366 | 昊海生科 | 151.7  |  62.2  | -4.9 |  -6.7   |  -1.5   |
| 医疗器械 | 688580 | 伟思医疗 |  38.1  |  56.0  | -5.0 |  -4.4   |  13.3   |
| 医疗器械 | 300273 | *ST和佳  |  15.7  | -13.3  | -5.3 |  -2.0   |  -5.3   |
| 医疗器械 | 603301 | 振德医疗 |  82.3  |  18.4  | -5.7 |   2.7   |   2.5   |
| 医疗器械 | 688108 | 赛诺医疗 |  24.6  | -20.9  | -6.5 |  -6.1   |   2.7   |
+----------+--------+----------+--------+--------+------+---------+---------+
