[行业>市值]
+----------+--------+----------+-------+--------+------+---------+---------+
|   行业   |  代码  |   名称   | 市值  |   pe   | 涨幅 | 3日涨幅 | 6日涨幅 |
+----------+--------+----------+-------+--------+------+---------+---------+
| 多元金融 | 000617 | 中油资本 | 611.9 |  8.9   | 0.0  |   0.0   |   0.6   |
| 多元金融 | 600705 | 中航产融 | 306.8 | 669.7  | 0.0  |   0.9   |   2.4   |
| 多元金融 | 000987 | 越秀金控 | 296.9 |  12.7  | -0.2 |   0.8   |   2.4   |
| 多元金融 | 600927 | 永安期货 | 284.1 | 217.9  | -1.2 |  -0.7   |   3.1   |
| 多元金融 | 600816 |  ST安信  | 230.8 | -12.1  | 0.7  |   1.2   |   0.7   |
| 多元金融 | 600390 | 五矿资本 | 217.3 |  7.7   | -0.2 |   0.2   |   1.5   |
| 多元金融 | 002423 | 中粮资本 | 161.5 | -11.8  | -0.4 |  -1.5   |  -2.0   |
| 多元金融 | 600901 | 江苏租赁 | 148.1 |  6.0   | 0.6  |  -0.6   |   0.0   |
| 多元金融 | 000567 | 海德股份 | 140.2 |  27.5  | 0.5  |   3.3   |  10.2   |
| 多元金融 | 000415 | 渤海租赁 | 132.3 |  -4.5  | -0.9 |  -0.5   |   0.0   |
| 多元金融 | 000563 | 陕国投Ａ  | 124.1 |  17.6  | 3.0  |   3.0   |   4.3   |
| 多元金融 | 600120 | 浙江东方 | 111.8 |  70.0  | -1.3 |  -2.0   |   0.8   |
| 多元金融 | 600643 | 爱建集团 | 98.8  |  8.3   | -0.2 |  -0.3   |  -0.3   |
| 多元金融 | 000046 | 泛海控股 | 75.9  |  -2.4  | -1.4 |  -0.7   |  -2.0   |
| 多元金融 | 600053 | 九鼎投资 | 75.3  |  42.4  | 3.5  |   3.1   |   0.5   |
| 多元金融 | 002961 | 瑞达期货 | 74.5  |  19.5  | -1.1 |  -1.8   |   2.5   |
| 多元金融 | 603093 | 南华期货 | 62.5  |  55.6  | -1.8 |  -2.0   |   1.7   |
| 多元金融 | 000666 | 经纬纺机 | 61.1  |  11.2  | -0.3 |  -2.1   |   0.5   |
| 多元金融 | 600318 | 新力金融 | 38.9  | 423.3  | 3.5  |   5.0   |   3.8   |
| 多元金融 | 002647 | 仁东控股 | 37.9  | -46.0  | -6.1 |   2.6   |   1.5   |
| 多元金融 | 600830 | 香溢融通 | 26.9  |  56.0  | -1.7 |  -3.7   |  -2.3   |
| 多元金融 | 000416 | 民生控股 | 19.7  | -106.1 | 0.8  |   3.9   |   0.8   |
| 多元金融 | 300309 | *ST吉艾  | 17.1  |  -3.8  | 2.7  |  22.9   |  32.2   |
| 多元金融 | 600599 |  ST熊猫  | 16.4  |  11.3  | -0.1 |  -7.4   |  -2.5   |
| 多元金融 | 600139 | *ST西源  | 14.2  |  -9.7  | 4.9  |   0.9   |  10.3   |
| 多元金融 | 600093 | 退市易见 |  4.5  |  -1.0  | -2.4 |  -2.4   |  -2.4   |
| 多元金融 | 600695 | 退市绿庭 |  3.6  | 168.3  | 0.0  |  -1.9   |  -3.8   |
+----------+--------+----------+-------+--------+------+---------+---------+
 




 [行业>单日涨幅]
+----------+--------+----------+-------+--------+------+---------+---------+
|   行业   |  代码  |   名称   | 市值  |   pe   | 涨幅 | 3日涨幅 | 6日涨幅 |
+----------+--------+----------+-------+--------+------+---------+---------+
| 多元金融 | 600139 | *ST西源  | 14.2  |  -9.7  | 4.9  |   0.9   |  10.3   |
| 多元金融 | 600318 | 新力金融 | 38.9  | 423.3  | 3.5  |   5.0   |   3.8   |
| 多元金融 | 600053 | 九鼎投资 | 75.3  |  42.4  | 3.5  |   3.1   |   0.5   |
| 多元金融 | 000563 | 陕国投Ａ  | 124.1 |  17.6  | 3.0  |   3.0   |   4.3   |
| 多元金融 | 300309 | *ST吉艾  | 17.1  |  -3.8  | 2.7  |  22.9   |  32.2   |
| 多元金融 | 000416 | 民生控股 | 19.7  | -106.1 | 0.8  |   3.9   |   0.8   |
| 多元金融 | 600816 |  ST安信  | 230.8 | -12.1  | 0.7  |   1.2   |   0.7   |
| 多元金融 | 600901 | 江苏租赁 | 148.1 |  6.0   | 0.6  |  -0.6   |   0.0   |
| 多元金融 | 000567 | 海德股份 | 140.2 |  27.5  | 0.5  |   3.3   |  10.2   |
| 多元金融 | 000617 | 中油资本 | 611.9 |  8.9   | 0.0  |   0.0   |   0.6   |
| 多元金融 | 600705 | 中航产融 | 306.8 | 669.7  | 0.0  |   0.9   |   2.4   |
| 多元金融 | 600695 | 退市绿庭 |  3.6  | 168.3  | 0.0  |  -1.9   |  -3.8   |
| 多元金融 | 600599 |  ST熊猫  | 16.4  |  11.3  | -0.1 |  -7.4   |  -2.5   |
| 多元金融 | 600643 | 爱建集团 | 98.8  |  8.3   | -0.2 |  -0.3   |  -0.3   |
| 多元金融 | 600390 | 五矿资本 | 217.3 |  7.7   | -0.2 |   0.2   |   1.5   |
| 多元金融 | 000987 | 越秀金控 | 296.9 |  12.7  | -0.2 |   0.8   |   2.4   |
| 多元金融 | 000666 | 经纬纺机 | 61.1  |  11.2  | -0.3 |  -2.1   |   0.5   |
| 多元金融 | 002423 | 中粮资本 | 161.5 | -11.8  | -0.4 |  -1.5   |  -2.0   |
| 多元金融 | 000415 | 渤海租赁 | 132.3 |  -4.5  | -0.9 |  -0.5   |   0.0   |
| 多元金融 | 002961 | 瑞达期货 | 74.5  |  19.5  | -1.1 |  -1.8   |   2.5   |
| 多元金融 | 600927 | 永安期货 | 284.1 | 217.9  | -1.2 |  -0.7   |   3.1   |
| 多元金融 | 600120 | 浙江东方 | 111.8 |  70.0  | -1.3 |  -2.0   |   0.8   |
| 多元金融 | 000046 | 泛海控股 | 75.9  |  -2.4  | -1.4 |  -0.7   |  -2.0   |
| 多元金融 | 600830 | 香溢融通 | 26.9  |  56.0  | -1.7 |  -3.7   |  -2.3   |
| 多元金融 | 603093 | 南华期货 | 62.5  |  55.6  | -1.8 |  -2.0   |   1.7   |
| 多元金融 | 600093 | 退市易见 |  4.5  |  -1.0  | -2.4 |  -2.4   |  -2.4   |
| 多元金融 | 002647 | 仁东控股 | 37.9  | -46.0  | -6.1 |   2.6   |   1.5   |
+----------+--------+----------+-------+--------+------+---------+---------+
