[行业>市值]
+----------+--------+----------+--------+--------+------+---------+---------+
|   行业   |  代码  |   名称   |  市值  |   pe   | 涨幅 | 3日涨幅 | 6日涨幅 |
+----------+--------+----------+--------+--------+------+---------+---------+
| 工程机械 | 600031 | 三一重工 | 1479.0 |  23.2  | 0.3  |   0.2   |   2.7   |
| 工程机械 | 601100 | XD恒立液 | 688.6  |  32.6  | -0.8 |  -1.7   |   0.3   |
| 工程机械 | 000157 | 中联重科 | 517.2  |  14.3  | -1.0 |  -2.0   |   0.5   |
| 工程机械 | 000425 | 徐工机械 | 410.5  |  7.3   | -0.6 |  -1.7   |  -0.9   |
| 工程机械 | 603338 | 浙江鼎力 | 237.9  |  30.4  | -1.1 |  -1.0   |  -2.9   |
| 工程机械 | 688425 | 铁建重工 | 230.9  |  15.3  | -0.7 |  -3.6   |   1.4   |
| 工程机械 | 603638 | 艾迪精密 | 154.3  |  53.3  | -2.1 |  -4.7   |   0.4   |
| 工程机械 | 000528 | 柳    工 | 124.5  |  12.2  | -0.6 |  -0.8   |  -0.2   |
| 工程机械 | 603298 | 杭叉集团 | 116.6  |  15.3  | -0.9 |  -3.9   |  -4.7   |
| 工程机械 | 600761 | 安徽合力 |  76.2  |  9.8   | 0.7  |  -0.6   |  -1.4   |
| 工程机械 | 002204 | 大连重工 |  74.4  |  26.6  | -2.3 |  -0.8   |   3.8   |
| 工程机械 | 000680 | 山推股份 |  72.1  |  5.0   | -3.0 |  -2.8   |  -4.2   |
| 工程机械 | 600984 | 建设机械 |  70.8  | -32.8  | -2.7 |  -2.5   |  -2.8   |
| 工程机械 | 002097 | 山河智能 |  70.1  | -35.8  | -2.0 |  -1.7   |   1.1   |
| 工程机械 | 605305 | 中际联合 |  65.0  |  36.9  | -2.0 |  -4.9   |  -0.4   |
| 工程机械 | 601226 | 华电重工 |  58.4  | -13.4  | -5.8 |   0.6   |   4.4   |
| 工程机械 | 600815 | 厦工股份 |  50.7  | -663.5 | -2.7 |  -5.3   |  -3.7   |
| 工程机械 | 600375 | 汉马科技 |  49.9  |  -7.7  | -2.5 |  -3.8   |   0.3   |
| 工程机械 | 600817 | 宇通重工 |  48.4  |  14.3  | -6.2 |  -9.0   |  -4.5   |
| 工程机械 | 603611 | 诺力股份 |  43.2  |  15.0  | -2.5 |  -1.5   |   3.7   |
| 工程机械 | 300718 | 长盛轴承 |  37.8  |  31.2  | -1.9 |  -2.9   |  -0.3   |
| 工程机械 | 605389 | DR长龄液 |  34.3  |  20.3  | -2.3 |  -3.4   |   1.4   |
| 工程机械 | 301040 | 中环海陆 |  28.5  |  41.8  | -9.5 |  -4.9   |  -1.9   |
| 工程机械 | 002272 | 川润股份 |  23.2  |  59.8  | -8.6 |   1.5   |   6.2   |
| 工程机械 | 001288 | 运机集团 |  22.7  |  26.9  | -2.2 |  -4.4   |  -0.8   |
| 工程机械 | 300201 | *ST海伦  |  21.6  |  16.6  | -3.7 |  -2.4   |  -1.4   |
| 工程机械 | 300022 | 吉峰科技 |  18.5  | -221.7 | -4.7 |  -6.5   |  -7.2   |
+----------+--------+----------+--------+--------+------+---------+---------+
 




 [行业>单日涨幅]
+----------+--------+----------+--------+--------+------+---------+---------+
|   行业   |  代码  |   名称   |  市值  |   pe   | 涨幅 | 3日涨幅 | 6日涨幅 |
+----------+--------+----------+--------+--------+------+---------+---------+
| 工程机械 | 600761 | 安徽合力 |  76.2  |  9.8   | 0.7  |  -0.6   |  -1.4   |
| 工程机械 | 600031 | 三一重工 | 1479.0 |  23.2  | 0.3  |   0.2   |   2.7   |
| 工程机械 | 000425 | 徐工机械 | 410.5  |  7.3   | -0.6 |  -1.7   |  -0.9   |
| 工程机械 | 000528 | 柳    工 | 124.5  |  12.2  | -0.6 |  -0.8   |  -0.2   |
| 工程机械 | 688425 | 铁建重工 | 230.9  |  15.3  | -0.7 |  -3.6   |   1.4   |
| 工程机械 | 601100 | XD恒立液 | 688.6  |  32.6  | -0.8 |  -1.7   |   0.3   |
| 工程机械 | 603298 | 杭叉集团 | 116.6  |  15.3  | -0.9 |  -3.9   |  -4.7   |
| 工程机械 | 000157 | 中联重科 | 517.2  |  14.3  | -1.0 |  -2.0   |   0.5   |
| 工程机械 | 603338 | 浙江鼎力 | 237.9  |  30.4  | -1.1 |  -1.0   |  -2.9   |
| 工程机械 | 300718 | 长盛轴承 |  37.8  |  31.2  | -1.9 |  -2.9   |  -0.3   |
| 工程机械 | 605305 | 中际联合 |  65.0  |  36.9  | -2.0 |  -4.9   |  -0.4   |
| 工程机械 | 002097 | 山河智能 |  70.1  | -35.8  | -2.0 |  -1.7   |   1.1   |
| 工程机械 | 603638 | 艾迪精密 | 154.3  |  53.3  | -2.1 |  -4.7   |   0.4   |
| 工程机械 | 001288 | 运机集团 |  22.7  |  26.9  | -2.2 |  -4.4   |  -0.8   |
| 工程机械 | 002204 | 大连重工 |  74.4  |  26.6  | -2.3 |  -0.8   |   3.8   |
| 工程机械 | 605389 | DR长龄液 |  34.3  |  20.3  | -2.3 |  -3.4   |   1.4   |
| 工程机械 | 603611 | 诺力股份 |  43.2  |  15.0  | -2.5 |  -1.5   |   3.7   |
| 工程机械 | 600375 | 汉马科技 |  49.9  |  -7.7  | -2.5 |  -3.8   |   0.3   |
| 工程机械 | 600984 | 建设机械 |  70.8  | -32.8  | -2.7 |  -2.5   |  -2.8   |
| 工程机械 | 600815 | 厦工股份 |  50.7  | -663.5 | -2.7 |  -5.3   |  -3.7   |
| 工程机械 | 000680 | 山推股份 |  72.1  |  5.0   | -3.0 |  -2.8   |  -4.2   |
| 工程机械 | 300201 | *ST海伦  |  21.6  |  16.6  | -3.7 |  -2.4   |  -1.4   |
| 工程机械 | 300022 | 吉峰科技 |  18.5  | -221.7 | -4.7 |  -6.5   |  -7.2   |
| 工程机械 | 601226 | 华电重工 |  58.4  | -13.4  | -5.8 |   0.6   |   4.4   |
| 工程机械 | 600817 | 宇通重工 |  48.4  |  14.3  | -6.2 |  -9.0   |  -4.5   |
| 工程机械 | 002272 | 川润股份 |  23.2  |  59.8  | -8.6 |   1.5   |   6.2   |
| 工程机械 | 301040 | 中环海陆 |  28.5  |  41.8  | -9.5 |  -4.9   |  -1.9   |
+----------+--------+----------+--------+--------+------+---------+---------+
