[行业>市值]
+----------+--------+----------+-------+--------+-------+---------+---------+
|   行业   |  代码  |   名称   | 市值  |   pe   | 涨幅  | 3日涨幅 | 6日涨幅 |
+----------+--------+----------+-------+--------+-------+---------+---------+
| 家用轻工 | 603899 | 晨光股份 | 497.0 |  45.1  | -1.2  |  -4.4   |   4.7   |
| 家用轻工 | 001323 | 慕思股份 | 183.4 |  36.9  | -1.0  |  -6.6   |  -4.9   |
| 家用轻工 | 605099 | 共创草坪 | 109.6 |  32.1  |  2.4  |   2.6   |  -2.6   |
| 家用轻工 | 603398 | 沐邦高科 | 99.5  | -272.9 |  2.2  |   3.4   |   0.5   |
| 家用轻工 | 002489 | 浙江永强 | 80.5  |  14.7  |  3.6  |   1.6   |  -8.2   |
| 家用轻工 | 002678 | 珠江钢琴 | 77.8  |  36.7  | -1.2  |  -1.4   |  -1.6   |
| 家用轻工 | 301101 | 明月镜片 | 65.0  |  73.5  | -2.5  |  -5.8   |   7.9   |
| 家用轻工 | 002605 | 姚记科技 | 64.0  |  17.4  | -1.3  |  -5.2   |  -6.1   |
| 家用轻工 | 603848 |  好太太  | 59.3  |  32.7  | -10.0 |  -13.9  |  -17.2  |
| 家用轻工 | 002301 | 齐心集团 | 47.3  |  21.6  | -1.7  |  -2.3   |   1.3   |
| 家用轻工 | 605299 | 舒华体育 | 45.9  |  86.4  |  2.0  |   2.2   |  -0.1   |
| 家用轻工 | 300729 | 乐歌股份 | 39.4  |  54.7  |  2.1  |   1.8   |   0.8   |
| 家用轻工 | 300651 | 金陵体育 | 32.3  | 315.5  | -0.5  |  -1.7   |  -3.8   |
| 家用轻工 | 600439 |  瑞贝卡  | 31.7  |  62.0  |  0.4  |   2.2   |   2.9   |
| 家用轻工 | 002571 | 德力股份 | 29.5  | 285.6  |  4.2  |   3.4   |  -7.8   |
| 家用轻工 | 002575 | 群兴玩具 | 28.9  | 416.8  |  1.5  |   1.5   |   0.9   |
| 家用轻工 | 002615 |  哈尔斯  | 25.0  |  20.3  | -0.7  |  -2.7   |  -1.5   |
| 家用轻工 | 002348 | 高乐股份 | 24.7  | -12.4  | 10.1  |  16.5   |  22.0   |
| 家用轻工 | 301004 | 嘉益股份 | 23.6  |  17.9  | -0.7  |  -0.4   |  -6.1   |
| 家用轻工 | 002103 | 广博股份 | 23.4  | -39.2  |  0.7  |  -0.9   |  -0.5   |
| 家用轻工 | 300329 | 海伦钢琴 | 17.4  |  69.2  | -1.0  |  -3.0   |  -2.8   |
| 家用轻工 | 300703 | 创源股份 | 17.4  | 108.0  |  3.4  |   3.8   |   3.5   |
| 家用轻工 | 300640 | 德艺文创 | 16.6  |  50.1  | -0.8  |  -1.7   |   0.2   |
| 家用轻工 | 002899 |  英派斯  | 14.7  | 275.2  | -1.9  |  -0.1   |   1.8   |
| 家用轻工 | 002862 | 实丰文化 | 13.5  | 175.7  | -0.7  |   0.1   |   1.4   |
+----------+--------+----------+-------+--------+-------+---------+---------+
 




 [行业>单日涨幅]
+----------+--------+----------+-------+--------+-------+---------+---------+
|   行业   |  代码  |   名称   | 市值  |   pe   | 涨幅  | 3日涨幅 | 6日涨幅 |
+----------+--------+----------+-------+--------+-------+---------+---------+
| 家用轻工 | 002348 | 高乐股份 | 24.7  | -12.4  | 10.1  |  16.5   |  22.0   |
| 家用轻工 | 002571 | 德力股份 | 29.5  | 285.6  |  4.2  |   3.4   |  -7.8   |
| 家用轻工 | 002489 | 浙江永强 | 80.5  |  14.7  |  3.6  |   1.6   |  -8.2   |
| 家用轻工 | 300703 | 创源股份 | 17.4  | 108.0  |  3.4  |   3.8   |   3.5   |
| 家用轻工 | 605099 | 共创草坪 | 109.6 |  32.1  |  2.4  |   2.6   |  -2.6   |
| 家用轻工 | 603398 | 沐邦高科 | 99.5  | -272.9 |  2.2  |   3.4   |   0.5   |
| 家用轻工 | 300729 | 乐歌股份 | 39.4  |  54.7  |  2.1  |   1.8   |   0.8   |
| 家用轻工 | 605299 | 舒华体育 | 45.9  |  86.4  |  2.0  |   2.2   |  -0.1   |
| 家用轻工 | 002575 | 群兴玩具 | 28.9  | 416.8  |  1.5  |   1.5   |   0.9   |
| 家用轻工 | 002103 | 广博股份 | 23.4  | -39.2  |  0.7  |  -0.9   |  -0.5   |
| 家用轻工 | 600439 |  瑞贝卡  | 31.7  |  62.0  |  0.4  |   2.2   |   2.9   |
| 家用轻工 | 300651 | 金陵体育 | 32.3  | 315.5  | -0.5  |  -1.7   |  -3.8   |
| 家用轻工 | 002615 |  哈尔斯  | 25.0  |  20.3  | -0.7  |  -2.7   |  -1.5   |
| 家用轻工 | 301004 | 嘉益股份 | 23.6  |  17.9  | -0.7  |  -0.4   |  -6.1   |
| 家用轻工 | 002862 | 实丰文化 | 13.5  | 175.7  | -0.7  |   0.1   |   1.4   |
| 家用轻工 | 300640 | 德艺文创 | 16.6  |  50.1  | -0.8  |  -1.7   |   0.2   |
| 家用轻工 | 001323 | 慕思股份 | 183.4 |  36.9  | -1.0  |  -6.6   |  -4.9   |
| 家用轻工 | 300329 | 海伦钢琴 | 17.4  |  69.2  | -1.0  |  -3.0   |  -2.8   |
| 家用轻工 | 002678 | 珠江钢琴 | 77.8  |  36.7  | -1.2  |  -1.4   |  -1.6   |
| 家用轻工 | 603899 | 晨光股份 | 497.0 |  45.1  | -1.2  |  -4.4   |   4.7   |
| 家用轻工 | 002605 | 姚记科技 | 64.0  |  17.4  | -1.3  |  -5.2   |  -6.1   |
| 家用轻工 | 002301 | 齐心集团 | 47.3  |  21.6  | -1.7  |  -2.3   |   1.3   |
| 家用轻工 | 002899 |  英派斯  | 14.7  | 275.2  | -1.9  |  -0.1   |   1.8   |
| 家用轻工 | 301101 | 明月镜片 | 65.0  |  73.5  | -2.5  |  -5.8   |   7.9   |
| 家用轻工 | 603848 |  好太太  | 59.3  |  32.7  | -10.0 |  -13.9  |  -17.2  |
+----------+--------+----------+-------+--------+-------+---------+---------+
