[行业>市值]
+----------+--------+------------+--------+--------+------+---------+---------+
|   行业   |  代码  |    名称    |  市值  |   pe   | 涨幅 | 3日涨幅 | 6日涨幅 |
+----------+--------+------------+--------+--------+------+---------+---------+
| 化学制药 | 600276 |  恒瑞医药  | 1948.0 |  39.4  | 2.3  |   0.7   |   5.1   |
| 化学制药 | 600196 |  复星医药  | 1095.0 |  59.2  | 0.3  |  -2.5   |  -0.4   |
| 化学制药 | 000963 |  华东医药  | 674.4  |  23.9  | 1.0  |  -0.6   |   5.2   |
| 化学制药 | 002001 |  新 和 成  | 655.3  |  13.6  | 0.9  |   2.2   |   3.2   |
| 化学制药 | 603456 |  九洲药业  | 379.6  |  45.7  | 3.9  |  -4.4   |  -0.9   |
| 化学制药 | 300363 |  博腾股份  | 378.8  |  24.8  | 5.6  |   0.7   |   7.2   |
| 化学制药 | 603707 |  健友股份  | 353.9  |  26.8  | 4.5  |   3.0   |   4.4   |
| 化学制药 | 000513 |  丽珠集团  | 323.1  |  14.6  | 5.3  |   4.4   |   6.4   |
| 化学制药 | 688690 |  纳微科技  | 319.3  | 131.0  | 8.7  |  15.7   |  19.1   |
| 化学制药 | 002294 |   信立泰   | 288.2  |  30.4  | 1.3  |   0.3   |   1.3   |
| 化学制药 | 600521 |  华海药业  | 277.5  |  50.4  | -0.9 |  -4.6   |  -4.6   |
| 化学制药 | 600079 |  人福医药  | 268.3  |  7.2   | 1.7  |  -1.7   |   0.4   |
| 化学制药 | 002422 |  科伦药业  | 259.9  |  22.3  | 4.2  |   2.4   |   2.0   |
| 化学制药 | 002399 |   海普瑞   | 248.7  |  26.5  | -2.8 |   0.8   |   7.5   |
| 化学制药 | 000739 |  普洛药业  | 246.9  |  40.6  | 1.5  |   1.0   |  -4.3   |
| 化学制药 | 600062 |  华润双鹤  | 234.4  |  17.6  | -0.4 |  -18.1  |  -29.7  |
| 化学制药 | 600380 |   健康元   | 233.8  |  12.7  | 1.8  |   2.9   |   4.7   |
| 化学制药 | 300558 |  贝达药业  | 204.0  |  61.0  | 6.3  |   4.7   |   9.9   |
| 化学制药 | 000756 |  新华制药  | 179.3  |  41.3  | -7.7 |  -19.4  |  -23.7  |
| 化学制药 | 688091 | 上海谊众-U | 176.1  | 143.2  | -9.5 |  -0.3   |  15.5   |
| 化学制药 | 300725 |  药石科技  | 173.7  |  61.3  | 7.9  |   5.0   |   8.2   |
| 化学制药 | 000623 |  吉林敖东  | 171.3  |  72.2  | 1.4  |   1.9   |   1.9   |
| 化学制药 | 002653 |   海思科   | 166.9  | 159.2  | 1.1  |  -2.1   |   7.6   |
| 化学制药 | 002019 |  亿帆医药  | 164.3  |  33.9  | 5.0  |   4.7   |   6.7   |
| 化学制药 | 600267 |  海正药业  | 158.6  |  29.3  | -1.9 |  -9.4   |  -7.0   |
| 化学制药 | 301089 |  拓新药业  | 156.1  | 137.2  | -2.1 |  -0.0   |  -12.2  |
| 化学制药 | 605507 |  国邦医药  | 133.0  |  16.6  | 1.3  |   2.1   |   3.5   |
| 化学制药 | 002773 |  康弘药业  | 131.9  |  11.1  | 0.5  |   1.1   |   2.1   |
| 化学制药 | 002262 |  恩华药业  | 131.3  |  17.4  | 1.1  |  -1.7   |   0.8   |
| 化学制药 | 603229 |  奥翔药业  | 129.8  |  45.9  | -2.7 |  -8.1   |  -26.8  |
| 化学制药 | 300702 |  天宇股份  | 129.6  |  38.2  | 1.8  |  -3.8   |  -3.8   |
| 化学制药 | 600216 |  浙江医药  | 127.9  |  12.3  | 2.6  |   3.8   |   3.9   |
| 化学制药 | 688356 |  键凯科技  | 127.8  |  61.0  | 7.4  |  16.6   |  25.2   |
| 化学制药 | 300233 |  金城医药  | 126.7  |  28.2  | 5.6  |  10.4   |  11.2   |
| 化学制药 | 688131 |  皓元医药  | 124.9  |  50.1  | 6.4  |  11.2   |  18.9   |
| 化学制药 | 300630 |  普利制药  | 122.7  |  19.0  | 3.5  |   1.4   |   4.3   |
| 化学制药 | 002793 |  罗欣药业  | 116.9  |  35.8  | -0.8 |  -2.1   |   2.7   |
| 化学制药 | 300199 |  翰宇药业  | 115.2  | -49.9  | 0.0  |  -6.1   |  -9.7   |
| 化学制药 | 300573 |  兴齐眼药  | 115.2  |  38.9  | 2.1  |  -6.9   |   1.8   |
| 化学制药 | 600812 |  华北制药  | 114.1  | 208.5  | 1.5  |   0.9   |   0.3   |
| 化学制药 | 603520 |   司太立   | 111.2  |  34.6  | 2.7  |   1.2   |   0.7   |
| 化学制药 | 688505 |  复旦张江  | 110.3  | 560.0  | 3.1  |   9.6   |  14.0   |
| 化学制药 | 688192 | 迪哲医药-U | 110.0  | -15.1  | 10.0 |  15.0   |  17.5   |
| 化学制药 | 002099 |  海翔药业  | 108.9  |  31.3  | 0.1  |  -0.7   |  -1.6   |
| 化学制药 | 688553 | 汇宇制药-W | 107.0  |  22.4  | 0.9  |  11.5   |  17.1   |
| 化学制药 | 688578 |  艾力斯-U  | 106.5  | -117.4 | 4.0  |  15.9   |  50.7   |
| 化学制药 | 000915 |  华特达因  |  99.8  |  16.0  | -1.9 |  -2.8   |   7.7   |
| 化学制药 | 688321 |  微芯生物  |  98.8  | -661.7 | 2.3  |  11.2   |  14.0   |
| 化学制药 | 688166 |  博瑞医药  |  96.8  |  39.9  | 3.2  |   7.2   |  12.2   |
| 化学制药 | 002675 |  东诚药业  |  94.9  |  43.2  | 1.9  |  -1.4   |   3.9   |
| 化学制药 | 600420 |  国药现代  |  93.0  |  30.0  | 1.0  |  -0.2   |  -0.2   |
| 化学制药 | 002332 |  仙琚制药  |  93.0  |  18.2  | 2.2  |   0.5   |  -0.7   |
| 化学制药 | 300942 |  易瑞生物  |  91.7  |  20.1  | 2.6  |   4.0   |   5.9   |
| 化学制药 | 002102 |   ST冠福   |  89.8  |  19.5  | 0.0  |  -2.3   |  -3.7   |
| 化学制药 | 605116 |  XD奥锐特  |  88.4  |  54.1  | -0.8 |  -2.0   |  -3.2   |
| 化学制药 | 688658 |  悦康药业  |  87.3  |  34.4  | 3.3  |   9.3   |  10.7   |
| 化学制药 | 002755 |   奥赛康   |  86.0  | 111.1  | 0.8  |   0.5   |   4.2   |
| 化学制药 | 600851 |  海欣股份  |  84.7  |  77.5  | 0.4  |   1.9   |   4.5   |
| 化学制药 | 688266 | 泽璟制药-U |  84.3  | -17.6  | 0.1  |  24.2   |  28.7   |
| 化学制药 | 300723 |   一品红   |  81.6  |  25.6  | 2.4  |   0.1   |   1.4   |
| 化学制药 | 002020 |  京新药业  |  79.8  |  14.5  | 0.6  |  -0.3   |   0.8   |
| 化学制药 | 600664 |  哈药股份  |  74.6  |  18.6  | 1.0  |   0.7   |   2.1   |
| 化学制药 | 300497 |  富祥药业  |  74.3  |  66.5  | 2.5  |   1.5   |  -2.5   |
| 化学制药 | 000597 |  东北制药  |  74.0  |  27.1  | 0.7  |   0.9   |   2.9   |
| 化学制药 | 000813 |  德展健康  |  73.2  |  60.1  | 0.9  |  -0.3   |   1.6   |
| 化学制药 | 002550 |  千红制药  |  71.0  |  13.8  | 3.5  |   2.4   |   0.7   |
| 化学制药 | 300267 |  尔康制药  |  68.9  |  76.4  | 1.5  |   0.9   |   0.6   |
| 化学制药 | 300158 |  振东制药  |  68.1  | 186.1  | 4.1  |   1.1   |  -1.6   |
| 化学制药 | 688513 |  苑东生物  |  63.1  |  29.3  | 0.0  |   1.6   |   3.4   |
| 化学制药 | 603538 |   美诺华   |  61.9  |  13.4  | 1.7  |   1.1   |  -6.0   |
| 化学制药 | 300705 |  九典制药  |  60.2  |  26.9  | 4.8  |  12.0   |   9.4   |
| 化学制药 | 300255 |  常山药业  |  59.0  |  49.7  | 2.3  |   2.4   |   1.4   |
| 化学制药 | 002435 |  长江健康  |  58.5  |  23.5  | 1.3  |   0.0   |  -2.1   |
| 化学制药 | 300436 |   广生堂   |  58.1  | -159.1 | 0.5  |  -1.2   |   2.7   |
| 化学制药 | 000566 |  海南海药  |  57.1  | -80.8  | -0.7 |  -2.2   |   2.8   |
| 化学制药 | 600789 |  鲁抗医药  |  56.2  |  31.5  | 0.5  |  -0.9   |  -1.1   |
| 化学制药 | 002082 |   万邦德   |  54.0  |  54.5  | -1.4 |   5.2   |   1.0   |
| 化学制药 | 600227 |   圣济堂   |  54.0  | -15.5  | 0.0  |  -1.2   |   0.9   |
| 化学制药 | 002437 |  誉衡药业  |  53.6  | 1343.2 | 0.4  |   0.0   |  -0.8   |
| 化学制药 | 603367 |  辰欣药业  |  53.6  |  13.8  | 0.8  |   0.8   |   2.2   |
| 化学制药 | 688221 | 前沿生物-U |  53.6  | -22.6  | 2.3  |   5.6   |   5.9   |
| 化学制药 | 300636 |  同和药业  |  52.9  |  49.3  | -1.6 |  -6.2   |  -7.9   |
| 化学制药 | 603222 |  济民医疗  |  51.8  |  18.3  | 2.3  |   1.4   |   2.4   |
| 化学制药 | 002923 |  润都股份  |  51.8  |  34.0  | 6.0  |  16.4   |  30.0   |
| 化学制药 | 301211 |  亨迪药业  |  51.6  |  46.1  | 1.5  |   1.8   |   2.0   |
| 化学制药 | 300381 |   溢多利   |  50.0  | -39.3  | 0.3  |   8.3   |  10.5   |
| 化学制药 | 600200 |  江苏吴中  |  48.9  | 160.4  | 1.0  |  -1.7   |  -1.0   |
| 化学制药 | 000931 |  中 关 村  |  47.5  | -182.1 | 2.4  |   1.3   |   0.8   |
| 化学制药 | 600488 |  天药股份  |  46.9  |  52.0  | 0.7  |  -0.2   |   1.7   |
| 化学制药 | 000766 |  通化金马  |  46.5  | 200.8  | 0.6  |   5.0   |   5.7   |
| 化学制药 | 000788 |  北大医药  |  46.3  |  97.5  | 0.7  |  -1.5   |  -3.0   |
| 化学制药 | 603669 |  灵康药业  |  44.4  |  54.0  | 3.4  |  -0.8   |   1.5   |
| 化学制药 | 603676 |  XD卫信康  |  44.0  |  28.3  | 10.0 |   7.3   |  22.1   |
| 化学制药 | 300194 |  福安药业  |  43.5  |  29.2  | 1.4  |   1.7   |   2.2   |
| 化学制药 | 300110 |  华仁药业  |  43.4  |  43.3  | 1.7  |   1.4   |   2.2   |
| 化学制药 | 300006 |  莱美药业  |  43.0  | -40.7  | 2.8  |   1.2   |  -0.7   |
| 化学制药 | 301258 |   富士莱   |  39.0  |  24.4  | 1.5  |   3.1   |   6.0   |
| 化学制药 | 002900 |   哈三联   |  38.9  | -831.7 | 1.6  |   1.4   |  -0.2   |
| 化学制药 | 002393 |  力生制药  |  38.3  |  22.8  | 1.2  |   2.7   |   4.1   |
| 化学制药 | 688670 |   金迪克   |  37.6  | -356.0 | 3.1  |   7.3   |   8.7   |
| 化学制药 | 002940 |   昂利康   |  37.3  |  23.8  | 0.4  |   3.9   |  -0.9   |
| 化学制药 | 300434 |  金石亚药  |  37.0  |  13.9  | 1.9  |   1.5   |   1.2   |
| 化学制药 | 300584 |  海辰药业  |  36.8  |  72.9  | 2.5  |  -2.7   |  -6.8   |
| 化学制药 | 300016 |  北陆药业  |  36.2  |  23.0  | 1.8  |   1.2   |   1.5   |
| 化学制药 | 003020 |  立方制药  |  36.1  |  19.2  | 2.0  |   1.2   |  -2.3   |
| 化学制药 | 688566 |   吉贝尔   |  35.0  |  30.7  | 1.9  |   9.3   |  10.4   |
| 化学制药 | 301130 |  西点药业  |  34.9  | 110.3  | 2.6  |  -0.1   |  -2.4   |
| 化学制药 | 002365 |  永安药业  |  34.8  |  17.2  | 1.2  |   0.5   |   0.0   |
| 化学制药 | 300966 |  共同药业  |  34.6  |  66.4  | 1.4  |   2.8   |   1.0   |
| 化学制药 | 300111 |   向日葵   |  33.0  | -118.4 | 0.0  |  -0.3   |  -3.3   |
| 化学制药 | 603811 |  诚意药业  |  31.5  |  27.2  | 2.4  |   3.2   |   3.1   |
| 化学制药 | 688799 |  华纳药厂  |  30.7  |  22.5  | 3.1  |   8.1   |  12.6   |
| 化学制药 | 603351 |  威尔药业  |  30.5  |  27.7  | 2.6  |   3.9   |   4.1   |
| 化学制药 | 600613 |  神奇制药  |  30.1  |  32.1  | 1.4  |  -0.9   |  -2.4   |
| 化学制药 | 600513 |  联环药业  |  29.7  |  24.4  | -0.4 |   2.1   |   1.2   |
| 化学制药 | 300452 |  山河药辅  |  29.4  |  21.7  | 2.0  |   0.3   |  -3.8   |
| 化学制药 | 000908 |  景峰医药  |  29.4  | 220.1  | 1.2  |  -0.6   |  -1.5   |
| 化学制药 | 300086 |  康芝药业  |  28.2  | -15.2  | 1.0  |  -0.3   |  -3.1   |
| 化学制药 | 000153 |  丰原药业  |  28.1  |  19.6  | 10.0 |  10.3   |  14.1   |
| 化学制药 | 002370 |  亚太药业  |  27.5  | -23.8  | 0.8  |  -1.0   |  -7.2   |
| 化学制药 | 000952 |  广济药业  |  26.7  |  79.8  | 3.3  |  -0.7   |   5.2   |
| 化学制药 | 688189 |  南新制药  |  26.3  |  55.7  | 4.5  |  13.8   |  23.3   |
| 化学制药 | 603168 |  莎普爱思  |  26.0  |  23.5  | 0.9  |   1.0   |  -0.7   |
| 化学制药 | 688117 |  圣诺生物  |  25.0  |  43.8  | 0.7  |   6.6   |   8.6   |
| 化学制药 | 605177 |  东亚药业  |  24.9  |  27.7  | 0.4  |  -6.0   |  -0.5   |
| 化学制药 | 300583 |  赛托生物  |  23.6  |  46.3  | 3.6  |   3.4   |   3.4   |
| 化学制药 | 000953 |  河化股份  |  23.4  | -407.9 | 10.0 |   7.4   |   1.8   |
| 化学制药 | 301075 |  多瑞医药  |  21.8  |  61.2  | 1.8  |   4.3   |   4.0   |
| 化学制药 | 002898 |  赛隆药业  |  19.9  | 388.2  | 0.7  |   2.1   |  -1.6   |
| 化学制药 | 300254 |  仟源医药  |  17.9  | -289.8 | 2.5  |   0.7   |  -1.7   |
| 化学制药 | 600781 |   ST辅仁   |  12.1  |  -1.7  | 0.0  |   0.0   |   0.0   |
| 化学制药 | 600385 |  *ST金泰   |  4.9   |  56.6  | 0.0  |   0.0   |   0.0   |
+----------+--------+------------+--------+--------+------+---------+---------+
 




 [行业>PE]
+----------+--------+------------+--------+--------+------+---------+---------+
|   行业   |  代码  |    名称    |  市值  |   pe   | 涨幅 | 3日涨幅 | 6日涨幅 |
+----------+--------+------------+--------+--------+------+---------+---------+
| 化学制药 | 002437 |  誉衡药业  |  53.6  | 1343.2 | 0.4  |   0.0   |  -0.8   |
| 化学制药 | 688505 |  复旦张江  | 110.3  | 560.0  | 3.1  |   9.6   |  14.0   |
| 化学制药 | 002898 |  赛隆药业  |  19.9  | 388.2  | 0.7  |   2.1   |  -1.6   |
| 化学制药 | 000908 |  景峰医药  |  29.4  | 220.1  | 1.2  |  -0.6   |  -1.5   |
| 化学制药 | 600812 |  华北制药  | 114.1  | 208.5  | 1.5  |   0.9   |   0.3   |
| 化学制药 | 000766 |  通化金马  |  46.5  | 200.8  | 0.6  |   5.0   |   5.7   |
| 化学制药 | 300158 |  振东制药  |  68.1  | 186.1  | 4.1  |   1.1   |  -1.6   |
| 化学制药 | 600200 |  江苏吴中  |  48.9  | 160.4  | 1.0  |  -1.7   |  -1.0   |
| 化学制药 | 002653 |   海思科   | 166.9  | 159.2  | 1.1  |  -2.1   |   7.6   |
| 化学制药 | 688091 | 上海谊众-U | 176.1  | 143.2  | -9.5 |  -0.3   |  15.5   |
| 化学制药 | 301089 |  拓新药业  | 156.1  | 137.2  | -2.1 |  -0.0   |  -12.2  |
| 化学制药 | 688690 |  纳微科技  | 319.3  | 131.0  | 8.7  |  15.7   |  19.1   |
| 化学制药 | 002755 |   奥赛康   |  86.0  | 111.1  | 0.8  |   0.5   |   4.2   |
| 化学制药 | 301130 |  西点药业  |  34.9  | 110.3  | 2.6  |  -0.1   |  -2.4   |
| 化学制药 | 000788 |  北大医药  |  46.3  |  97.5  | 0.7  |  -1.5   |  -3.0   |
| 化学制药 | 000952 |  广济药业  |  26.7  |  79.8  | 3.3  |  -0.7   |   5.2   |
| 化学制药 | 600851 |  海欣股份  |  84.7  |  77.5  | 0.4  |   1.9   |   4.5   |
| 化学制药 | 300267 |  尔康制药  |  68.9  |  76.4  | 1.5  |   0.9   |   0.6   |
| 化学制药 | 300584 |  海辰药业  |  36.8  |  72.9  | 2.5  |  -2.7   |  -6.8   |
| 化学制药 | 000623 |  吉林敖东  | 171.3  |  72.2  | 1.4  |   1.9   |   1.9   |
| 化学制药 | 300497 |  富祥药业  |  74.3  |  66.5  | 2.5  |   1.5   |  -2.5   |
| 化学制药 | 300966 |  共同药业  |  34.6  |  66.4  | 1.4  |   2.8   |   1.0   |
| 化学制药 | 300725 |  药石科技  | 173.7  |  61.3  | 7.9  |   5.0   |   8.2   |
| 化学制药 | 301075 |  多瑞医药  |  21.8  |  61.2  | 1.8  |   4.3   |   4.0   |
| 化学制药 | 688356 |  键凯科技  | 127.8  |  61.0  | 7.4  |  16.6   |  25.2   |
| 化学制药 | 300558 |  贝达药业  | 204.0  |  61.0  | 6.3  |   4.7   |   9.9   |
| 化学制药 | 000813 |  德展健康  |  73.2  |  60.1  | 0.9  |  -0.3   |   1.6   |
| 化学制药 | 600196 |  复星医药  | 1095.0 |  59.2  | 0.3  |  -2.5   |  -0.4   |
| 化学制药 | 600385 |  *ST金泰   |  4.9   |  56.6  | 0.0  |   0.0   |   0.0   |
| 化学制药 | 688189 |  南新制药  |  26.3  |  55.7  | 4.5  |  13.8   |  23.3   |
| 化学制药 | 002082 |   万邦德   |  54.0  |  54.5  | -1.4 |   5.2   |   1.0   |
| 化学制药 | 605116 |  XD奥锐特  |  88.4  |  54.1  | -0.8 |  -2.0   |  -3.2   |
| 化学制药 | 603669 |  灵康药业  |  44.4  |  54.0  | 3.4  |  -0.8   |   1.5   |
| 化学制药 | 600488 |  天药股份  |  46.9  |  52.0  | 0.7  |  -0.2   |   1.7   |
| 化学制药 | 600521 |  华海药业  | 277.5  |  50.4  | -0.9 |  -4.6   |  -4.6   |
| 化学制药 | 688131 |  皓元医药  | 124.9  |  50.1  | 6.4  |  11.2   |  18.9   |
| 化学制药 | 300255 |  常山药业  |  59.0  |  49.7  | 2.3  |   2.4   |   1.4   |
| 化学制药 | 300636 |  同和药业  |  52.9  |  49.3  | -1.6 |  -6.2   |  -7.9   |
| 化学制药 | 300583 |  赛托生物  |  23.6  |  46.3  | 3.6  |   3.4   |   3.4   |
| 化学制药 | 301211 |  亨迪药业  |  51.6  |  46.1  | 1.5  |   1.8   |   2.0   |
| 化学制药 | 603229 |  奥翔药业  | 129.8  |  45.9  | -2.7 |  -8.1   |  -26.8  |
| 化学制药 | 603456 |  九洲药业  | 379.6  |  45.7  | 3.9  |  -4.4   |  -0.9   |
| 化学制药 | 688117 |  圣诺生物  |  25.0  |  43.8  | 0.7  |   6.6   |   8.6   |
| 化学制药 | 300110 |  华仁药业  |  43.4  |  43.3  | 1.7  |   1.4   |   2.2   |
| 化学制药 | 002675 |  东诚药业  |  94.9  |  43.2  | 1.9  |  -1.4   |   3.9   |
| 化学制药 | 000756 |  新华制药  | 179.3  |  41.3  | -7.7 |  -19.4  |  -23.7  |
| 化学制药 | 000739 |  普洛药业  | 246.9  |  40.6  | 1.5  |   1.0   |  -4.3   |
| 化学制药 | 688166 |  博瑞医药  |  96.8  |  39.9  | 3.2  |   7.2   |  12.2   |
| 化学制药 | 600276 |  恒瑞医药  | 1948.0 |  39.4  | 2.3  |   0.7   |   5.1   |
| 化学制药 | 300573 |  兴齐眼药  | 115.2  |  38.9  | 2.1  |  -6.9   |   1.8   |
| 化学制药 | 300702 |  天宇股份  | 129.6  |  38.2  | 1.8  |  -3.8   |  -3.8   |
| 化学制药 | 002793 |  罗欣药业  | 116.9  |  35.8  | -0.8 |  -2.1   |   2.7   |
| 化学制药 | 603520 |   司太立   | 111.2  |  34.6  | 2.7  |   1.2   |   0.7   |
| 化学制药 | 688658 |  悦康药业  |  87.3  |  34.4  | 3.3  |   9.3   |  10.7   |
| 化学制药 | 002923 |  润都股份  |  51.8  |  34.0  | 6.0  |  16.4   |  30.0   |
| 化学制药 | 002019 |  亿帆医药  | 164.3  |  33.9  | 5.0  |   4.7   |   6.7   |
| 化学制药 | 600613 |  神奇制药  |  30.1  |  32.1  | 1.4  |  -0.9   |  -2.4   |
| 化学制药 | 600789 |  鲁抗医药  |  56.2  |  31.5  | 0.5  |  -0.9   |  -1.1   |
| 化学制药 | 002099 |  海翔药业  | 108.9  |  31.3  | 0.1  |  -0.7   |  -1.6   |
| 化学制药 | 688566 |   吉贝尔   |  35.0  |  30.7  | 1.9  |   9.3   |  10.4   |
| 化学制药 | 002294 |   信立泰   | 288.2  |  30.4  | 1.3  |   0.3   |   1.3   |
| 化学制药 | 600420 |  国药现代  |  93.0  |  30.0  | 1.0  |  -0.2   |  -0.2   |
| 化学制药 | 600267 |  海正药业  | 158.6  |  29.3  | -1.9 |  -9.4   |  -7.0   |
| 化学制药 | 688513 |  苑东生物  |  63.1  |  29.3  | 0.0  |   1.6   |   3.4   |
| 化学制药 | 300194 |  福安药业  |  43.5  |  29.2  | 1.4  |   1.7   |   2.2   |
| 化学制药 | 603676 |  XD卫信康  |  44.0  |  28.3  | 10.0 |   7.3   |  22.1   |
| 化学制药 | 300233 |  金城医药  | 126.7  |  28.2  | 5.6  |  10.4   |  11.2   |
| 化学制药 | 603351 |  威尔药业  |  30.5  |  27.7  | 2.6  |   3.9   |   4.1   |
| 化学制药 | 605177 |  东亚药业  |  24.9  |  27.7  | 0.4  |  -6.0   |  -0.5   |
| 化学制药 | 603811 |  诚意药业  |  31.5  |  27.2  | 2.4  |   3.2   |   3.1   |
| 化学制药 | 000597 |  东北制药  |  74.0  |  27.1  | 0.7  |   0.9   |   2.9   |
| 化学制药 | 300705 |  九典制药  |  60.2  |  26.9  | 4.8  |  12.0   |   9.4   |
| 化学制药 | 603707 |  健友股份  | 353.9  |  26.8  | 4.5  |   3.0   |   4.4   |
| 化学制药 | 002399 |   海普瑞   | 248.7  |  26.5  | -2.8 |   0.8   |   7.5   |
| 化学制药 | 300723 |   一品红   |  81.6  |  25.6  | 2.4  |   0.1   |   1.4   |
| 化学制药 | 300363 |  博腾股份  | 378.8  |  24.8  | 5.6  |   0.7   |   7.2   |
| 化学制药 | 600513 |  联环药业  |  29.7  |  24.4  | -0.4 |   2.1   |   1.2   |
| 化学制药 | 301258 |   富士莱   |  39.0  |  24.4  | 1.5  |   3.1   |   6.0   |
| 化学制药 | 000963 |  华东医药  | 674.4  |  23.9  | 1.0  |  -0.6   |   5.2   |
| 化学制药 | 002940 |   昂利康   |  37.3  |  23.8  | 0.4  |   3.9   |  -0.9   |
| 化学制药 | 002435 |  长江健康  |  58.5  |  23.5  | 1.3  |   0.0   |  -2.1   |
| 化学制药 | 603168 |  莎普爱思  |  26.0  |  23.5  | 0.9  |   1.0   |  -0.7   |
| 化学制药 | 300016 |  北陆药业  |  36.2  |  23.0  | 1.8  |   1.2   |   1.5   |
| 化学制药 | 002393 |  力生制药  |  38.3  |  22.8  | 1.2  |   2.7   |   4.1   |
| 化学制药 | 688799 |  华纳药厂  |  30.7  |  22.5  | 3.1  |   8.1   |  12.6   |
| 化学制药 | 688553 | 汇宇制药-W | 107.0  |  22.4  | 0.9  |  11.5   |  17.1   |
| 化学制药 | 002422 |  科伦药业  | 259.9  |  22.3  | 4.2  |   2.4   |   2.0   |
| 化学制药 | 300452 |  山河药辅  |  29.4  |  21.7  | 2.0  |   0.3   |  -3.8   |
| 化学制药 | 300942 |  易瑞生物  |  91.7  |  20.1  | 2.6  |   4.0   |   5.9   |
| 化学制药 | 000153 |  丰原药业  |  28.1  |  19.6  | 10.0 |  10.3   |  14.1   |
| 化学制药 | 002102 |   ST冠福   |  89.8  |  19.5  | 0.0  |  -2.3   |  -3.7   |
| 化学制药 | 003020 |  立方制药  |  36.1  |  19.2  | 2.0  |   1.2   |  -2.3   |
| 化学制药 | 300630 |  普利制药  | 122.7  |  19.0  | 3.5  |   1.4   |   4.3   |
| 化学制药 | 600664 |  哈药股份  |  74.6  |  18.6  | 1.0  |   0.7   |   2.1   |
| 化学制药 | 603222 |  济民医疗  |  51.8  |  18.3  | 2.3  |   1.4   |   2.4   |
| 化学制药 | 002332 |  仙琚制药  |  93.0  |  18.2  | 2.2  |   0.5   |  -0.7   |
| 化学制药 | 600062 |  华润双鹤  | 234.4  |  17.6  | -0.4 |  -18.1  |  -29.7  |
| 化学制药 | 002262 |  恩华药业  | 131.3  |  17.4  | 1.1  |  -1.7   |   0.8   |
| 化学制药 | 002365 |  永安药业  |  34.8  |  17.2  | 1.2  |   0.5   |   0.0   |
| 化学制药 | 605507 |  国邦医药  | 133.0  |  16.6  | 1.3  |   2.1   |   3.5   |
| 化学制药 | 000915 |  华特达因  |  99.8  |  16.0  | -1.9 |  -2.8   |   7.7   |
| 化学制药 | 000513 |  丽珠集团  | 323.1  |  14.6  | 5.3  |   4.4   |   6.4   |
| 化学制药 | 002020 |  京新药业  |  79.8  |  14.5  | 0.6  |  -0.3   |   0.8   |
| 化学制药 | 300434 |  金石亚药  |  37.0  |  13.9  | 1.9  |   1.5   |   1.2   |
| 化学制药 | 603367 |  辰欣药业  |  53.6  |  13.8  | 0.8  |   0.8   |   2.2   |
| 化学制药 | 002550 |  千红制药  |  71.0  |  13.8  | 3.5  |   2.4   |   0.7   |
| 化学制药 | 002001 |  新 和 成  | 655.3  |  13.6  | 0.9  |   2.2   |   3.2   |
| 化学制药 | 603538 |   美诺华   |  61.9  |  13.4  | 1.7  |   1.1   |  -6.0   |
| 化学制药 | 600380 |   健康元   | 233.8  |  12.7  | 1.8  |   2.9   |   4.7   |
| 化学制药 | 600216 |  浙江医药  | 127.9  |  12.3  | 2.6  |   3.8   |   3.9   |
| 化学制药 | 002773 |  康弘药业  | 131.9  |  11.1  | 0.5  |   1.1   |   2.1   |
| 化学制药 | 600079 |  人福医药  | 268.3  |  7.2   | 1.7  |  -1.7   |   0.4   |
| 化学制药 | 600781 |   ST辅仁   |  12.1  |  -1.7  | 0.0  |   0.0   |   0.0   |
| 化学制药 | 688192 | 迪哲医药-U | 110.0  | -15.1  | 10.0 |  15.0   |  17.5   |
| 化学制药 | 300086 |  康芝药业  |  28.2  | -15.2  | 1.0  |  -0.3   |  -3.1   |
| 化学制药 | 600227 |   圣济堂   |  54.0  | -15.5  | 0.0  |  -1.2   |   0.9   |
| 化学制药 | 688266 | 泽璟制药-U |  84.3  | -17.6  | 0.1  |  24.2   |  28.7   |
| 化学制药 | 688221 | 前沿生物-U |  53.6  | -22.6  | 2.3  |   5.6   |   5.9   |
| 化学制药 | 002370 |  亚太药业  |  27.5  | -23.8  | 0.8  |  -1.0   |  -7.2   |
| 化学制药 | 300381 |   溢多利   |  50.0  | -39.3  | 0.3  |   8.3   |  10.5   |
| 化学制药 | 300006 |  莱美药业  |  43.0  | -40.7  | 2.8  |   1.2   |  -0.7   |
| 化学制药 | 300199 |  翰宇药业  | 115.2  | -49.9  | 0.0  |  -6.1   |  -9.7   |
| 化学制药 | 000566 |  海南海药  |  57.1  | -80.8  | -0.7 |  -2.2   |   2.8   |
| 化学制药 | 688578 |  艾力斯-U  | 106.5  | -117.4 | 4.0  |  15.9   |  50.7   |
| 化学制药 | 300111 |   向日葵   |  33.0  | -118.4 | 0.0  |  -0.3   |  -3.3   |
| 化学制药 | 300436 |   广生堂   |  58.1  | -159.1 | 0.5  |  -1.2   |   2.7   |
| 化学制药 | 000931 |  中 关 村  |  47.5  | -182.1 | 2.4  |   1.3   |   0.8   |
| 化学制药 | 300254 |  仟源医药  |  17.9  | -289.8 | 2.5  |   0.7   |  -1.7   |
| 化学制药 | 688670 |   金迪克   |  37.6  | -356.0 | 3.1  |   7.3   |   8.7   |
| 化学制药 | 000953 |  河化股份  |  23.4  | -407.9 | 10.0 |   7.4   |   1.8   |
| 化学制药 | 688321 |  微芯生物  |  98.8  | -661.7 | 2.3  |  11.2   |  14.0   |
| 化学制药 | 002900 |   哈三联   |  38.9  | -831.7 | 1.6  |   1.4   |  -0.2   |
+----------+--------+------------+--------+--------+------+---------+---------+
