[行业>市值]
+--------+--------+------------+--------+--------+------+---------+---------+
|  行业  |  代码  |    名称    |  市值  |   pe   | 涨幅 | 3日涨幅 | 6日涨幅 |
+--------+--------+------------+--------+--------+------+---------+---------+
| 半导体 | 688981 |  中芯国际  | 3442.0 |  30.3  | -1.7 |  -2.8   |  -5.4   |
| 半导体 | 002371 |  北方华创  | 1550.0 | 187.7  | 7.1  |   4.2   |   5.1   |
| 半导体 | 603501 |  韦尔股份  | 1431.0 |  39.9  | 1.1  |  -5.9   |  -6.2   |
| 半导体 | 002049 |  紫光国微  | 1268.0 |  59.7  | -0.3 |   3.5   |   7.0   |
| 半导体 | 603986 |  兆易创新  | 876.3  |  31.9  | 0.5  |  -5.5   |  -6.2   |
| 半导体 | 688012 |  中微公司  | 779.1  | 166.2  | 13.8 |   8.7   |   4.4   |
| 半导体 | 688396 |   华润微   | 750.7  |  30.3  | 2.9  |  -1.8   |  -4.7   |
| 半导体 | 300782 |   卓胜微   | 716.3  |  39.0  | 2.4  |  -4.7   |   2.2   |
| 半导体 | 600460 |   士兰微   | 710.6  |  66.2  | 2.6  |  -1.7   |  -1.3   |
| 半导体 | 300661 |  圣邦股份  | 665.9  |  63.9  | 3.6  |   2.8   |   2.7   |
| 半导体 | 603290 |  斯达半导  | 656.3  | 108.5  | 1.9  |   1.0   |   0.9   |
| 半导体 | 688008 |  澜起科技  | 643.6  |  52.6  | 1.4  |  -5.8   |  -3.6   |
| 半导体 | 688126 | 沪硅产业-U | 604.7  | -997.8 | 1.1  |  -2.8   |  -4.7   |
| 半导体 | 688385 |  复旦微电  | 534.7  |  57.4  | 5.9  |   3.7   |   0.5   |
| 半导体 | 688728 |   格科微   | 491.5  |  50.9  | 0.8  |  -3.6   |  -5.2   |
| 半导体 | 600584 |  长电科技  | 475.0  |  13.8  | 1.9  |  -0.3   |  -0.0   |
| 半导体 | 300223 |  北京君正  | 467.8  |  50.5  | -0.8 |  -4.3   |  -5.0   |
| 半导体 | 605358 |   立昂微   | 447.4  |  47.0  | 2.2  |  -3.2   |   1.8   |
| 半导体 | 603893 |   瑞芯微   | 445.4  | 132.3  | 10.0 |  10.5   |  27.1   |
| 半导体 | 688536 |   思瑞浦   | 411.4  | 112.5  | 3.4  |  -2.9   |  -1.4   |
| 半导体 | 688099 |  晶晨股份  | 384.8  |  35.6  | 1.9  |  -3.7   |  -4.3   |
| 半导体 | 688052 |   纳芯微   | 381.7  | 113.2  | 0.8  |   1.6   |   1.9   |
| 半导体 | 688047 |  龙芯中科  | 356.5  | 244.7  | -3.4 |  -3.0   |  -14.1  |
| 半导体 | 300373 |  扬杰科技  | 337.3  |  30.5  | 0.7  |  -5.1   |  -4.6   |
| 半导体 | 603160 |  汇顶科技  | 320.0  | -158.4 | 5.4  |   2.5   |  13.2   |
| 半导体 | 002185 |  华天科技  | 291.3  |  35.2  | 0.1  |  -1.7   |  -3.9   |
| 半导体 | 688120 |  华海清科  | 288.0  |  78.9  | 2.3  |   6.9   |  11.1   |
| 半导体 | 688220 | 翱捷科技-U | 285.7  | -221.2 | 2.9  |   0.0   |  -3.2   |
| 半导体 | 688234 |  天岳先进  | 284.7  | -162.6 | 1.1  |  -3.3   |   2.9   |
| 半导体 | 688107 | 安路科技-U | 271.9  | 384.1  | 6.4  |   2.5   |  -1.3   |
| 半导体 | 300604 |  长川科技  | 267.5  |  94.1  | 3.8  |  -0.4   |  -3.7   |
| 半导体 | 688256 |  寒武纪-U  | 253.3  | -22.0  | 1.2  |   0.8   |  -5.7   |
| 半导体 | 002409 |  雅克科技  | 243.9  |  41.0  | -1.1 |  -5.8   |  -8.5   |
| 半导体 | 688521 | 芯原股份-U | 242.2  | 1844.2 | 3.7  |   1.3   |  -2.1   |
| 半导体 | 605111 |   新洁能   | 239.5  |  53.3  | 1.4  |  -0.7   |  -8.1   |
| 半导体 | 688213 |  思特威-W  | 219.2  | 388.4  | -1.2 |  -6.9   |  -1.4   |
| 半导体 | 688798 |  艾为电子  | 217.3  |  94.5  | 1.6  |  -3.4   |  -6.2   |
| 半导体 | 688072 | 拓荆科技-U | 216.2  | -454.9 | 15.9 |   9.3   |  10.2   |
| 半导体 | 688200 |  华峰测控  | 206.3  |  42.2  | 3.6  |  -3.1   |  -7.7   |
| 半导体 | 002156 |  通富微电  | 198.0  |  30.1  | 0.1  |  -1.8   |  -2.4   |
| 半导体 | 688153 | 唯捷创芯-U | 189.8  | 129.1  | 1.7  |  -4.0   |  -6.3   |
| 半导体 | 301050 |  雷电微力  | 188.7  |  44.1  | 4.9  |   6.4   |   2.6   |
| 半导体 | 300613 |   富瀚微   | 181.7  |  44.7  | -1.2 |  -2.0   |  -5.1   |
| 半导体 | 300458 |  全志科技  | 180.8  |  58.9  | -5.0 |   0.1   |   5.2   |
| 半导体 | 603005 |  晶方科技  | 178.9  |  48.7  | 2.5  |   1.8   |   9.3   |
| 半导体 | 600171 |  上海贝岭  | 174.8  |  30.3  | 2.4  |   1.0   |  -3.5   |
| 半导体 | 300623 |  捷捷微电  | 174.2  |  43.4  | 0.6  |  -4.9   |  -1.4   |
| 半导体 | 688261 |  东微半导  | 173.0  |  90.6  | 7.9  |  12.9   |   6.5   |
| 半导体 | 688608 |  恒玄科技  | 165.7  | 184.1  | 7.7  |  -0.9   |  -2.6   |
| 半导体 | 688002 |  睿创微纳  | 161.9  | 283.4  | -1.3 |  -6.2   |  -12.6  |
| 半导体 | 688110 |  东芯股份  | 157.9  |  35.8  | 1.2  |  -3.7   |  -6.8   |
| 半导体 | 300327 |  中颖电子  | 157.7  |  30.7  | 2.5  |  -4.7   |  -10.8  |
| 半导体 | 688048 |  长光华芯  | 154.3  | 139.6  | 0.7  |  -4.6   |  -0.2   |
| 半导体 | 600667 |  太极实业  | 152.3  |  21.7  | 0.6  |  -2.0   |  -2.7   |
| 半导体 | 688206 |  概伦电子  | 148.7  | 790.8  | 20.0 |  10.8   |   9.1   |
| 半导体 | 300672 |   国科微   | 148.4  | -162.2 | -3.9 |  -5.0   |   3.5   |
| 半导体 | 300671 |   富满微   | 147.8  |  66.5  | -0.3 |  -9.9   |  -6.0   |
| 半导体 | 300666 |  江丰电子  | 140.9  | 105.3  | 5.9  |   0.7   |  -4.0   |
| 半导体 | 688037 |   芯源微   | 132.6  | 102.3  | 8.7  |  -0.1   |  -4.4   |
| 半导体 | 300456 |  赛微电子  | 130.1  | 137.8  | 0.7  |  -6.0   |  -0.4   |
| 半导体 | 600877 |  声光电科  | 129.8  | 102.9  | -1.1 |  -0.9   |  -3.0   |
| 半导体 | 688167 |  炬光科技  | 128.7  | 159.6  | -1.0 |  -1.4   |  -5.6   |
| 半导体 | 688173 |   希荻微   | 126.9  | 331.6  | 2.8  |  -0.4   |  -4.5   |
| 半导体 | 688123 |  聚辰股份  | 122.8  |  53.6  | -0.7 |  -9.6   |  -4.8   |
| 半导体 | 688262 |  XD国芯科  | 111.7  | 9088.9 | 0.0  |  -5.8   |  -8.3   |
| 半导体 | 688209 |   英集芯   | 109.5  |  47.1  | 0.8  |  -10.6  |  -4.5   |
| 半导体 | 300077 |  国民技术  | 105.0  | 106.7  | -0.1 |  -6.0   |  -2.4   |
| 半导体 | 002079 |  苏州固锝  | 104.4  |  44.1  | -1.0 |  -3.8   |  -11.6  |
| 半导体 | 688711 |  宏微科技  | 104.3  | 213.4  | 4.8  |   0.2   |  -4.2   |
| 半导体 | 001270 |  铖昌科技  | 104.3  | 246.3  | 0.6  |  -16.2  |  -16.0  |
| 半导体 | 688368 |  晶丰明源  | 101.5  | -221.0 | 4.7  |   2.2   |  -1.1   |
| 半导体 | 688601 |   力芯微   |  90.0  |  34.3  | 3.5  |  -4.4   |  -8.1   |
| 半导体 | 688018 |  乐鑫科技  |  87.5  |  78.6  | 6.3  |  -1.0   |   7.0   |
| 半导体 | 600198 |  大唐电信  |  86.6  | -49.9  | -1.1 |  -1.8   |  -4.9   |
| 半导体 | 688233 |  神工股份  |  83.0  |  41.6  | 1.5  |  -5.4   |  -5.4   |
| 半导体 | 688595 |  芯海科技  |  82.7  | 2046.4 | 1.1  |   4.3   |  12.7   |
| 半导体 | 688332 |  中科蓝讯  |  82.5  |  51.4  | 0.0  |   0.0   |   0.0   |
| 半导体 | 688508 |   芯朋微   |  79.3  |  59.0  | 0.9  |  -5.7   |  -2.4   |
| 半导体 | 688766 |  普冉股份  |  77.0  |  46.3  | 1.5  |  -4.7   |  -8.0   |
| 半导体 | 688699 |  明微电子  |  76.3  |  26.8  | 1.7  |  -3.0   |  -7.6   |
| 半导体 | 688270 |  臻镭科技  |  71.2  | 257.3  | 0.2  |   7.7   |  -3.2   |
| 半导体 | 600360 |  华微电子  |  70.4  |  68.5  | 0.1  |  -4.6   |  -6.2   |
| 半导体 | 688279 |  峰岹科技  |  64.8  |  42.5  | 0.3  |  -3.5   |  -5.1   |
| 半导体 | 688259 |  创耀科技  |  60.3  |  59.2  | 0.9  |  -3.4   |  -7.5   |
| 半导体 | 003026 |  中晶科技  |  57.8  |  70.8  | 5.3  |   2.4   |  -7.3   |
| 半导体 | 603068 |  博通集成  |  56.9  | 401.2  | -0.1 |  -1.5   |  -9.3   |
| 半导体 | 688230 |  芯导科技  |  54.8  |  45.8  | 2.4  |  -3.6   |  -7.8   |
| 半导体 | 300053 |   欧比特   |  54.2  | 169.5  | -1.3 |  -6.5   |  -8.3   |
| 半导体 | 688325 |  赛微微电  |  47.8  |  98.7  | 1.5  |  -0.8   |  -8.2   |
| 半导体 | 300046 |  台基股份  |  46.8  | 114.6  | 2.1  |  -0.3   |  -4.6   |
| 半导体 | 688661 |  和林微纳  |  46.3  |  59.9  | 0.8  |  -3.7   |  -8.9   |
| 半导体 | 300831 |  派瑞股份  |  46.0  |  94.7  | -2.0 |  -0.7   |   3.2   |
| 半导体 | 688049 |  炬芯科技  |  44.4  | 105.8  | 3.4  |   0.0   |  -7.8   |
| 半导体 | 002119 |  康强电子  |  44.1  |  36.5  | 1.5  |  -1.5   |  -5.2   |
| 半导体 | 688138 |  清溢光电  |  43.1  |  81.1  | 7.0  |   2.5   |  -2.7   |
| 半导体 | 002077 |  大港股份  |  42.8  |  56.0  | -3.0 |   2.1   |  16.2   |
| 半导体 | 688045 |   必易微   |  42.2  |  36.1  | 0.7  |  -8.0   |  -10.7  |
| 半导体 | 688135 |  利扬芯片  |  41.7  | 100.0  | 2.6  |  -1.2   |  -3.7   |
| 半导体 | 688589 |   力合微   |  41.3  |  76.5  | 1.8  |  -3.4   |  -8.2   |
| 半导体 | 001309 |   德明利   |  40.7  |  53.6  | 10.0 |  33.1   |  91.6   |
| 半导体 | 688689 |  银河微电  |  38.6  |  48.2  | 3.4  |  -5.3   |  -6.3   |
| 半导体 | 300706 |   阿石创   |  36.5  | 153.8  | 0.8  |  -5.5   |  -11.2  |
| 半导体 | 300493 |  润欣科技  |  34.0  |  65.2  | 0.0  |  -1.6   |  -3.2   |
| 半导体 | 688216 |  XD气派科  |  28.3  | -116.0 | 0.5  |  -3.4   |  -9.0   |
| 半导体 | 300812 |  易天股份  |  27.7  |  48.3  | 6.2  |  -2.2   |  15.2   |
| 半导体 | 688286 |  敏芯股份  |  26.7  | -251.1 | 2.4  |  -2.5   |  -7.7   |
| 半导体 | 300139 |  晓程科技  |  23.9  | -11.9  | 0.1  |  -1.6   |  -6.4   |
| 半导体 | 605588 |  冠石科技  |  23.6  |  26.5  | -1.5 |  -1.9   |  -8.8   |
| 半导体 | 603933 |  睿能科技  |  22.9  |  24.9  | 0.2  |   0.4   |  -3.0   |
| 半导体 | 000670 |  *ST盈方   |  18.4  | 120.7  | 0.0  |   0.0   |   0.0   |
+--------+--------+------------+--------+--------+------+---------+---------+
 




 [行业>单日涨幅]
+--------+--------+------------+--------+--------+------+---------+---------+
|  行业  |  代码  |    名称    |  市值  |   pe   | 涨幅 | 3日涨幅 | 6日涨幅 |
+--------+--------+------------+--------+--------+------+---------+---------+
| 半导体 | 688206 |  概伦电子  | 148.7  | 790.8  | 20.0 |  10.8   |   9.1   |
| 半导体 | 688072 | 拓荆科技-U | 216.2  | -454.9 | 15.9 |   9.3   |  10.2   |
| 半导体 | 688012 |  中微公司  | 779.1  | 166.2  | 13.8 |   8.7   |   4.4   |
| 半导体 | 603893 |   瑞芯微   | 445.4  | 132.3  | 10.0 |  10.5   |  27.1   |
| 半导体 | 001309 |   德明利   |  40.7  |  53.6  | 10.0 |  33.1   |  91.6   |
| 半导体 | 688037 |   芯源微   | 132.6  | 102.3  | 8.7  |  -0.1   |  -4.4   |
| 半导体 | 688261 |  东微半导  | 173.0  |  90.6  | 7.9  |  12.9   |   6.5   |
| 半导体 | 688608 |  恒玄科技  | 165.7  | 184.1  | 7.7  |  -0.9   |  -2.6   |
| 半导体 | 002371 |  北方华创  | 1550.0 | 187.7  | 7.1  |   4.2   |   5.1   |
| 半导体 | 688138 |  清溢光电  |  43.1  |  81.1  | 7.0  |   2.5   |  -2.7   |
| 半导体 | 688107 | 安路科技-U | 271.9  | 384.1  | 6.4  |   2.5   |  -1.3   |
| 半导体 | 688018 |  乐鑫科技  |  87.5  |  78.6  | 6.3  |  -1.0   |   7.0   |
| 半导体 | 300812 |  易天股份  |  27.7  |  48.3  | 6.2  |  -2.2   |  15.2   |
| 半导体 | 300666 |  江丰电子  | 140.9  | 105.3  | 5.9  |   0.7   |  -4.0   |
| 半导体 | 688385 |  复旦微电  | 534.7  |  57.4  | 5.9  |   3.7   |   0.5   |
| 半导体 | 603160 |  汇顶科技  | 320.0  | -158.4 | 5.4  |   2.5   |  13.2   |
| 半导体 | 003026 |  中晶科技  |  57.8  |  70.8  | 5.3  |   2.4   |  -7.3   |
| 半导体 | 301050 |  雷电微力  | 188.7  |  44.1  | 4.9  |   6.4   |   2.6   |
| 半导体 | 688711 |  宏微科技  | 104.3  | 213.4  | 4.8  |   0.2   |  -4.2   |
| 半导体 | 688368 |  晶丰明源  | 101.5  | -221.0 | 4.7  |   2.2   |  -1.1   |
| 半导体 | 300604 |  长川科技  | 267.5  |  94.1  | 3.8  |  -0.4   |  -3.7   |
| 半导体 | 688521 | 芯原股份-U | 242.2  | 1844.2 | 3.7  |   1.3   |  -2.1   |
| 半导体 | 300661 |  圣邦股份  | 665.9  |  63.9  | 3.6  |   2.8   |   2.7   |
| 半导体 | 688200 |  华峰测控  | 206.3  |  42.2  | 3.6  |  -3.1   |  -7.7   |
| 半导体 | 688601 |   力芯微   |  90.0  |  34.3  | 3.5  |  -4.4   |  -8.1   |
| 半导体 | 688049 |  炬芯科技  |  44.4  | 105.8  | 3.4  |   0.0   |  -7.8   |
| 半导体 | 688536 |   思瑞浦   | 411.4  | 112.5  | 3.4  |  -2.9   |  -1.4   |
| 半导体 | 688689 |  银河微电  |  38.6  |  48.2  | 3.4  |  -5.3   |  -6.3   |
| 半导体 | 688220 | 翱捷科技-U | 285.7  | -221.2 | 2.9  |   0.0   |  -3.2   |
| 半导体 | 688396 |   华润微   | 750.7  |  30.3  | 2.9  |  -1.8   |  -4.7   |
| 半导体 | 688173 |   希荻微   | 126.9  | 331.6  | 2.8  |  -0.4   |  -4.5   |
| 半导体 | 600460 |   士兰微   | 710.6  |  66.2  | 2.6  |  -1.7   |  -1.3   |
| 半导体 | 688135 |  利扬芯片  |  41.7  | 100.0  | 2.6  |  -1.2   |  -3.7   |
| 半导体 | 300327 |  中颖电子  | 157.7  |  30.7  | 2.5  |  -4.7   |  -10.8  |
| 半导体 | 603005 |  晶方科技  | 178.9  |  48.7  | 2.5  |   1.8   |   9.3   |
| 半导体 | 300782 |   卓胜微   | 716.3  |  39.0  | 2.4  |  -4.7   |   2.2   |
| 半导体 | 688230 |  芯导科技  |  54.8  |  45.8  | 2.4  |  -3.6   |  -7.8   |
| 半导体 | 600171 |  上海贝岭  | 174.8  |  30.3  | 2.4  |   1.0   |  -3.5   |
| 半导体 | 688286 |  敏芯股份  |  26.7  | -251.1 | 2.4  |  -2.5   |  -7.7   |
| 半导体 | 688120 |  华海清科  | 288.0  |  78.9  | 2.3  |   6.9   |  11.1   |
| 半导体 | 605358 |   立昂微   | 447.4  |  47.0  | 2.2  |  -3.2   |   1.8   |
| 半导体 | 300046 |  台基股份  |  46.8  | 114.6  | 2.1  |  -0.3   |  -4.6   |
| 半导体 | 688099 |  晶晨股份  | 384.8  |  35.6  | 1.9  |  -3.7   |  -4.3   |
| 半导体 | 600584 |  长电科技  | 475.0  |  13.8  | 1.9  |  -0.3   |  -0.0   |
| 半导体 | 603290 |  斯达半导  | 656.3  | 108.5  | 1.9  |   1.0   |   0.9   |
| 半导体 | 688589 |   力合微   |  41.3  |  76.5  | 1.8  |  -3.4   |  -8.2   |
| 半导体 | 688153 | 唯捷创芯-U | 189.8  | 129.1  | 1.7  |  -4.0   |  -6.3   |
| 半导体 | 688699 |  明微电子  |  76.3  |  26.8  | 1.7  |  -3.0   |  -7.6   |
| 半导体 | 688798 |  艾为电子  | 217.3  |  94.5  | 1.6  |  -3.4   |  -6.2   |
| 半导体 | 688233 |  神工股份  |  83.0  |  41.6  | 1.5  |  -5.4   |  -5.4   |
| 半导体 | 688325 |  赛微微电  |  47.8  |  98.7  | 1.5  |  -0.8   |  -8.2   |
| 半导体 | 688766 |  普冉股份  |  77.0  |  46.3  | 1.5  |  -4.7   |  -8.0   |
| 半导体 | 002119 |  康强电子  |  44.1  |  36.5  | 1.5  |  -1.5   |  -5.2   |
| 半导体 | 605111 |   新洁能   | 239.5  |  53.3  | 1.4  |  -0.7   |  -8.1   |
| 半导体 | 688008 |  澜起科技  | 643.6  |  52.6  | 1.4  |  -5.8   |  -3.6   |
| 半导体 | 688110 |  东芯股份  | 157.9  |  35.8  | 1.2  |  -3.7   |  -6.8   |
| 半导体 | 688256 |  寒武纪-U  | 253.3  | -22.0  | 1.2  |   0.8   |  -5.7   |
| 半导体 | 688234 |  天岳先进  | 284.7  | -162.6 | 1.1  |  -3.3   |   2.9   |
| 半导体 | 688595 |  芯海科技  |  82.7  | 2046.4 | 1.1  |   4.3   |  12.7   |
| 半导体 | 603501 |  韦尔股份  | 1431.0 |  39.9  | 1.1  |  -5.9   |  -6.2   |
| 半导体 | 688126 | 沪硅产业-U | 604.7  | -997.8 | 1.1  |  -2.8   |  -4.7   |
| 半导体 | 688508 |   芯朋微   |  79.3  |  59.0  | 0.9  |  -5.7   |  -2.4   |
| 半导体 | 688259 |  创耀科技  |  60.3  |  59.2  | 0.9  |  -3.4   |  -7.5   |
| 半导体 | 300706 |   阿石创   |  36.5  | 153.8  | 0.8  |  -5.5   |  -11.2  |
| 半导体 | 688728 |   格科微   | 491.5  |  50.9  | 0.8  |  -3.6   |  -5.2   |
| 半导体 | 688661 |  和林微纳  |  46.3  |  59.9  | 0.8  |  -3.7   |  -8.9   |
| 半导体 | 688209 |   英集芯   | 109.5  |  47.1  | 0.8  |  -10.6  |  -4.5   |
| 半导体 | 688052 |   纳芯微   | 381.7  | 113.2  | 0.8  |   1.6   |   1.9   |
| 半导体 | 688045 |   必易微   |  42.2  |  36.1  | 0.7  |  -8.0   |  -10.7  |
| 半导体 | 688048 |  长光华芯  | 154.3  | 139.6  | 0.7  |  -4.6   |  -0.2   |
| 半导体 | 300456 |  赛微电子  | 130.1  | 137.8  | 0.7  |  -6.0   |  -0.4   |
| 半导体 | 300373 |  扬杰科技  | 337.3  |  30.5  | 0.7  |  -5.1   |  -4.6   |
| 半导体 | 300623 |  捷捷微电  | 174.2  |  43.4  | 0.6  |  -4.9   |  -1.4   |
| 半导体 | 001270 |  铖昌科技  | 104.3  | 246.3  | 0.6  |  -16.2  |  -16.0  |
| 半导体 | 600667 |  太极实业  | 152.3  |  21.7  | 0.6  |  -2.0   |  -2.7   |
| 半导体 | 603986 |  兆易创新  | 876.3  |  31.9  | 0.5  |  -5.5   |  -6.2   |
| 半导体 | 688216 |  XD气派科  |  28.3  | -116.0 | 0.5  |  -3.4   |  -9.0   |
| 半导体 | 688279 |  峰岹科技  |  64.8  |  42.5  | 0.3  |  -3.5   |  -5.1   |
| 半导体 | 688270 |  臻镭科技  |  71.2  | 257.3  | 0.2  |   7.7   |  -3.2   |
| 半导体 | 603933 |  睿能科技  |  22.9  |  24.9  | 0.2  |   0.4   |  -3.0   |
| 半导体 | 600360 |  华微电子  |  70.4  |  68.5  | 0.1  |  -4.6   |  -6.2   |
| 半导体 | 002156 |  通富微电  | 198.0  |  30.1  | 0.1  |  -1.8   |  -2.4   |
| 半导体 | 002185 |  华天科技  | 291.3  |  35.2  | 0.1  |  -1.7   |  -3.9   |
| 半导体 | 300139 |  晓程科技  |  23.9  | -11.9  | 0.1  |  -1.6   |  -6.4   |
| 半导体 | 688262 |  XD国芯科  | 111.7  | 9088.9 | 0.0  |  -5.8   |  -8.3   |
| 半导体 | 688332 |  中科蓝讯  |  82.5  |  51.4  | 0.0  |   0.0   |   0.0   |
| 半导体 | 300493 |  润欣科技  |  34.0  |  65.2  | 0.0  |  -1.6   |  -3.2   |
| 半导体 | 000670 |  *ST盈方   |  18.4  | 120.7  | 0.0  |   0.0   |   0.0   |
| 半导体 | 603068 |  博通集成  |  56.9  | 401.2  | -0.1 |  -1.5   |  -9.3   |
| 半导体 | 300077 |  国民技术  | 105.0  | 106.7  | -0.1 |  -6.0   |  -2.4   |
| 半导体 | 002049 |  紫光国微  | 1268.0 |  59.7  | -0.3 |   3.5   |   7.0   |
| 半导体 | 300671 |   富满微   | 147.8  |  66.5  | -0.3 |  -9.9   |  -6.0   |
| 半导体 | 688123 |  聚辰股份  | 122.8  |  53.6  | -0.7 |  -9.6   |  -4.8   |
| 半导体 | 300223 |  北京君正  | 467.8  |  50.5  | -0.8 |  -4.3   |  -5.0   |
| 半导体 | 002079 |  苏州固锝  | 104.4  |  44.1  | -1.0 |  -3.8   |  -11.6  |
| 半导体 | 688167 |  炬光科技  | 128.7  | 159.6  | -1.0 |  -1.4   |  -5.6   |
| 半导体 | 600198 |  大唐电信  |  86.6  | -49.9  | -1.1 |  -1.8   |  -4.9   |
| 半导体 | 600877 |  声光电科  | 129.8  | 102.9  | -1.1 |  -0.9   |  -3.0   |
| 半导体 | 002409 |  雅克科技  | 243.9  |  41.0  | -1.1 |  -5.8   |  -8.5   |
| 半导体 | 300613 |   富瀚微   | 181.7  |  44.7  | -1.2 |  -2.0   |  -5.1   |
| 半导体 | 688213 |  思特威-W  | 219.2  | 388.4  | -1.2 |  -6.9   |  -1.4   |
| 半导体 | 300053 |   欧比特   |  54.2  | 169.5  | -1.3 |  -6.5   |  -8.3   |
| 半导体 | 688002 |  睿创微纳  | 161.9  | 283.4  | -1.3 |  -6.2   |  -12.6  |
| 半导体 | 605588 |  冠石科技  |  23.6  |  26.5  | -1.5 |  -1.9   |  -8.8   |
| 半导体 | 688981 |  中芯国际  | 3442.0 |  30.3  | -1.7 |  -2.8   |  -5.4   |
| 半导体 | 300831 |  派瑞股份  |  46.0  |  94.7  | -2.0 |  -0.7   |   3.2   |
| 半导体 | 002077 |  大港股份  |  42.8  |  56.0  | -3.0 |   2.1   |  16.2   |
| 半导体 | 688047 |  龙芯中科  | 356.5  | 244.7  | -3.4 |  -3.0   |  -14.1  |
| 半导体 | 300672 |   国科微   | 148.4  | -162.2 | -3.9 |  -5.0   |   3.5   |
| 半导体 | 300458 |  全志科技  | 180.8  |  58.9  | -5.0 |   0.1   |   5.2   |
+--------+--------+------------+--------+--------+------+---------+---------+
